    0.299252940714359283E+03    0.494830608367919922E+00    0.391436517238616943E+01    0.556218555521965086E+00   -0.355328524339454020E+03   -0.485202009141426682E+01    1
    0.289665612578392029E+03    0.710868775844573975E+00    0.358856916427612305E+01    0.399893034338951125E+00   -0.306365313544933656E+03   -0.485983259141427482E+01    1
    0.194850516319274902E+03    0.483321249485015869E+00    0.446262776851654053E+01    0.440076928067207329E+00   -0.298949629380030103E+03   -0.486764509141427837E+01    1
    0.282098537683486938E+03    0.813546061515808105E+00    0.361395597457885742E+01    0.338001618361473077E+00   -0.297158154662046229E+03   -0.487545759141427837E+01    1
    0.209451282024383545E+03   -0.144727772474288940E+01    0.473685383796691895E+01    0.431009706115722646E+00   -0.296353483027827167E+03   -0.488327009141427215E+01    1
    0.214884082973003387E+03    0.693317651748657227E+00    0.403800070285797119E+01    0.431142526316642793E+00   -0.296187698235388439E+03   -0.489108259141427038E+01    1
    0.254583968222141266E+03    0.674565792083740234E+00    0.391900539398193359E+01    0.331153548002243059E+00   -0.291816720853738900E+03   -0.489889509141427659E+01    1
    0.303534068167209625E+03    0.195546865463256836E+00    0.310391485691070557E+01    0.490120154356956494E+00   -0.284615526901267060E+03   -0.490670759141427038E+01    1
    0.148310180008411407E+03   -0.809545159339904785E+00    0.456778466701507568E+01    0.527243895220756542E+00   -0.265010986147429946E+03   -0.491452009141427393E+01    1
    0.204064789414405823E+03   -0.635315299034118652E+00    0.463771581649780273E+01    0.271560095500946064E+00   -0.262572088125996572E+03   -0.492233259141426949E+01    1
    0.345929305255413055E+03    0.415662527084350586E-01    0.286090910434722900E+01    0.350438884234428427E+00   -0.256612459442370493E+03   -0.493014509141426949E+01    1
    0.192590647935867310E+03    0.883223235607147217E+00    0.423136413097381592E+01    0.189646981000900272E+00   -0.255140661685150633E+03   -0.493795759141427482E+01    1
    0.249979366362094879E+03   -0.176583886146545410E+01    0.406800210475921631E+01    0.298941322803497334E+00   -0.253608365707506437E+03   -0.494577009141427482E+01    1
    0.346764612197875977E+03   -0.674247741699218750E-01    0.228216409683227539E+01    0.403450657367706300E+00   -0.234071422974182553E+03   -0.495358259141427215E+01    1
    0.251731278002262115E+03   -0.103341788053512573E+01    0.340747177600860596E+01    0.344586334204673772E+00   -0.233367557962740875E+03   -0.496139509141427393E+01    1
    0.318309070169925690E+03   -0.699851036071777344E+00    0.256301164627075195E+01    0.405038256239891092E+00   -0.232826832610050133E+03   -0.496920759141427215E+01    1
    0.149349576234817505E+03   -0.717883527278900146E+00    0.393261313438415527E+01    0.523907218408584563E+00   -0.231784345735720876E+03   -0.497702009141426860E+01    1
    0.251964160799980164E+03   -0.104772067070007324E+01    0.273590743541717529E+01    0.523895277214050270E+00   -0.231156988483514965E+03   -0.498483259141426771E+01    1
    0.253354483842849731E+03   -0.132449084520339966E+01    0.347156286239624023E+01    0.259255786299705526E+00   -0.219790474310348117E+03   -0.499264509141426949E+01    1
    0.184703062474727631E+03   -0.123495727777481079E+01    0.438230812549591064E+01    0.177644101667404186E+00   -0.216586845525642701E+03   -0.500045759141427038E+01    1
    0.238495783507823944E+03   -0.992922782897949219E-01    0.399277389049530029E+01    0.686277849912643456E-01   -0.216068896804757173E+03   -0.500827009141427038E+01    1
    0.348774619400501251E+03    0.550628602504730225E+00    0.292952120304107666E+01    0.259383898258209247E-01   -0.213337835851689022E+03   -0.501608259141426771E+01    1
    0.334318505227565765E+03    0.862719893455505371E+00    0.144457638263702393E+01    0.344713081455230719E+00   -0.206271421904321898E+03   -0.502389509141427126E+01    1
    0.342678789794445038E+03   -0.101669269800186157E+01    0.284800767898559570E+01    0.105670325732231146E+00   -0.198917130341207809E+03   -0.503170759141427926E+01    1
    0.165851947665214539E+03   -0.103532528877258301E+01    0.324502527713775635E+01    0.440808343291282656E+00   -0.193122471264136379E+03   -0.503952009141427748E+01    1
    0.160399150848388672E+03   -0.999983429908752441E+00    0.358663320541381836E+01    0.359955402159690852E+00   -0.192975217812069104E+03   -0.504733259141427748E+01    1
    0.187099951505661011E+03   -0.183267450332641602E+01    0.265960395336151123E+01    0.553575662112236078E+00   -0.192904582290554913E+03   -0.505514509141427215E+01    1
    0.231056328117847443E+03   -0.763472497463226318E+00    0.299042940139770508E+01    0.237119370460510265E+00   -0.186942122543390013E+03   -0.506295759141426593E+01    1
    0.184732258319854736E+03    0.292967379093170166E+00    0.379017651081085205E+01    0.387783127784728995E-01   -0.180460692343699208E+03   -0.507077009141427304E+01    1
    0.265540108084678650E+03    0.680938363075256348E+00    0.247224092483520508E+01    0.952996712207794250E-01   -0.179353622960217422E+03   -0.507858259141427304E+01    1
    0.184807440638542175E+03   -0.197531545162200928E+01    0.290153324604034424E+01    0.401756986570358299E+00   -0.177933923650699455E+03   -0.508639509141426860E+01    1
    0.309179635345935822E+03   -0.176100963354110718E+01    0.292992413043975830E+01    0.426650351285934454E-01   -0.176647638700976700E+03   -0.509420759141426771E+01    1
    0.343731395900249481E+03    0.446379184722900391E+00    0.301253199577331543E+00    0.532640462207794263E+00   -0.169549601374397753E+03   -0.510202009141427126E+01    1
    0.340911227464675903E+03   -0.907011806964874268E+00    0.994227528572082520E+00    0.422139377403259297E+00   -0.166198316538765283E+03   -0.510983259141427748E+01    1
    0.236415663361549377E+03   -0.112515854835510254E+01    0.196592688560485840E+01    0.385711978769302355E+00   -0.163967964733306928E+03   -0.511764509141427038E+01    1
    0.318268233537673950E+03   -0.958755373954772949E+00    0.136471569538116455E+01    0.345152005648612981E+00   -0.163208905057283886E+03   -0.512545759141426505E+01    1
    0.287512549757957458E+03   -0.848244607448577881E+00    0.198097407817840576E+01    0.223888185739517215E+00   -0.161090018099434673E+03   -0.513327009141426593E+01    1
    0.193659977614879608E+03   -0.161502933502197266E+01    0.186616837978363037E+01    0.539040908360481241E+00   -0.158833641547270872E+03   -0.514108259141427038E+01    1
    0.152071388065814972E+03   -0.102014309167861938E+01    0.322724759578704834E+01    0.254545872116088867E+00   -0.154777063242057892E+03   -0.514889509141427304E+01    1
    0.266808444261550903E+03   -0.149443703889846802E+01    0.235779881477355957E+01    0.130005763721466078E+00   -0.151961818065623959E+03   -0.515670759141427038E+01    1
    0.158513034880161285E+03   -0.181857573986053467E+01    0.382261931896209717E+01    0.450410940170288127E-01   -0.149167462156293993E+03   -0.516452009141426771E+01    1
    0.143928469717502594E+03    0.711362123489379883E+00    0.234721302986145020E+01    0.330757305049896255E+00   -0.148319642228053652E+03   -0.517233259141426593E+01    1
    0.148508542776107788E+03   -0.992337524890899658E+00    0.287431478500366211E+01    0.321878344559669516E+00   -0.147524740639651071E+03   -0.518014509141426593E+01    1
    0.283100356161594391E+03    0.145952641963958740E+00    0.222978770732879639E+01    0.952688970565795934E-02   -0.147457926624344225E+03   -0.518795759141426949E+01    1
    0.248601046204566956E+03   -0.151083928346633911E+01    0.115839838981628418E+01    0.482648412466049226E+00   -0.146365604365350237E+03   -0.519577009141427038E+01    1
    0.166453902423381805E+03   -0.169883406162261963E+01    0.334341824054718018E+01    0.117413808202743539E+00   -0.144679553852285522E+03   -0.520358259141426593E+01    1
    0.127998991310596466E+03   -0.190142560005187988E+01    0.426002204418182373E+01    0.251008003234863275E-01   -0.143390438641279758E+03   -0.521139509141426771E+01    1
    0.286192286014556885E+03   -0.187844532728195190E+01    0.181463479995727539E+01    0.190799067449569704E+00   -0.142494308865289241E+03   -0.521920759141426860E+01    1
    0.269510903954505920E+03    0.354690551757812500E+00    0.164973139762878418E+00    0.528911909508705147E+00   -0.136663478402559718E+03   -0.522702009141426593E+01    1
    0.172530460357666016E+03    0.389511704444885254E+00    0.141462981700897217E+01    0.456354277396202102E+00   -0.134180153771391417E+03   -0.523483259141426860E+01    1
    0.315358452498912811E+03    0.505239009857177734E+00    0.903194546699523926E+00    0.163855809044837958E+00   -0.133840460773276419E+03   -0.524264509141427393E+01    1
    0.236436718702316284E+03   -0.778353214263916016E+00    0.966634750366210938E+00    0.400144822955131541E+00   -0.127390232815599120E+03   -0.525045759141427482E+01    1
    0.170454779267311096E+03    0.851292788982391357E+00    0.932247042655944824E+00    0.383657752132415764E+00   -0.120638971798861377E+03   -0.525827009141427659E+01    1
    0.234635816514492035E+03   -0.142505043745040894E+01    0.976019501686096191E+00    0.370047690367698690E+00   -0.119497246681953456E+03   -0.526608259141428015E+01    1
    0.289794211089611053E+03   -0.373421370983123779E+00    0.249379873275756836E-01    0.451785132837295544E+00   -0.119039380583095408E+03   -0.527389509141427659E+01    1
    0.248909473419189453E+03    0.452733159065246582E+00    0.970449447631835938E+00    0.199588161921501167E+00   -0.117858160168783058E+03   -0.528170759141427126E+01    1
    0.173096768558025360E+03    0.467616915702819824E+00    0.553585290908813477E+00    0.531750433802604672E+00   -0.114177303221218921E+03   -0.528952009141427393E+01    1
    0.185387052595615387E+03   -0.667017757892608643E+00    0.155088841915130615E+01    0.228080909729003911E+00   -0.107336671841594068E+03   -0.529733259141427126E+01    1
    0.210600206255912781E+03   -0.449279785156250000E+00    0.673264861106872559E+00    0.333824588513374321E+00   -0.100091854242267459E+03   -0.530514509141426416E+01    1
    0.191089831292629242E+03    0.990242838859558105E+00    0.189995765686035156E+00    0.305591612863540640E+00   -0.998815689509904558E+02   -0.531295759141427038E+01    1
    0.275355061888694763E+03   -0.852156162261962891E+00    0.105935692787170410E+01    0.512381304502487200E-01   -0.991014720865383367E+02   -0.532077009141427038E+01    1
    0.180353739857673645E+03    0.224246144294738770E+00    0.127238929271697998E+01    0.192019150471687328E+00   -0.986933721513991600E+02   -0.532858259141426416E+01    1
    0.210625325143337250E+03    0.571359932422637939E+00   -0.564771890640258789E-01    0.404128473687171974E+00   -0.966331706097100636E+02   -0.533639509141427304E+01    1
    0.276826642453670502E+03    0.277164340019226074E+00    0.872455835342407227E+00    0.392592358589172359E-02   -0.964270370040836013E+02   -0.534420759141427837E+01    1
    0.196176399290561676E+03   -0.570239365100860596E+00    0.810378789901733398E+00    0.302532347059249862E+00   -0.948980670117345682E+02   -0.535202009141427126E+01    1
    0.175336198508739471E+03   -0.288242638111114502E+00    0.556029081344604492E+00    0.356153018760681173E+00   -0.865419249102083086E+02   -0.535983259141427126E+01    1
    0.311007480323314667E+03   -0.697330832481384277E+00   -0.520704984664916992E+00    0.299550289607048048E+00   -0.865159260008186237E+02   -0.536764509141427837E+01    1
    0.185573922097682953E+03   -0.788888752460479736E+00    0.137714207172393799E+01    0.978564856767654423E-01   -0.861772524596606360E+02   -0.537545759141427215E+01    1
    0.215721750259399414E+03   -0.133694005012512207E+01   -0.268982052803039551E+00    0.477573438906669645E+00   -0.833151058713077646E+02   -0.538327009141427126E+01    1
    0.308788743615150452E+03   -0.128495150804519653E+01   -0.118309199810028076E+01    0.485956771588325509E+00   -0.830813217797528409E+02   -0.539108259141427482E+01    1
    0.258921864628791809E+03    0.897809088230133057E+00   -0.919882059097290039E+00    0.283207980179786711E+00   -0.819633713669005743E+02   -0.539889509141427748E+01    1
    0.156332921981811523E+03    0.772443711757659912E+00    0.843881368637084961E+00    0.148239319539070130E+00   -0.816574652564279688E+02   -0.540670759141427926E+01    1
    0.307066081464290619E+03   -0.127036654949188232E+01   -0.433887839317321777E+00    0.259457319545745857E+00   -0.810170786204088529E+02   -0.541452009141427926E+01    1
    0.262989836931228638E+03    0.254334986209869385E+00   -0.147442877292633057E+01    0.567428607773780791E+00   -0.808123884459426876E+02   -0.542233259141428015E+01    1
    0.285269324481487274E+03    0.583582222461700439E+00   -0.288847684860229492E+00    0.114047994875907902E+00   -0.804127821880388183E+02   -0.543014509141427837E+01    1
    0.151915471255779266E+03   -0.119657182693481445E+01    0.727231502532958984E+00    0.363701661944389354E+00   -0.775319006213432402E+02   -0.543795759141427748E+01    1
    0.188975660502910614E+03   -0.137733966112136841E+01    0.782680511474609375E-01    0.370177235269546545E+00   -0.737296957496563437E+02   -0.544577009141427748E+01    1
    0.260606077313423157E+03   -0.141762071847915649E+01   -0.303713083267211914E+00    0.232644117808341988E+00   -0.700983819475166285E+02   -0.545358259141427038E+01    1
    0.246005915105342865E+03    0.848750948905944824E+00   -0.135262012481689453E+01    0.318495438265800512E+00   -0.682023307258229465E+02   -0.546139509141426327E+01    1
    0.177990311384201050E+03   -0.538053929805755615E+00   -0.630041956901550293E+00    0.490287842845916755E+00   -0.655843427781120596E+02   -0.546920759141426149E+01    1
    0.224378177523612976E+03    0.403063833713531494E+00   -0.423200726509094238E+00    0.201088828897476202E+00   -0.649601172667863409E+02   -0.547702009141426238E+01    1
    0.304175665974617004E+03   -0.197950309514999390E+01   -0.182146191596984863E+01    0.517282721328735318E+00   -0.641246739537769770E+02   -0.548483259141427393E+01    1
    0.242990589141845703E+03   -0.118091773986816406E+01   -0.124794423580169678E+01    0.456375566840171831E+00   -0.623444631243148564E+02   -0.549264509141427659E+01    1
    0.257035480439662933E+03    0.167410671710968018E+00   -0.761472582817077637E+00    0.202616073560714732E+00   -0.623163468857597209E+02   -0.550045759141427482E+01    1
    0.172736386954784393E+03   -0.418756783008575439E+00   -0.416243076324462891E+00    0.405239243602752708E+00   -0.616532849423651328E+02   -0.550827009141427482E+01    1
    0.286289717257022858E+03    0.116709947586059570E+00   -0.962302088737487793E+00    0.179306725358963026E+00   -0.609554461008309971E+02   -0.551608259141426771E+01    1
    0.274277886748313904E+03   -0.150019913911819458E+01   -0.109274148941040039E+01    0.301105135488510145E+00   -0.586316061897682985E+02   -0.552389509141426327E+01    1
    0.335811489820480347E+03   -0.192535877227783203E+00   -0.162279427051544189E+01    0.230437248587608334E+00   -0.562967811068036497E+02   -0.553170759141427304E+01    1
    0.219282127916812897E+03    0.471400797367095947E+00   -0.161737501621246338E+01    0.434368627667427065E+00   -0.552264624062751679E+02   -0.553952009141427837E+01    1
    0.237555213272571564E+03   -0.125937342643737793E+01    0.153553485870361328E-01    0.291232087612152100E-01   -0.550333492498562862E+02   -0.554733259141427215E+01    1
    0.254507552087306976E+03   -0.154448956251144409E+01   -0.569626092910766602E+00    0.140085906028747570E+00   -0.528720995750027143E+02   -0.555514509141427126E+01    1
    0.337038560211658478E+03    0.829187631607055664E+00   -0.205607175827026367E+01    0.127138546442985528E+00   -0.519437554796058194E+02   -0.556295759141427038E+01    1
    0.133461149036884308E+03   -0.953080356121063232E+00   -0.303468704223632812E+00    0.440627007722854624E+00   -0.502956313592536119E+02   -0.557077009141426682E+01    1
    0.235523614287376404E+03   -0.114728552103042603E+01   -0.576993227005004883E+00    0.141386029171943678E+00   -0.502327778581828710E+02   -0.557858259141426949E+01    1
    0.186333389580249786E+03    0.598870992660522461E+00   -0.278297066688537598E+00    0.487992949962616010E-01   -0.497641749489546825E+02   -0.558639509141427038E+01    1
    0.317743687331676483E+03   -0.169203162193298340E+00   -0.177663505077362061E+01    0.231101997828483591E+00   -0.497390486353945818E+02   -0.559420759141427038E+01    1
    0.329909785091876984E+03    0.739494740962982178E+00   -0.240239441394805908E+01    0.231324922871589678E+00   -0.492420681718573761E+02   -0.560202009141427748E+01    1
    0.177431634068489075E+03    0.591985940933227539E+00   -0.525854825973510742E+00    0.143722170352935802E+00   -0.488467530523994213E+02   -0.560983259141427482E+01    1
    0.226050508022308350E+03   -0.191951370239257812E+01   -0.448948144912719727E+00    0.124952045488357547E+00   -0.472872161014002401E+02   -0.561764509141427304E+01    1
    0.339138488471508026E+03   -0.174103826284408569E+01   -0.168740034103393555E+01    0.187971324348449709E+00   -0.457551071307193737E+02   -0.562545759141427126E+01    1
    0.138272508978843689E+03   -0.130486565828323364E+01   -0.115305185317993164E-01    0.273318453454971300E+00   -0.448550441850176966E+02   -0.563327009141427126E+01    1
    0.222613324224948883E+03   -0.136207771301269531E+01   -0.192075192928314209E+01    0.504162657952308635E+00   -0.447175732922163149E+02   -0.564108259141427304E+01    1
    0.247706167399883270E+03    0.199441432952880859E+00   -0.256538927555084229E+01    0.508265618276596109E+00   -0.431595227917800486E+02   -0.564889509141427038E+01    1
    0.167109581828117371E+03   -0.536066591739654541E+00   -0.476619005203247070E+00    0.216967239975929260E+00   -0.425708187281643831E+02   -0.565670759141426860E+01    1
    0.317254774272441864E+03   -0.166233491897583008E+01   -0.305144786834716797E+01    0.559729642009735073E+00   -0.419921635159543172E+02   -0.566452009141426682E+01    1
    0.255883136391639709E+03   -0.427946746349334717E+00   -0.178526401519775391E+01    0.281522190570831332E+00   -0.410791182677775950E+02   -0.567233259141426682E+01    1
    0.223200942575931549E+03   -0.627201616764068604E+00   -0.475124120712280273E+00    0.603736560344696107E-02   -0.410341894186134439E+02   -0.568014509141426771E+01    1
    0.340295673906803131E+03    0.928085505962371826E+00   -0.300949871540069580E+01    0.209886213970184338E+00   -0.406822899465707835E+02   -0.568795759141426771E+01    1
    0.348419991135597229E+03    0.663328588008880615E+00   -0.303868234157562256E+01    0.286946085834503206E+00   -0.406184248260965006E+02   -0.569577009141426771E+01    1
    0.330265499651432037E+03   -0.194584155082702637E+01   -0.207193255424499512E+01    0.251065866851806652E+00   -0.405683448523110144E+02   -0.570358259141427038E+01    1
    0.193763819336891174E+03   -0.177407431602478027E+01   -0.827165246009826660E+00    0.240370548319816607E+00   -0.403237078890829324E+02   -0.571139509141427126E+01    1
    0.141972951591014862E+03   -0.168415594100952148E+01   -0.505436062812805176E+00    0.346529030084610001E+00   -0.399656466479000727E+02   -0.571920759141427038E+01    1
    0.145892289280891418E+03    0.835478305816650391E-03   -0.474688410758972168E+00    0.234729800963401791E+00   -0.397399212933839294E+02   -0.572702009141427482E+01    1
    0.133816246688365936E+03   -0.944782495498657227E+00   -0.383684039115905762E+00    0.302531528234481817E+00   -0.386039977043412179E+02   -0.573483259141427482E+01    1
    0.185841593146324158E+03   -0.188394117355346680E+01   -0.107997536659240723E+01    0.291051912045478811E+00   -0.370738435448334300E+02   -0.574264509141427038E+01    1
    0.161877182126045227E+03   -0.170956397056579590E+01   -0.760673880577087402E+00    0.287232538032531737E+00   -0.368644814397253171E+02   -0.575045759141426860E+01    1
    0.349412073194980621E+03   -0.138405734300613403E+01   -0.183482050895690918E+01    0.759610772609710660E-01   -0.367443553791815702E+02   -0.575827009141427304E+01    1
    0.152717424929141998E+03   -0.171999830007553101E+01   -0.107049942016601562E-02    0.985446737766265957E-01   -0.363562998072279129E+02   -0.576608259141427304E+01    1
    0.202552962303161621E+03   -0.156185668706893921E+01   -0.163573324680328369E+01    0.370896265769004807E+00   -0.357812103035637321E+02   -0.577389509141427215E+01    1
    0.187943010032176971E+03   -0.443136453628540039E+00   -0.180124521255493164E+01    0.409452779388427723E+00   -0.355130877038797053E+02   -0.578170759141427126E+01    1
    0.221397358179092407E+03   -0.190446794033050537E+01   -0.118336141109466553E+01    0.186201809906959531E+00   -0.354656472231744928E+02   -0.578952009141427215E+01    1
    0.238019262254238129E+03    0.981904208660125732E+00   -0.214988887310028076E+01    0.984512595176696842E-01   -0.350347369901034043E+02   -0.579733259141427038E+01    1
    0.297391688823699951E+03   -0.172735774517059326E+01   -0.166859149932861328E+01    0.118714067816734312E+00   -0.349499818982009103E+02   -0.580514509141426771E+01    1
    0.309178227186203003E+03   -0.112767124176025391E+01   -0.340805709362030029E+01    0.554605811905860890E+00   -0.349437112837549080E+02   -0.581295759141427393E+01    1
    0.278525365889072418E+03    0.288196980953216553E+00   -0.332953631877899170E+01    0.514785305786132796E+00   -0.348430553289844482E+02   -0.582077009141427482E+01    1
    0.134010130167007446E+03    0.849001109600067139E+00   -0.386005640029907227E+00    0.998659157752990710E-02   -0.343330562447312104E+02   -0.582858259141427570E+01    1
    0.210843053460121155E+03   -0.114203929901123047E+00   -0.196011543273925781E+01    0.339265133213996872E+00   -0.336798077659625221E+02   -0.583639509141427126E+01    1
    0.244500270485877991E+03   -0.187748348712921143E+01   -0.183471679687500000E+01    0.275311336469650281E+00   -0.334324152550798814E+02   -0.584420759141426860E+01    1
    0.304064595699310303E+03   -0.513125658035278320E+00   -0.188696444034576416E+01    0.828249441146850646E-01   -0.331721817795127194E+02   -0.585202009141427393E+01    1
    0.137984640896320343E+03   -0.155814075469970703E+01   -0.621123909950256348E+00    0.275294823503494268E+00   -0.321477627086860664E+02   -0.585983259141427748E+01    1
    0.291720184683799744E+03   -0.520494937896728516E+00   -0.280161440372467041E+01    0.350594904470443725E+00   -0.317416632515155577E+02   -0.586764509141427215E+01    1
    0.284087918698787689E+03   -0.686721622943878174E+00   -0.209200084209442139E+01    0.170061101961135858E+00   -0.314931871927086959E+02   -0.587545759141427215E+01    1
    0.309259162843227386E+03    0.812873899936676025E+00   -0.366017758846282959E+01    0.342153025817871104E+00   -0.310131737462066290E+02   -0.588327009141427304E+01    1
    0.215932504832744598E+03   -0.100384777784347534E+01   -0.186342120170593262E+01    0.294348807621002184E+00   -0.309739623087889377E+02   -0.589108259141427215E+01    1
    0.179887573594299681E+03   -0.102998813119693611E+01   -0.134832632011041342E+01    0.255119638806829085E+00   -0.307202207602893154E+02   -0.589889509141427570E+01    1
    0.198420523107051849E+03   -0.793279170989990234E+00   -0.161855340003967285E+01    0.265784446763992321E+00   -0.306260384246179882E+02   -0.590670759141427304E+01    1
    0.132383893430233002E+03    0.692331850528717041E+00   -0.509061813354492188E+00    0.439254452705383283E-01   -0.306004827503977168E+02   -0.591452009141427748E+01    1
    0.155503877997398376E+03    0.360984086990356445E+00   -0.182013809680938721E+01    0.394795133686065669E+00   -0.299628499459293884E+02   -0.592233259141427659E+01    1
    0.185730294883251190E+03   -0.131601202487945557E+01   -0.224932372570037842E+01    0.494627921175956720E+00   -0.299238269480794550E+02   -0.593014509141427659E+01    1
    0.139306795597076416E+03    0.636200726032257080E+00   -0.465127229690551758E+00    0.869967198371887195E-03   -0.298868045243634484E+02   -0.593795759141427748E+01    1
    0.253724843263626099E+03   -0.876918315887451172E+00   -0.256363749504089355E+01    0.359856017303466835E+00   -0.297753071201998019E+02   -0.594577009141426949E+01    1
    0.306257489323616028E+03    0.129699707031250000E+00   -0.273724496364593506E+01    0.215957219624519359E+00   -0.296301276386236978E+02   -0.595358259141426593E+01    1
    0.130095352232456207E+03    0.732440352439880371E+00   -0.152410924434661865E+01    0.320996402049064655E+00   -0.294481318279730893E+02   -0.596139509141426860E+01    1
    0.169931936264038086E+03    0.129081726074218750E+00   -0.246889650821685791E+01    0.531801439762115469E+00   -0.289976608248419723E+02   -0.596920759141426593E+01    1
    0.137322403490543365E+03    0.128830492496490479E+00   -0.122909545898437500E+01    0.290254206132888826E+00   -0.276348010589989315E+02   -0.597702009141426682E+01    1
    0.167148111760616302E+03   -0.168459975719451904E+01   -0.885421633720397949E+00    0.133824557733535771E+00   -0.266467307347319000E+02   -0.598483259141427570E+01    1
    0.338725401461124420E+03    0.752361834049224854E+00   -0.450423598289489746E+01    0.460990838527679470E+00   -0.264706628275883737E+02   -0.599264509141427126E+01    1
    0.289259231090545654E+03   -0.411978662014007568E+00   -0.288606286048889160E+01    0.275710138249397274E+00   -0.259017468250714664E+02   -0.600045759141427215E+01    1
    0.334929338097572327E+03   -0.104040521383285522E+01   -0.392245233058929443E+01    0.479496141815185573E+00   -0.250426798578842273E+02   -0.600827009141427126E+01    1
    0.340840604901313782E+03    0.575102686882019043E+00   -0.406253755092620850E+01    0.353187133097648653E+00   -0.244815407625891268E+02   -0.601608259141427038E+01    1
    0.193726459166526695E+03   -0.390709696531144512E+00   -0.176741518409727361E+01    0.190361241827287780E+00   -0.242552556023245955E+02   -0.602389509141427926E+01    1
    0.224133667349815369E+03   -0.152193039655685425E+01   -0.229041516780853271E+01    0.289596348667144787E+00   -0.241965628269950557E+02   -0.603170759141427570E+01    1
    0.239240780472755432E+03    0.777775228023529053E+00   -0.401049196720123291E+01    0.496149468183517461E+00   -0.236462172060485116E+02   -0.603952009141427215E+01    1
    0.342930461466312408E+03    0.411484181880950928E+00   -0.434832990169525146E+01    0.453323875164985679E+00   -0.233299123966497248E+02   -0.604733259141427837E+01    1
    0.256262145936489105E+03   -0.177906054258346558E+01   -0.314915478229522705E+01    0.434829898953437821E+00   -0.230261062836944390E+02   -0.605514509141427748E+01    1
    0.321604137122631073E+03   -0.138009786605834961E-01   -0.428684115409851074E+01    0.516452774190902741E+00   -0.230252989357604889E+02   -0.606295759141427126E+01    1
    0.329701055586338043E+03   -0.109415256977081299E+01   -0.245995640754699707E+01    0.245224029779434229E-01   -0.219545238776892013E+02   -0.607077009141427482E+01    1
    0.201245224475860596E+03    0.578020572662353516E+00   -0.236289978027343750E+01    0.173455676507949824E+00   -0.218422981790808279E+02   -0.607858259141427482E+01    1
    0.311580252647399902E+03   -0.153060555458068848E-01   -0.399480164051055908E+01    0.429928140950202931E+00   -0.218112129305114415E+02   -0.608639509141426860E+01    1
    0.164033037196443985E+03   -0.179904752223888709E+01   -0.928853041912138799E+00    0.520344371419092649E-01   -0.210655139125454447E+02   -0.609420759141427393E+01    1
    0.269469004573926895E+03    0.731323022338501882E+00   -0.295224712231734587E+01    0.616396985619349566E-01   -0.204603219671249441E+02   -0.610202009141427393E+01    1
    0.166688635945320129E+03    0.351289868354797363E+00   -0.215037465095520020E+01    0.264398074078559864E+00   -0.204535277378145253E+02   -0.610983259141426860E+01    1
    0.169677166640758514E+03   -0.165610986948013306E+01   -0.167072236537933350E+01    0.227618921971321109E+00   -0.204370498639257647E+02   -0.611764509141427482E+01    1
    0.247766497142590424E+03    0.958843900387088777E+00   -0.397798047441693381E+01    0.323942217026810475E+00   -0.204157451400903511E+02   -0.612545759141427215E+01    1
    0.335138295590877533E+03    0.441492915153503418E+00   -0.458088040351867676E+01    0.458112737703323392E+00   -0.201421979469618826E+02   -0.613327009141427215E+01    1
    0.240372697588656223E+03   -0.161641424090228192E+00   -0.362084670901495098E+01    0.478112501356433017E+00   -0.200762821826604032E+02   -0.614108259141427126E+01    1
    0.220696362853050232E+03    0.948727607727050781E+00   -0.449605584144592285E+01    0.547711239123344407E+00   -0.200356178701171466E+02   -0.614889509141426327E+01    1
    0.275330613553524017E+03    0.840737044811248779E+00   -0.459367632865905762E+01    0.459830325007438701E+00   -0.199311342405141936E+02   -0.615670759141427038E+01    1
    0.224754357337951660E+03   -0.183825796842575073E+01   -0.325003981590270996E+01    0.486457789993286149E+00   -0.199041497566121244E+02   -0.616452009141426771E+01    1
    0.173101489245891571E+03   -0.154396545886993408E+01   -0.116417348384857178E+01    0.481771587610244773E-01   -0.198624881481958511E+02   -0.617233259141426593E+01    1
    0.323897172173062245E+03   -0.195444515593125012E+01   -0.383785529793139002E+01    0.408062503294121415E+00   -0.196256533206560988E+02   -0.618014509141427659E+01    1
    0.257056413632435579E+03   -0.115481937571206217E+01   -0.205825105909486394E+01    0.173016380634750076E-01   -0.191860361836468094E+02   -0.618795759141427215E+01    1
    0.182083469629287720E+03    0.357845187187194824E+00   -0.315821349620819092E+01    0.456177445363998402E+00   -0.191286699610904378E+02   -0.619577009141426949E+01    1
    0.317757111787796021E+03   -0.188358461856842041E+01   -0.347476422786712646E+01    0.300861944532394399E+00   -0.189560211261702847E+02   -0.620358259141426771E+01    1
    0.252018448710441589E+03    0.364786386489868164E-02   -0.406003057956695557E+01    0.529146843981742832E+00   -0.186922084821384189E+02   -0.621139509141426327E+01    1
    0.294919135376647546E+03   -0.111207973230650503E+01   -0.331579234919311228E+01    0.269726745140494606E+00   -0.185947647332884785E+02   -0.621920759141426949E+01    1
    0.323820620775222778E+03   -0.151184421777725220E+01   -0.434633135795593262E+01    0.505408329248428378E+00   -0.183453252149065698E+02   -0.622702009141427304E+01    1
    0.321264851093292236E+03    0.466291546821594238E+00   -0.314436376094818115E+01    0.296225895166397114E-01   -0.179677602556813447E+02   -0.623483259141427393E+01    1
    0.210961084067821503E+03   -0.192743855714797974E+01   -0.194626629352569580E+01    0.109761310744285592E+00   -0.176146347156192355E+02   -0.624264509141427482E+01    1
    0.209587511420249939E+03   -0.583336949348449707E-01   -0.235492467880249023E+01    0.142331874132156366E+00   -0.173730899500466762E+02   -0.625045759141427126E+01    1
    0.322774854302406311E+03   -0.186920762062072754E+00   -0.301769673824310303E+01    0.477739899158477824E-01   -0.172104397914649638E+02   -0.625827009141426860E+01    1
    0.169878739252281434E+03   -0.992641300199237575E+00   -0.256858134601345789E+01    0.369098768552515499E+00   -0.165014930175588326E+02   -0.626608259141427304E+01    1
    0.274512647092342377E+03    0.628530323505401611E+00   -0.393319606781005859E+01    0.266973550915718061E+00   -0.164569722037143507E+02   -0.627389509141427126E+01    1
    0.242020997405052185E+03    0.181063294410705566E+00   -0.335590600967407227E+01    0.280300231075286899E+00   -0.163330999020240206E+02   -0.628170759141427304E+01    1
    0.309472677000592000E+03   -0.585031773688240442E+00   -0.329987545855401887E+01    0.151207488859759459E+00   -0.163213461295761455E+02   -0.628952009141427304E+01    1
    0.294781228899955750E+03   -0.776798427104949951E+00   -0.272966206073760986E+01    0.353769829273223868E-01   -0.162968362333299588E+02   -0.629733259141426682E+01    1
    0.299294494698304561E+03   -0.701919376562942787E+00   -0.357567561724117899E+01    0.254738670673907874E+00   -0.161427968536003021E+02   -0.630514509141426771E+01    1
    0.312197710573673248E+03   -0.122350817918777466E+01   -0.378302156925201416E+01    0.301596942114830013E+00   -0.159674254492391761E+02   -0.631295759141427393E+01    1
    0.322753650379973465E+03   -0.123668237764553002E+01   -0.367390684257353062E+01    0.244311523615120263E+00   -0.156887269963601259E+02   -0.632077009141427393E+01    1
    0.139668682993391627E+03   -0.541399096791699064E+00   -0.182132960186591353E+01    0.236264450027244027E+00   -0.155177762776538444E+02   -0.632858259141427215E+01    1
    0.175574713945388794E+03   -0.525510489940643311E+00   -0.230151414871215820E+01    0.216313613104820252E+00   -0.154674795630391682E+02   -0.633639509141427126E+01    1
    0.282609806954860687E+03    0.441906332969665527E+00   -0.304324924945831299E+01    0.312344801902771016E-01   -0.154670124964039069E+02   -0.634420759141426949E+01    1
    0.306761955652208371E+03   -0.897534209685063589E+00   -0.286735112487231936E+01    0.279284834131980977E-01   -0.154369784136432990E+02   -0.635202009141426949E+01    1
    0.153051480650901794E+03    0.912798523902893066E+00   -0.318336009979248047E+01    0.306533363699913020E+00   -0.154293185229140679E+02   -0.635983259141426771E+01    1
    0.295982201397418976E+03   -0.102343595027923584E+01   -0.374363780021667480E+01    0.297231650805473313E+00   -0.150418043780147173E+02   -0.636764509141426682E+01    1
    0.326156878471374512E+03   -0.105381768941879272E+01   -0.413325250148773193E+01    0.334397902321815488E+00   -0.147668984713651916E+02   -0.637545759141426593E+01    1
    0.193690964443204876E+03    0.167921064987730517E+00   -0.230510805546195252E+01    0.801522169858794320E-01   -0.144341221209002502E+02   -0.638327009141426771E+01    1
    0.255183482170104980E+03   -0.166809988021850586E+01   -0.268194794654846191E+01    0.954970079898834201E-01   -0.141614505487733684E+02   -0.639108259141427304E+01    1
    0.327308873832225800E+03   -0.195897936820983887E+00   -0.319956243038177490E+01    0.984223959445953457E-02   -0.140640842724310584E+02   -0.639889509141427215E+01    1
    0.255668659399189323E+03   -0.158120735835620740E+01   -0.407893376338166469E+01    0.485489650573601217E+00   -0.140497910880218768E+02   -0.640670759141427126E+01    1
    0.332862122225820769E+03   -0.200255546952064378E+00   -0.395877356697430605E+01    0.206805349200493399E+00   -0.139163246556756413E+02   -0.641452009141427126E+01    1
    0.147820287942886353E+03   -0.805183887481689453E+00   -0.137169778347015381E+01    0.180323296308517456E-01   -0.133612515212925196E+02   -0.642233259141426949E+01    1
    0.313090599740477728E+03   -0.853307593937266295E+00   -0.408788127075210372E+01    0.296732588235180728E+00   -0.132909717864014354E+02   -0.643014509141427215E+01    1
    0.185338222980499268E+03   -0.676647961139678955E+00   -0.215521812438964844E+01    0.783017219781875634E-01   -0.132230004064651041E+02   -0.643795759141427748E+01    1
    0.166610507368873158E+03    0.924191726532297864E+00   -0.381629701158635770E+01    0.347719285829418856E+00   -0.130563767518359555E+02   -0.644577009141427570E+01    1
    0.141609632968902588E+03   -0.986450254917144775E+00   -0.140717446804046631E+01    0.394639420509338423E-01   -0.125616478825124798E+02   -0.645358259141426771E+01    1
    0.257064220309257507E+03   -0.169231057167053223E+01   -0.264418721199035645E+01    0.327693331003189106E-01   -0.125384991295726707E+02   -0.646139509141426860E+01    1
    0.258454142489912101E+03    0.225236025274168750E+00   -0.325726755214859631E+01    0.983661335288393696E-01   -0.125292071756555181E+02   -0.646920759141426949E+01    1
    0.262778492271900177E+03   -0.199471336603164673E+01   -0.311692118644714355E+01    0.161484697222709667E+00   -0.124928263030266002E+02   -0.647702009141426327E+01    1
    0.272373732924461365E+03   -0.105665349960327148E+01   -0.406279981136322021E+01    0.367819156408309922E+00   -0.124882661070033958E+02   -0.648483259141426416E+01    1
    0.185998414543934018E+03   -0.171316947353640314E+01   -0.368280979360901073E+01    0.537868906934375168E+00   -0.124580711134273585E+02   -0.649264509141426593E+01    1
    0.184385873062315454E+03   -0.168701745705084027E+01   -0.367865207697519159E+01    0.538416352999537051E+00   -0.123965138975169786E+02   -0.650045759141426771E+01    1
    0.254438910209600635E+03    0.677909964554226363E-01   -0.306124634311825927E+01    0.591922260747014539E-01   -0.121863994955430375E+02   -0.650827009141426682E+01    1
    0.140910877287387848E+03   -0.477226257324218750E+00   -0.173133969306945801E+01    0.100754067707061773E+00   -0.121365311126165469E+02   -0.651608259141426682E+01    1
    0.315677482661405918E+03    0.301661987823452993E+00   -0.421652721401906483E+01    0.212238248352753150E+00   -0.120976207425299744E+02   -0.652389509141426860E+01    1
    0.145481050882684229E+03   -0.605517256761781919E+00   -0.245227601256739991E+01    0.294672540761252655E+00   -0.120627536573133192E+02   -0.653170759141427215E+01    1
    0.188436120748519897E+03   -0.130969166755676270E+01   -0.273754894733428955E+01    0.228670156502723709E+00   -0.120312214287141472E+02   -0.653952009141427570E+01    1
    0.180244989693164825E+03   -0.106234103441238403E+01   -0.334912359714508057E+01    0.417887152147293106E+00   -0.119237063838655892E+02   -0.654733259141427926E+01    1
    0.148360350728034973E+03    0.259562969207763672E+00   -0.366691052913665771E+01    0.568897545289993256E+00   -0.119046299371799087E+02   -0.655514509141427837E+01    1
    0.329428006708621979E+03   -0.135392898321151733E+01   -0.328661561012268066E+01    0.195786802053451552E-01   -0.118862341155415976E+02   -0.656295759141427215E+01    1
    0.317829625308513641E+03   -0.157334208488464355E-01   -0.374810934066772461E+01    0.103311359810829173E+00   -0.118791993948618888E+02   -0.657077009141427215E+01    1
    0.248218482732772827E+03   -0.853790521621704102E+00   -0.393030047416687012E+01    0.360351372170448325E+00   -0.116727727082600765E+02   -0.657858259141427482E+01    1
    0.129079157114028931E+03   -0.119964510202407837E+01   -0.257929623126983643E+01    0.427482993721961968E+00   -0.116461255735106306E+02   -0.658639509141427038E+01    1
    0.213370861113071442E+03    0.348511993885040283E+00   -0.321447193622589111E+01    0.174252870655059816E+00   -0.116426411370553193E+02   -0.659420759141426860E+01    1
    0.132042539665711985E+03   -0.178289426376120019E+01   -0.260300699059531349E+01    0.436852204459630356E+00   -0.115383094191614877E+02   -0.660202009141426860E+01    1
    0.271039655804634094E+03    0.370879828929901123E+00   -0.423071146011352539E+01    0.286913059902191181E+00   -0.113839361561263903E+02   -0.660983259141427215E+01    1
    0.259889176487922668E+03    0.242750167846679688E+00   -0.310835540294647217E+01    0.237674124240875272E-02   -0.110818478946886376E+02   -0.661764509141427659E+01    1
    0.143864624084532608E+03    0.240750275557473525E+00   -0.492380935064945824E+01    0.138816424155208201E+00   -0.110733653934201648E+02   -0.662545759141427837E+01    1
    0.297053810954093933E+03   -0.976055979728698730E+00   -0.398179113864898682E+01    0.239467282247543350E+00   -0.110412734080140904E+02   -0.663327009141427837E+01    1
    0.298228216171264648E+03    0.502649962902069092E+00   -0.402969419956207275E+01    0.120343017339706426E+00   -0.110102377583767037E+02   -0.664108259141427570E+01    1
    0.224864582717418671E+03    0.823709845542907715E+00   -0.409127712249755859E+01    0.183305114936828606E+00   -0.108123640419073652E+02   -0.664889509141427126E+01    1
    0.226991650345104688E+03    0.518571339167727352E+00   -0.442288923066331119E+01    0.401866884051768736E+00   -0.107899442960579321E+02   -0.665670759141426949E+01    1
    0.277298055613279985E+03    0.251664246628354071E+00   -0.367388446819618864E+01    0.100531584438870517E+00   -0.106173988632542180E+02   -0.666452009141427482E+01    1
    0.345768144726753235E+03   -0.267052650451660156E+00   -0.383772790431976318E+01    0.494834230899810837E-01   -0.105221063792957139E+02   -0.667233259141427837E+01    1
    0.264605693519115448E+03   -0.182689756155014038E+01   -0.356148183345794678E+01    0.208274289178848271E+00   -0.104727658098741880E+02   -0.668014509141427837E+01    1
    0.302488180994987488E+03   -0.188144940137863159E+01   -0.330179274082183838E+01    0.454155698776245106E-01   -0.103474788522686456E+02   -0.668795759141427659E+01    1
    0.126859709611321790E+03   -0.190956668340460856E+01   -0.235095694841729230E+01    0.349320478461466188E+00   -0.103032610633900461E+02   -0.669577009141427304E+01    1
    0.139794127471973866E+03   -0.403951965972513038E+00   -0.492446115384922134E+01    0.237789073403246870E+00   -0.101782697295983926E+02   -0.670358259141426682E+01    1
    0.258497861027717590E+03   -0.131942772865295410E+01   -0.441454112529754639E+01    0.429352131843566909E+00   -0.997668631183346832E+01   -0.671139509141426149E+01    1
    0.263162410259246826E+03    0.279692411422729492E-01   -0.370931267738342285E+01    0.145159241938591005E+00   -0.995171036572920720E+01   -0.671920759141426238E+01    1
    0.198990718417806335E+03   -0.205601167725629308E+00   -0.254093526649043921E+01    0.155456176063014182E-01   -0.991560282564669393E+01   -0.672702009141426149E+01    1
    0.264377236366271973E+03   -0.758976221084594727E+00   -0.365611135959625244E+01    0.168376950001716624E+00   -0.984341712306960304E+01   -0.673483259141427038E+01    1
    0.348752705752849579E+03   -0.944387853145599365E+00   -0.414302945137023926E+01    0.134828846311569217E+00   -0.979939155492832903E+01   -0.674264509141428192E+01    1
    0.237378658871995356E+03   -0.140003868028739076E+01   -0.329395838877168501E+01    0.158315280807409142E+00   -0.976392141454861573E+01   -0.675045759141427837E+01    1
    0.242506329715251923E+03   -0.593948662281036377E+00   -0.385120213031768799E+01    0.264885445404052733E+00   -0.961016792280404530E+01   -0.675827009141426771E+01    1
    0.221069615611039069E+03    0.427338832118548950E+00   -0.459263290676927038E+01    0.452792922906881945E+00   -0.957909421418504259E+01   -0.676608259141426949E+01    1
    0.230704152018449093E+03    0.384671306951887892E+00   -0.334137982768720088E+01    0.700838014677216126E-01   -0.952282166936906371E+01   -0.677389509141427126E+01    1
    0.287535329116584535E+03   -0.105854411012011962E+01   -0.355718570727630468E+01    0.880303994962525205E-01   -0.950499738739565103E+01   -0.678170759141426238E+01    1
    0.136777392029762268E+03   -0.205115795135498047E+00   -0.474276661872863770E+01    0.224444747757911678E+00   -0.932501703398342130E+01   -0.678952009141426061E+01    1
    0.186489748954772949E+03   -0.139641284942626953E+00   -0.283049464225769043E+01    0.103895795989036560E+00   -0.928086839948148246E+01   -0.679733259141426327E+01    1
    0.211600217486445985E+03   -0.600593543426364951E+00   -0.402898816852851294E+01    0.394437247646780398E+00   -0.921071487752280760E+01   -0.680514509141427482E+01    1
    0.197904264926910400E+03   -0.100372135639190674E+00   -0.338347852230072021E+01    0.224641948056221008E+00   -0.914312354860802046E+01   -0.681295759141427570E+01    1
    0.162281015242674670E+03    0.272981357641138622E+00   -0.328678320091603515E+01    0.287401551799689736E+00   -0.911743836073708103E+01   -0.682077009141426860E+01    1
    0.164423210363076521E+03   -0.117362553901905309E+01   -0.291783487642549577E+01    0.260080028794970608E+00   -0.910513156820752201E+01   -0.682858259141427482E+01    1
    0.171648963639520673E+03   -0.197582167523347785E+01   -0.340406500175115312E+01    0.400852721976022341E+00   -0.909478435874004276E+01   -0.683639509141427926E+01    1
    0.191955004632472992E+03   -0.723237395286560059E+00   -0.477451205253601074E+01    0.439664206266403221E-01   -0.907918139327715856E+01   -0.684420759141426682E+01    1
    0.260751238465309143E+03   -0.367305040359497070E+00   -0.407623350620269775E+01    0.245730302309989934E+00   -0.905014690859771598E+01   -0.685202009141426238E+01    1
    0.271536252250831240E+03   -0.796441741450947926E+00   -0.377613750841660156E+01    0.152111038872678073E+00   -0.904632777125216769E+01   -0.685983259141427304E+01    1
    0.193550288677215576E+03    0.986185014247894287E+00   -0.441762864589691162E+01    0.123734111881256104E+00   -0.900566226628131261E+01   -0.686764509141426860E+01    1
    0.149791309237480164E+03    0.726521253585815430E+00   -0.495513737201690674E+01    0.184153792691230778E+00   -0.894829874724669949E+01   -0.687545759141427038E+01    1
    0.161145244464448467E+03    0.171141046887357096E+00   -0.406995295524178680E+01    0.517046124511748029E+00   -0.880306142537629555E+01   -0.688327009141427482E+01    1
    0.270238603364060850E+03   -0.120577966964427841E+01   -0.437636104864683517E+01    0.332370113052631033E+00   -0.879834093890160318E+01   -0.689108259141427215E+01    1
    0.153796562422599948E+03   -0.187713864835838096E+01   -0.436156003775250234E+01    0.140552539193986387E+00   -0.872555021012915333E+01   -0.689889509141426771E+01    1
    0.217400322384003033E+03   -0.354809344929046144E+00   -0.370555374015769168E+01    0.247243327591179729E+00   -0.870611536438786082E+01   -0.690670759141425794E+01    1
    0.281221851347344682E+03   -0.454086503392009844E+00   -0.420235192150887915E+01    0.219798415545037651E+00   -0.870535963546117486E+01   -0.691452009141426860E+01    1
    0.204688992692739077E+03    0.157522801169403426E+00   -0.451223385773670582E+01    0.479244795751847197E+00   -0.865830421808101391E+01   -0.692233259141427748E+01    1
    0.203695533394375076E+03   -0.225970845397677200E+00   -0.371015193385500996E+01    0.281055588467921891E+00   -0.859118844530760839E+01   -0.693014509141427659E+01    1
    0.244961520441338564E+03   -0.288623283081753446E+00   -0.407471466648094616E+01    0.261433066231725852E+00   -0.856295991493914421E+01   -0.693795759141427570E+01    1
    0.134121048355915690E+03    0.130148328338179908E-01   -0.242366607169301140E+01    0.162222026475592113E+00   -0.845772100606218302E+01   -0.694577009141427482E+01    1
    0.193310644856702936E+03    0.383511291568239265E+00   -0.495871789369006510E+01    0.546334909392427112E-01   -0.838790665835630733E+01   -0.695358259141427304E+01    1
    0.195900614559650421E+03    0.452427387237548828E+00   -0.462301254272460938E+01    0.481409632945060728E+00   -0.838051757934621300E+01   -0.696139509141427038E+01    1
    0.146558807630350373E+03   -0.176125768107957348E+01   -0.262603349636759109E+01    0.237862751113483956E+00   -0.834554940743134566E+01   -0.696920759141427393E+01    1
    0.127027152886027366E+03   -0.942221406724509158E+00   -0.365375054540817512E+01    0.427437521855839470E-01   -0.829406083451243958E+01   -0.697702009141427038E+01    1
    0.128886601328849792E+03    0.861599445343017578E+00   -0.399823367595672607E+01    0.342099802207946779E+00   -0.827393730053327658E+01   -0.698483259141426505E+01    1
    0.151040879996471489E+03   -0.163349685867688610E+00   -0.457706067120612659E+01    0.160505482996204235E+00   -0.818272211816742256E+01   -0.699264509141427038E+01    1
    0.150744966758081802E+03    0.725842098570470995E+00   -0.462626557700687524E+01    0.134850475967355082E+00   -0.816850643748389693E+01   -0.700045759141427126E+01    1
    0.193345103674746440E+03   -0.128822185837297098E+01   -0.340702907493582696E+01    0.252913829897852882E+00   -0.815862629271483719E+01   -0.700827009141426593E+01    1
    0.293406086134582893E+03    0.343405307092015555E+00   -0.390668263214522415E+01    0.165104581845448364E-01   -0.812433187180312366E+01   -0.701608259141426682E+01    1
    0.136641336977481842E+03   -0.141770511865615845E+01   -0.449564039707183838E+01    0.270639770579338079E+00   -0.811616134297250547E+01   -0.702389509141426949E+01    1
    0.299593603305708939E+03   -0.118788332829121046E+00   -0.470092741645093337E+01    0.270621096513457282E+00   -0.806831501803594620E+01   -0.703170759141427393E+01    1
    0.154611929982849745E+03   -0.662529322627937622E+00   -0.384028638944153666E+01    0.498011457709983063E+00   -0.805491876624845382E+01   -0.703952009141427126E+01    1
    0.133706852793693542E+03    0.815336346626281738E+00   -0.383716881275177002E+01    0.332093490600585961E-01   -0.796206202439759458E+01   -0.704733259141426593E+01    1
    0.130831922640487051E+03   -0.156817152589156317E+01   -0.271495406821226037E+01    0.312977187990692074E+00   -0.790801087857261642E+01   -0.705514509141426505E+01    1
    0.163520477712154388E+03    0.351837217807769775E+00   -0.426153063774108887E+01    0.496765906763076803E+00   -0.790044044945812551E+01   -0.706295759141427038E+01    1
    0.177797572057637296E+03   -0.178188749201495678E+01   -0.386869907486635078E+01    0.438864637373001021E+00   -0.787307791475901642E+01   -0.707077009141427748E+01    1
    0.179513669618434506E+03   -0.861822491449850903E+00   -0.272241042766793884E+01    0.621938627962017945E-01   -0.785625056776111297E+01   -0.707858259141427659E+01    1
    0.230474578001027169E+03    0.114855836373256359E+00   -0.448690261643040333E+01    0.349661891960859950E+00   -0.783922488556044428E+01   -0.708639509141427038E+01    1
    0.283694103360176086E+03   -0.183027017116546631E+01   -0.401413559913635254E+01    0.174258363604545607E+00   -0.780679459669712195E+01   -0.709420759141427215E+01    1
    0.223562959631607953E+03   -0.158866781453269512E+01   -0.489265838160435518E+01    0.820043976285045884E-01   -0.776815075775504660E+01   -0.710202009141427038E+01    1
    0.348737175762653351E+03   -0.111303031444549561E+01   -0.485669851303100586E+01    0.248160267162323006E+00   -0.774952096243301636E+01   -0.710983259141426949E+01    1
    0.271384051442146301E+03    0.377805292606353760E+00   -0.431236684322357178E+01    0.149212390422821056E+00   -0.768120621889084543E+01   -0.711764509141427482E+01    1
    0.189079825922088020E+03    0.114445524181907565E-01   -0.423794966767795778E+01    0.409525739448324433E+00   -0.761264848895910085E+01   -0.712545759141426949E+01    1
    0.157140875351415048E+03   -0.891750927693038431E+00   -0.399336298219934260E+01    0.347285717732443155E-01   -0.755746973417348222E+01   -0.713327009141426505E+01    1
    0.241800327163318798E+03   -0.266940581508003927E+00   -0.469664352616970771E+01    0.393309608100934682E+00   -0.755437096138289554E+01   -0.714108259141426771E+01    1
    0.127392289042472839E+03    0.623948037624359131E+00   -0.267389774322509766E+01    0.757583840131759723E-01   -0.752652043794390213E+01   -0.714889509141426682E+01    1
    0.229458991767985623E+03    0.644959929179089286E+00   -0.398296213280184030E+01    0.446254134936920760E-01   -0.751149436584744024E+01   -0.715670759141426238E+01    1
    0.134529635910713097E+03   -0.141718553401465996E+00   -0.474522585739024194E+01    0.324941472901629225E+00   -0.751144319593887033E+01   -0.716452009141426149E+01    1
    0.217845163413934188E+03    0.643515845421352761E+00   -0.455278191519222197E+01    0.246599239128774211E+00   -0.750086895600408443E+01   -0.717233259141426416E+01    1
    0.174402015426185386E+03   -0.497666017727832699E+00   -0.315446357306294267E+01    0.174054626045865302E+00   -0.747720711926575188E+01   -0.718014509141426682E+01    1
    0.217126178580496912E+03   -0.535429858651232493E+00   -0.410372535180612275E+01    0.305021197561464397E+00   -0.743584944139643866E+01   -0.718795759141426505E+01    1
    0.157587600751343189E+03   -0.442975070551167027E+00   -0.339568252399344006E+01    0.304874942111973579E+00   -0.736921356214370071E+01   -0.719577009141426505E+01    1
    0.303672151484209053E+03   -0.172732045852488492E+01   -0.442909410459692232E+01    0.214919503312888144E+00   -0.733615928442682286E+01   -0.720358259141426771E+01    1
    0.192235134541988373E+03   -0.132284522056579590E+00   -0.326079130172729492E+01    0.114841947841644296E+00   -0.732718446580950822E+01   -0.721139509141426771E+01    1
    0.176383096645745781E+03   -0.115227965163934387E+01   -0.322869952814884442E+01    0.201507396970207309E+00   -0.727361624443810761E+01   -0.721920759141426682E+01    1
    0.215186410618971649E+03   -0.298573547056621980E+00   -0.402702052218159423E+01    0.267734698806124327E+00   -0.727263741677729936E+01   -0.722702009141426416E+01    1
    0.151248223113850514E+03   -0.123673160540620675E+01   -0.341366874609908910E+01    0.367083879668671065E+00   -0.726989089540081679E+01   -0.723483259141426949E+01    1
    0.181781798395299603E+03   -0.127273468987412386E+01   -0.274436714292428752E+01    0.399138446280631332E-01   -0.724734625486972917E+01   -0.724264509141427215E+01    1
    0.188843299104469054E+03   -0.114446361179620326E+01   -0.341674632521510979E+01    0.209652953022649496E+00   -0.724524976681352495E+01   -0.725045759141426771E+01    1
    0.300867979228496552E+03   -0.182217615842819214E+01   -0.495919942855834961E+01    0.367266893219947821E+00   -0.722233848971453796E+01   -0.725827009141427038E+01    1
    0.270445841550827026E+03   -0.112787258625030518E+01   -0.493426620960235596E+01    0.400498691725730938E+00   -0.717240014659247294E+01   -0.726608259141427482E+01    1
    0.326623521798605736E+03    0.937069863404804693E-01   -0.491523278002634978E+01    0.200642272377865388E+00   -0.715939132134750444E+01   -0.727389509141427393E+01    1
    0.270144455134868622E+03   -0.745544433593750000E-01   -0.472800970077514648E+01    0.286724320793151854E+00   -0.710101206580301181E+01   -0.728170759141427215E+01    1
    0.126504829083407913E+03    0.657800958720075268E+00   -0.360008507581786308E+01    0.334073071933953317E-01   -0.709354751782824700E+01   -0.728952009141427304E+01    1
    0.198893755211633732E+03    0.692826331277332841E+00   -0.427905263255343815E+01    0.150449961576355651E+00   -0.707937965622405585E+01   -0.729733259141427304E+01    1
    0.253419739758195249E+03   -0.152029214574252336E+01   -0.471377134361753569E+01    0.392244597348866963E+00   -0.706868021381947731E+01   -0.730514509141427570E+01    1
    0.188052154715249543E+03   -0.657119170781215844E+00   -0.373408394320487780E+01    0.267889015607211511E+00   -0.701573323028931295E+01   -0.731295759141427038E+01    1
    0.192227058392183153E+03   -0.152366190922630373E+00   -0.396955188025811623E+01    0.295056744720536890E+00   -0.693480216818879835E+01   -0.732077009141426949E+01    1
    0.180399273981454598E+03   -0.433911638892038543E+00   -0.448169842111910111E+01    0.490568518726819169E+00   -0.691442242134529828E+01   -0.732858259141427482E+01    1
    0.292685535694707937E+03    0.512340796671226784E-01   -0.444497922097676401E+01    0.128067273906997126E+00   -0.685057507509788355E+01   -0.733639509141427215E+01    1
    0.154092970260539118E+03    0.306137165339284145E+00   -0.433489292168749607E+01    0.126073224245796367E+00   -0.679583376658790517E+01   -0.734420759141426949E+01    1
    0.197935070097446442E+03   -0.829560160636901855E-01   -0.466736555099487305E+01    0.462301606392860442E+00   -0.676420546055734384E+01   -0.735202009141427038E+01    1
    0.287691229911688652E+03   -0.190155623285783326E+01   -0.491291779955222552E+01    0.355197809164773559E+00   -0.674238018644714199E+01   -0.735983259141427304E+01    1
    0.187943956267111901E+03    0.475991021450598240E+00   -0.390476617994955566E+01    0.172610862944638704E+00   -0.667411022314316948E+01   -0.736764509141427038E+01    1
    0.276569477173753569E+03   -0.136889809058062406E+01   -0.386077085983684842E+01    0.525302008608919957E-01   -0.663538595707926504E+01   -0.737545759141427038E+01    1
    0.126005592751317536E+03   -0.850968403020544217E+00   -0.247865621196513430E+01    0.156204573585571549E+00   -0.662187805368620808E+01   -0.738327009141427215E+01    1
    0.173407019907235963E+03   -0.114922031863217278E+01   -0.290903982426576269E+01    0.732429418318533282E-01   -0.658420461244506861E+01   -0.739108259141427570E+01    1
    0.186669033457590160E+03   -0.117403438506272151E+01   -0.395833705526218704E+01    0.323917467059929909E+00   -0.656872846104900177E+01   -0.739889509141427659E+01    1
    0.150218575198947008E+03    0.290109014596034775E+00   -0.417470737348072518E+01    0.445700170053861422E+00   -0.655127552462841756E+01   -0.740670759141427570E+01    1
    0.213943066215640840E+03   -0.135482965335918415E+00   -0.476135623259576857E+01    0.858448912500469064E-01   -0.654755925285958007E+01   -0.741452009141427482E+01    1
    0.140863922979707041E+03   -0.113853382386333357E+01   -0.430825333809950362E+01    0.286272155843579790E+00   -0.652393102039257311E+01   -0.742233259141426682E+01    1
    0.240368363542849693E+03   -0.183112073650333818E+01   -0.424199513612792778E+01    0.258159985306556594E+00   -0.650961049480481257E+01   -0.743014509141426416E+01    1
    0.152550817856215332E+03   -0.558087696590800375E+00   -0.354845022829503343E+01    0.316117130016837944E+00   -0.650512677816902851E+01   -0.743795759141426238E+01    1
    0.316646207869052887E+03   -0.547633171081542969E-01   -0.489956915378570557E+01    0.183913228797912609E+00   -0.649822869830541627E+01   -0.744577009141426949E+01    1
    0.261676510957808659E+03   -0.107417659798132514E+01   -0.419266131485072346E+01    0.161529868780200841E+00   -0.648842218339870769E+01   -0.745358259141427304E+01    1
    0.150304414433296245E+03   -0.683765247682250665E+00   -0.392667107072088495E+01    0.440592788397580315E+00   -0.648127240917008685E+01   -0.746139509141426682E+01    1
    0.348469242539380843E+03   -0.147164490674089032E+01   -0.476393942133554482E+01    0.151328824676966511E+00   -0.645849396947606103E+01   -0.746920759141426505E+01    1
    0.143866014480590820E+03    0.283885240554809570E+00   -0.303616583347320557E+01    0.133118491959571844E+00   -0.644420990515168679E+01   -0.747702009141426416E+01    1
    0.171000324948138626E+03    0.519550398753840792E+00   -0.334874419166402060E+01    0.319158236550096397E-01   -0.643603159060438657E+01   -0.748483259141426682E+01    1
    0.277525246997513591E+03   -0.120304133743369857E+01   -0.466372327769471351E+01    0.251080602638468819E+00   -0.638896254330816049E+01   -0.749264509141427215E+01    1
    0.183597717586250155E+03    0.337982004514124856E+00   -0.472363664154818963E+01    0.434813284669860689E+00   -0.636295988367994436E+01   -0.750045759141427659E+01    1
    0.204569954024284471E+03   -0.142935375525315989E+01   -0.435188301518039289E+01    0.803894990749577376E-01   -0.635406962736730652E+01   -0.750827009141427748E+01    1
    0.296448944698997707E+03   -0.128366564543234896E+01   -0.485731777609359305E+01    0.264270221546650863E+00   -0.634202863657202709E+01   -0.751608259141427304E+01    1
    0.218504804724138069E+03    0.394420800347830003E+00   -0.388986108959176313E+01    0.753918899378963753E-01   -0.632439515054458568E+01   -0.752389509141426505E+01    1
    0.129904063339303292E+03   -0.167881020549071414E+01   -0.366425204347749567E+01    0.486103606420494772E+00   -0.631306209263723161E+01   -0.753170759141426505E+01    1
    0.242386488616466522E+03   -0.989528894424438477E+00   -0.484232664108276367E+01    0.883911784172058124E-01   -0.631081238930561739E+01   -0.753952009141426505E+01    1
    0.252909652888774872E+03   -0.138342577219009399E+01   -0.484692573547363281E+01    0.366536160349845874E+00   -0.630739038474157443E+01   -0.754733259141426505E+01    1
    0.193514148059358604E+03    0.459665978806391706E-01   -0.323386261909840300E+01    0.912014400407897864E-02   -0.629439112968259185E+01   -0.755514509141427393E+01    1
    0.152836877696460931E+03   -0.185858130780906006E+01   -0.416913704882425051E+01    0.246789631831359740E+00   -0.629243919211072011E+01   -0.756295759141428103E+01    1
    0.198546379858754563E+03   -0.190019576295109882E+01   -0.396533350052179312E+01    0.288749664081528468E+00   -0.627683388496091155E+01   -0.757077009141427126E+01    1
    0.157152144676885143E+03    0.565527315251824092E+00   -0.430055094533372539E+01    0.303369186732799334E+00   -0.627630202627851563E+01   -0.757858259141426327E+01    1
    0.280546559019908329E+03   -0.136022230330348970E+01   -0.385701631769655773E+01    0.104090792135361765E-01   -0.626079803340110175E+01   -0.758639509141426505E+01    1
    0.309601914008020117E+03   -0.120902353543407615E+01   -0.469147639797840021E+01    0.174924176374867346E+00   -0.625579845021775149E+01   -0.759420759141427126E+01    1
    0.199140750231354616E+03   -0.609479879762343524E+00   -0.469584321158874740E+01    0.166270008438513278E+00   -0.625242310379639665E+01   -0.760202009141427393E+01    1
    0.172304553814985496E+03   -0.123633673030935620E+01   -0.430755942722263274E+01    0.180915163582513278E+00   -0.624242245560795972E+01   -0.760983259141427126E+01    1
    0.191536432783213201E+03    0.359056047414685775E+00   -0.480243529844316885E+01    0.164665031062070949E+00   -0.623038207185476622E+01   -0.761764509141427304E+01    1
    0.316469817740092083E+03   -0.146110002763468749E+00   -0.457800932059966303E+01    0.769827648126018976E-01   -0.622488493745972171E+01   -0.762545759141426949E+01    1
    0.163334184950718736E+03   -0.125372238505920097E+01   -0.454662222741381505E+01    0.289794523904507606E+00   -0.622162853426800133E+01   -0.763327009141426949E+01    1
    0.215969626605510712E+03   -0.876720190048217773E+00   -0.346203446388244629E+01    0.476907086133956937E-01   -0.621886503829255677E+01   -0.764108259141427304E+01    1
    0.134669619069185075E+03    0.128039924741940592E+00   -0.285079557772317083E+01    0.120318849169892647E+00   -0.620122067609174810E+01   -0.764889509141427393E+01    1
    0.151559605453787299E+03    0.581349481700095705E+00   -0.354503986824818673E+01    0.547456337678144944E-01   -0.619791898124967577E+01   -0.765670759141426949E+01    1
    0.247545295418256103E+03    0.341828146311045522E+00   -0.436575531792375404E+01    0.120348279289421323E+00   -0.618385395978547692E+01   -0.766452009141426771E+01    1
    0.294512605667114258E+03   -0.169725441932678223E+01   -0.453371405601501465E+01    0.174372794365882877E+00   -0.615863439732328111E+01   -0.767233259141426682E+01    1
    0.180547854964375233E+03   -0.168859773105490807E+01   -0.381292260630236424E+01    0.297490935073984018E-01   -0.614882922589923986E+01   -0.768014509141426771E+01    1
    0.224591664961155686E+03   -0.488887867382722607E+00   -0.478070341456909365E+01    0.112487849468507345E+00   -0.613937614611514970E+01   -0.768795759141427126E+01    1
    0.204854484077868108E+03    0.347016216016208912E+00   -0.375279491314560776E+01    0.651037145392859701E-01   -0.612603008005251937E+01   -0.769577009141427393E+01    1
    0.166337121006376861E+03   -0.118983252579855536E+01   -0.380655252236925534E+01    0.321504649371847417E+00   -0.612450027457248680E+01   -0.770358259141427570E+01    1
    0.199796458750069661E+03   -0.123863225796879917E+01   -0.414694337446737915E+01    0.517883588255568378E-01   -0.611839223382527386E+01   -0.771139509141427304E+01    1
    0.130989694595336914E+03   -0.185331016778945923E+01   -0.358378112316131592E+01    0.440022851514816293E+00   -0.611599822452674946E+01   -0.771920759141427215E+01    1
    0.239375946752777395E+03    0.557544963142726502E+00   -0.466718460938683322E+01    0.551034351389022362E-01   -0.611530520917873499E+01   -0.772702009141426860E+01    1
    0.329967185146565839E+03   -0.367372082036618197E+00   -0.461198512273357242E+01    0.595758615032237412E-01   -0.610074345162388010E+01   -0.773483259141426682E+01    1
    0.216554665986816872E+03   -0.150617870829609890E+01   -0.430442834387717621E+01    0.594671127174904307E-01   -0.609421138225650338E+01   -0.774264509141426860E+01    1
    0.233778911588070912E+03   -0.490487471795979513E+00   -0.418726031934695886E+01    0.168987231072152355E+00   -0.609169049984435595E+01   -0.775045759141427126E+01    1
    0.210709917778958754E+03    0.540304791843082111E+00   -0.434013515304945585E+01    0.270974481997702278E-01   -0.609112773634274873E+01   -0.775827009141427570E+01    1
    0.301234280985155749E+03   -0.142247059013283916E+01   -0.498452028769260469E+01    0.266461262533712384E+00   -0.607888509237222507E+01   -0.776608259141427570E+01    1
    0.308327303747469045E+03   -0.134604196316298053E+00   -0.460372441153919087E+01    0.843551365108455020E-01   -0.607599155074536501E+01   -0.777389509141427215E+01    1
    0.191254505515098572E+03   -0.295787155628204346E+00   -0.481784522533416748E+01    0.475945103502273592E+00   -0.607296841831440304E+01   -0.778170759141426682E+01    1
    0.280312493199398489E+03   -0.145359476068600202E+01   -0.409597989850125632E+01    0.611420984208260673E-01   -0.606543743644336253E+01   -0.778952009141426416E+01    1
    0.259558466899598159E+03   -0.449670892559912883E+00   -0.446019930811867571E+01    0.175057762447546200E+00   -0.606271578713250570E+01   -0.779733259141426682E+01    1
    0.226839720092105068E+03   -0.117217882694516184E+01   -0.433042059043874250E+01    0.239932470407600296E-01   -0.603025282518006378E+01   -0.780514509141427038E+01    1
    0.329690474271774292E+03   -0.157849246263504028E+01   -0.444755613803863525E+01    0.572208053827285776E-01   -0.602970362943931715E+01   -0.781295759141427038E+01    1
    0.215807181577344863E+03   -0.185556851038035808E+01   -0.405388514801356337E+01    0.150331270530404335E-01   -0.602806507744541697E+01   -0.782077009141427304E+01    1
    0.165045682592022729E+03   -0.131256518065137051E+01   -0.372528524783015147E+01    0.294980028517911663E+00   -0.602599912299149842E+01   -0.782858259141427038E+01    1
    0.326003471159689184E+03   -0.101428544350288408E+01   -0.430619030058880448E+01    0.286592125388136516E-02   -0.602113302759379110E+01   -0.783639509141426327E+01    1
    0.313530936545375880E+03   -0.124187666208407110E+01   -0.481744285986561582E+01    0.177987999448402684E+00   -0.601516574295667894E+01   -0.784420759141426505E+01    1
    0.307458644202582320E+03    0.139235850824108720E+00   -0.466119030943207768E+01    0.655119699992081223E-01   -0.601486781657679703E+01   -0.785202009141426771E+01    1
    0.245782389360423963E+03   -0.141579838605029873E+01   -0.413687474979929881E+01    0.151492841726217964E+00   -0.601429146437958728E+01   -0.785983259141426682E+01    1
    0.266302606463432312E+03   -0.163339066505432129E+01   -0.378051936626434326E+01    0.448971855640411394E-02   -0.601264103835880537E+01   -0.786764509141426416E+01    1
    0.143370304030340350E+03   -0.162556986818730120E+01   -0.275345877346336598E+01    0.106820901701799184E+00   -0.596927932411822226E+01   -0.787545759141426682E+01    1
    0.310068666121537262E+03   -0.373842109921225241E+00   -0.471937047760957551E+01    0.112184556843901953E+00   -0.595719295771006863E+01   -0.788327009141426682E+01    1
    0.219631587039773251E+03   -0.139530228165118775E+01   -0.481847379155746314E+01    0.412482138896249628E+00   -0.595704302214195280E+01   -0.789108259141426682E+01    1
    0.204483939534077535E+03    0.336588231586884667E+00   -0.434970787371530143E+01    0.287157746014199064E-01   -0.595498739257446008E+01   -0.789889509141427570E+01    1
    0.275915428358809663E+03   -0.144664235173983302E+01   -0.486628730449515068E+01    0.273942083613003540E+00   -0.594838034794640436E+01   -0.790670759141427926E+01    1
    0.125265457188195384E+03    0.506802815794995087E+00   -0.399821388941563161E+01    0.345898216999052932E+00   -0.594367305506801458E+01   -0.791452009141427482E+01    1
    0.160400044365566686E+03   -0.153772347236599316E+01   -0.350614085897445893E+01    0.244746370666588747E+00   -0.594102366500665902E+01   -0.792233259141427482E+01    1
    0.141397382158451336E+03   -0.273595380621804551E+00   -0.303418978406721740E+01    0.144348389071684347E+00   -0.594036929114322376E+01   -0.793014509141427393E+01    1
    0.202915152879410954E+03   -0.743089246429365691E+00   -0.433846455940849740E+01    0.928930680883204851E-01   -0.593602955448134928E+01   -0.793795759141427215E+01    1
    0.141079345460126035E+03    0.386858978783278573E+00   -0.336775858100184955E+01    0.168212279865840808E+00   -0.593481605582773231E+01   -0.794577009141427126E+01    1
    0.196805903122858410E+03    0.376465663245927118E+00   -0.415511997230839292E+01    0.176516460767223438E+00   -0.593102428717761576E+01   -0.795358259141427304E+01    1
    0.139677041200102764E+03   -0.167066505496085682E+01   -0.407142392866769409E+01    0.505852279689825046E+00   -0.592909744569020347E+01   -0.796139509141427748E+01    1
    0.204517901814342679E+03    0.314281171057329889E+00   -0.409459086375542292E+01    0.143651539263239258E+00   -0.592797627634051949E+01   -0.796920759141427482E+01    1
    0.194112732062642976E+03   -0.706349621482032619E+00   -0.418894012675082994E+01    0.287241916975525258E+00   -0.592687122240948749E+01   -0.797702009141426860E+01    1
    0.293146688811793751E+03   -0.182107788729766940E+01   -0.477169034410338355E+01    0.218716123691650971E+00   -0.591427486180500672E+01   -0.798483259141427126E+01    1
    0.276450069018336080E+03   -0.327367221361307692E-01   -0.463180637499988279E+01    0.136377021360712752E+00   -0.591266817760557029E+01   -0.799264509141426949E+01    1
    0.223798269800112507E+03   -0.123118932246286583E+01   -0.491749617793515448E+01    0.415246150159634286E+00   -0.591264708049543231E+01   -0.800045759141426771E+01    1
    0.180468954145908356E+03    0.490760803222656250E-01   -0.388320147991180420E+01    0.187134758377075189E+00   -0.589014151804004271E+01   -0.800827009141427126E+01    1
    0.295204842440390280E+03   -0.104534576879954910E+01   -0.443136724830456430E+01    0.881841526733156272E-01   -0.588614733306455662E+01   -0.801608259141427482E+01    1
    0.154498909218990065E+03   -0.185399654101435396E+01   -0.339844074959900322E+01    0.657346486236462385E-01   -0.588203890188364831E+01   -0.802389509141427659E+01    1
    0.156425838236553489E+03   -0.118173253009464663E+01   -0.429143919366346793E+01    0.282502413714570522E+00   -0.587839829248823253E+01   -0.803170759141426949E+01    1
    0.256646676575627509E+03    0.115197017723231099E+00   -0.427807482436870146E+01    0.646717212113705614E-01   -0.587490691655688835E+01   -0.803952009141427126E+01    1
    0.281563710263291341E+03   -0.123745375423917037E+01   -0.438166262203717682E+01    0.107596798309479436E+00   -0.587295563886822514E+01   -0.804733259141426949E+01    1
    0.242442619847443382E+03    0.481951546387332730E+00   -0.477460167202581065E+01    0.912356679672720189E-01   -0.587105583585861890E+01   -0.805514509141426593E+01    1
    0.274175135121961489E+03   -0.113363799504702767E+01   -0.491029511696870458E+01    0.845091373585641348E-01   -0.585286192665348715E+01   -0.806295759141426949E+01    1
    0.251846057375733039E+03   -0.506025229953678490E+00   -0.462864516374389634E+01    0.220041406299581188E+00   -0.584992282390542861E+01   -0.807077009141426949E+01    1
    0.187244833691505761E+03    0.435876660541811844E-02   -0.450282914559657677E+01    0.154886155136922887E+00   -0.584816060877425326E+01   -0.807858259141426949E+01    1
    0.133605416434337656E+03   -0.145330826348557562E+01   -0.393212356926290996E+01    0.306023642238574034E+00   -0.584665162173338793E+01   -0.808639509141426949E+01    1
    0.213458874828842283E+03   -0.837662650808407738E+00   -0.400263381445006416E+01    0.164563164795632350E+00   -0.584187214303203817E+01   -0.809420759141427482E+01    1
    0.257990577365312561E+03   -0.105162572312671632E+01   -0.489161717345061842E+01    0.299237197606464778E+00   -0.583904920905519997E+01   -0.810202009141427482E+01    1
    0.227221685676716220E+03   -0.881821587475369650E+00   -0.384172298075006680E+01    0.721501370578001566E-01   -0.583130835309378615E+01   -0.810983259141427482E+01    1
    0.220226157141104409E+03   -0.415953724132418712E+00   -0.471124236025003018E+01    0.141186591410772166E+00   -0.583065063072291956E+01   -0.811764509141427126E+01    1
    0.166713707406376443E+03   -0.551368091320763032E+00   -0.363897537013543992E+01    0.249427862260106388E-01   -0.582471419705933791E+01   -0.812545759141427126E+01    1
    0.271879263700787646E+03   -0.134223525289330547E+01   -0.479877279208489682E+01    0.734496069220235692E-01   -0.582377200792995353E+01   -0.813327009141427659E+01    1
    0.212184743567238172E+03   -0.712571318479240379E+00   -0.419867606994286291E+01    0.217474194330967596E+00   -0.582274742555277403E+01   -0.814108259141426949E+01    1
    0.175211173279123329E+03   -0.861251856815171690E+00   -0.376731919949312344E+01    0.219490899123724575E+00   -0.581868749756371351E+01   -0.814889509141426593E+01    1
    0.199423052060488715E+03    0.106061932415449700E+00   -0.471447856374887309E+01    0.179835301783206503E+00   -0.581835112613807670E+01   -0.815670759141426238E+01    1
    0.201649205386638641E+03   -0.893678903579711914E+00   -0.368874251842498779E+01    0.109906720376014719E+00   -0.581813583514097843E+01   -0.816452009141426949E+01    1
    0.283382336191478316E+03   -0.169469795224312869E+01   -0.453134765433509124E+01    0.151721657551789069E+00   -0.581410347460410915E+01   -0.817233259141426949E+01    1
    0.183036740124225616E+03   -0.177219533920288086E+01   -0.432837665081024170E+01    0.221299095940589913E+00   -0.580997334764559881E+01   -0.818014509141426061E+01    1
    0.258397114401952422E+03   -0.111282231226984996E+01   -0.433232969865971995E+01    0.135637137304846472E+00   -0.580297383957885238E+01   -0.818795759141426061E+01    1
    0.196927218546861695E+03   -0.811801121344870813E+00   -0.380790895756838355E+01    0.152254688293769119E+00   -0.579043861757768497E+01   -0.819577009141427126E+01    1
    0.158557654678694007E+03    0.455552120333843735E+00   -0.379854105321273749E+01    0.124180258396066071E+00   -0.578908735578234346E+01   -0.820358259141428015E+01    1
    0.151600933103433562E+03   -0.113737486959091472E+00   -0.480506828453288382E+01    0.410610707199508040E+00   -0.578132653456555978E+01   -0.821139509141427659E+01    1
    0.219943471286120825E+03   -0.265661698204813224E+00   -0.477174123150838270E+01    0.328123398974900005E+00   -0.577351979043666752E+01   -0.821920759141426949E+01    1
    0.135117504075633917E+03    0.368022526371847292E+00   -0.306491944184135212E+01    0.819440628290876022E-01   -0.577264971830603724E+01   -0.822702009141426061E+01    1
    0.137168221447258816E+03   -0.171874481394986978E+01   -0.430027443542525400E+01    0.425663046387940669E+00   -0.576675052647863851E+01   -0.823483259141425883E+01    1
    0.145095539093017578E+03    0.177076995372772217E+00   -0.307621479034423828E+01    0.687561016559600918E-01   -0.575810869112365431E+01   -0.824264509141426238E+01    1
    0.163593001477886389E+03   -0.167801969704156129E+01   -0.355737779783974384E+01    0.884811741945144420E-01   -0.575746924820103700E+01   -0.825045759141426593E+01    1
    0.169545518888761393E+03   -0.176360174305937534E+01   -0.318062237787496782E+01    0.866462878276128695E-01   -0.575150829542425068E+01   -0.825827009141427126E+01    1
    0.131225720844357369E+03   -0.482671045945105348E+00   -0.267457430209772129E+01    0.724425171358322462E-01   -0.574868804553638668E+01   -0.826608259141428015E+01    1
    0.195364964008331299E+03   -0.124327659606933594E+01   -0.407501041889190674E+01    0.240440319013595583E+00   -0.574722342804475339E+01   -0.827389509141427304E+01    1
    0.165806449818445287E+03   -0.232058306676393933E+00   -0.435432655831272264E+01    0.231497539061729402E+00   -0.574603821208984833E+01   -0.828170759141426949E+01    1
    0.200517106451461871E+03   -0.174515674666505882E+01   -0.416531276243624138E+01    0.136847679524798982E+00   -0.574538294041958153E+01   -0.828952009141427659E+01    1
    0.150286274672816006E+03   -0.354117616138351909E+00   -0.301168594142199275E+01    0.713246485404333552E-01   -0.574019192305792547E+01   -0.829733259141427482E+01    1
    0.240248595732367789E+03   -0.919919624084385656E+00   -0.488190837875633843E+01    0.172224857040304824E+00   -0.573996443777659771E+01   -0.830514509141426593E+01    1
    0.152182966638109065E+03   -0.183106007668268700E+01   -0.341886399643863736E+01    0.226362953860735655E+00   -0.573471383940275814E+01   -0.831295759141426771E+01    1
    0.184818172865009842E+03   -0.523910898368846523E+00   -0.414969266518747393E+01    0.262128392555805001E+00   -0.572993522296867575E+01   -0.832077009141426949E+01    1
    0.245623721883305336E+03   -0.189967461717954356E+01   -0.484740204274579067E+01    0.207033439987356294E+00   -0.572471220408549542E+01   -0.832858259141427126E+01    1
    0.184426321116538276E+03   -0.927510370163509901E+00   -0.411752064759541536E+01    0.125508337569167183E+00   -0.572190780835796442E+01   -0.833639509141427482E+01    1
    0.197651812259014491E+03   -0.217073813097170998E+00   -0.346775005651172830E+01    0.130532527322833655E-01   -0.571732363533480115E+01   -0.834420759141427126E+01    1
    0.189679032682376828E+03   -0.585952055159233431E-01   -0.428241142883841430E+01    0.258720531674708543E+00   -0.570703570112686176E+01   -0.835202009141427126E+01    1
    0.127294160425662994E+03   -0.654143154621124268E+00   -0.470398366451263428E+01    0.547476884651184048E+00   -0.570505980014454295E+01   -0.835983259141427126E+01    1
    0.171905004946356939E+03   -0.142786159128813361E+01   -0.397818945190413054E+01    0.174319448136257577E+00   -0.570480739784744717E+01   -0.836764509141427126E+01    1
    0.157819480335828729E+03    0.412694032665276378E+00   -0.372572014648046457E+01    0.807244145662461415E-01   -0.570410739762733598E+01   -0.837545759141427659E+01    1
    0.164095501854909514E+03   -0.950067090127584724E+00   -0.360185776687604520E+01    0.200028938774765158E+00   -0.570265000169177405E+01   -0.838327009141427659E+01    1
    0.177843512861770876E+03    0.413625336809947619E+00   -0.417392093687495880E+01    0.162572419110411509E+00   -0.570181975318856793E+01   -0.839108259141427482E+01    1
    0.240828693669359268E+03   -0.192922841193178263E+01   -0.430766262232171293E+01    0.727163669968441534E-01   -0.570039105342948815E+01   -0.839889509141427126E+01    1
    0.204200086492009206E+03    0.101464436037863148E+00   -0.455902996108130054E+01    0.140969617593041580E+00   -0.570008218759890983E+01   -0.840670759141426771E+01    1
    0.169522223717228229E+03   -0.176254116757477330E+01   -0.443808282722586256E+01    0.438801189400031599E+00   -0.569794485075154888E+01   -0.841452009141426949E+01    1
    0.190078088641166687E+03   -0.185428023338317871E+01   -0.395629405975341797E+01    0.126948340272903443E+00   -0.569415401770269547E+01   -0.842233259141427304E+01    1
    0.270524202155211924E+03   -0.157949194884312938E+01   -0.466032075514561228E+01    0.189776282206701619E+00   -0.569281624603937075E+01   -0.843014509141427126E+01    1
    0.274022875778785306E+03   -0.185570601559996828E+01   -0.424285075531569245E+01    0.690311402246122918E-01   -0.569242874737720417E+01   -0.843795759141427304E+01    1
    0.221707453977679847E+03    0.407352126417900529E+00   -0.425919509956022768E+01    0.158075204860280635E-01   -0.568985667206416590E+01   -0.844577009141427482E+01    1
    0.282636811432895115E+03   -0.197211328252919316E+01   -0.482217610670069341E+01    0.117894490030605925E+00   -0.568916501746432868E+01   -0.845358259141427126E+01    1
    0.241541758156009990E+03   -0.738292525429009583E-01   -0.437596315203966491E+01    0.123802633263121228E+00   -0.568847911892232894E+01   -0.846139509141426949E+01    1
    0.249369666303347486E+03   -0.382106846028686942E-01   -0.493737732587031353E+01    0.125804857928929315E+00   -0.568757333031753287E+01   -0.846920759141426949E+01    1
    0.286140430642617218E+03   -0.675035249430810946E-01   -0.486296376695799282E+01    0.181018653790420876E-01   -0.568391955335001331E+01   -0.847702009141427482E+01    1
    0.128905489716221638E+03    0.349641529900310388E+00   -0.328280578695997338E+01    0.829714965612283611E-01   -0.568317991548997981E+01   -0.848483259141427837E+01    1
    0.204904082297352375E+03   -0.139559687228689056E+01   -0.388465300243706313E+01    0.144655816094995782E+00   -0.568284543770128980E+01   -0.849264509141427482E+01    1
    0.127753189321932027E+03   -0.137780632098137201E+01   -0.397536980503117565E+01    0.487008136326495200E+00   -0.567821341434258464E+01   -0.850045759141426771E+01    1
    0.146263371103514686E+03   -0.155615898078848880E+01   -0.403563066378749991E+01    0.412601656441518860E+00   -0.567815053595637931E+01   -0.850827009141426949E+01    1
    0.214091104956305173E+03   -0.800135532906817382E+00   -0.454158506774522142E+01    0.286535115843528421E+00   -0.567642970251716328E+01   -0.851608259141427482E+01    1
    0.179738095818174429E+03    0.251503964052523621E+00   -0.461890532737857207E+01    0.331942889187373302E+00   -0.567530509464699495E+01   -0.852389509141427126E+01    1
    0.151308848523528866E+03   -0.121790993336026876E+01   -0.366755149933640068E+01    0.164016467510158720E+00   -0.567512210357138525E+01   -0.853170759141427126E+01    1
    0.284032936770981223E+03   -0.197803279511772345E-01   -0.487475372714886834E+01    0.148993662650275582E+00   -0.566721644535651770E+01   -0.853952009141426949E+01    1
    0.247164833201141221E+03   -0.196954112649262481E+01   -0.455331139106204486E+01    0.139967931799342471E+00   -0.566634614828137106E+01   -0.854733259141426949E+01    1
    0.318320207593522241E+03   -0.162903348152873839E+01   -0.480536606164661606E+01    0.121586311001435257E+00   -0.566573655637936469E+01   -0.855514509141427126E+01    1
    0.213166706801604505E+03   -0.198944913887101316E+01   -0.450489379491504671E+01    0.232434878152268154E+00   -0.566247293540535424E+01   -0.856295759141426949E+01    1
    0.172153596580028534E+03   -0.155356955528259277E+01   -0.435067772865295410E+01    0.301451361894607528E+00   -0.566175944698565559E+01   -0.857077009141427482E+01    1
    0.148648056026373865E+03   -0.103509885671340118E+01   -0.435019149897350133E+01    0.368722949229124686E+00   -0.565891471829204562E+01   -0.857858259141427304E+01    1
    0.205616588182626742E+03   -0.163535175100658492E+01   -0.412020122985326243E+01    0.123457675300609540E+00   -0.565773042110221347E+01   -0.858639509141426771E+01    1
    0.277526631951332092E+03   -0.182043290138244629E+01   -0.462196946144104004E+01    0.157400706338882451E+00   -0.565555690238543463E+01   -0.859420759141426771E+01    1
    0.208094137503102445E+03    0.959950387005914507E-01   -0.408054926911598148E+01    0.122759518969942690E-02   -0.565553206850093204E+01   -0.860202009141426949E+01    1
    0.315927613443527207E+03   -0.166498809810637605E+01   -0.452007333617947804E+01    0.440980406327720273E-01   -0.565390634750904741E+01   -0.860983259141427304E+01    1
    0.219212829310172651E+03   -0.172465991132046614E+01   -0.456421601895902196E+01    0.216019266849771407E+00   -0.565319186613158475E+01   -0.861764509141427126E+01    1
    0.157766988931778542E+03    0.229722844104102375E+00   -0.448100905037330843E+01    0.386360893472623312E+00   -0.565141018812097684E+01   -0.862545759141426771E+01    1
    0.157774157969888279E+03   -0.185809133917933766E+01   -0.324601918118496080E+01    0.639145151880048945E-01   -0.565038561939771355E+01   -0.863327009141427482E+01    1
    0.211585055268899794E+03   -0.198568585761979377E+01   -0.374286245134237383E+01    0.792740723999254826E-01   -0.564994364705832641E+01   -0.864108259141427482E+01    1
    0.199973566498529436E+03   -0.171845235882502423E+01   -0.407292868016738652E+01    0.137943906349312834E+00   -0.564883951306254506E+01   -0.864889509141427126E+01    1
    0.210785701618604833E+03   -0.199307934778920370E+01   -0.458505096358614850E+01    0.269644492640852274E+00   -0.564840614733768120E+01   -0.865670759141426949E+01    1
    0.224246066298015137E+03   -0.783285090570873699E+00   -0.371535019831245084E+01    0.686509850943536025E-02   -0.564710616275906219E+01   -0.866452009141426949E+01    1
    0.249367709826297215E+03   -0.189816687532011708E+01   -0.493817599413648445E+01    0.314235442990531966E+00   -0.564625837241828155E+01   -0.867233259141427659E+01    1
    0.140981516741747527E+03   -0.994732531008497345E+00   -0.434953955570010731E+01    0.508252822793664905E+00   -0.564618179190723524E+01   -0.868014509141427304E+01    1
    0.142911877188528166E+03   -0.193298852834052703E+01   -0.400578144577564110E+01    0.366546667524062064E+00   -0.564617524854829966E+01   -0.868795759141426949E+01    1
    0.150567030914823306E+03   -0.803907991977943492E+00   -0.322543584912021375E+01    0.130665570777045575E+00   -0.564452008441476139E+01   -0.869577009141426771E+01    1
    0.136725169086825076E+03    0.280440041562012965E+00   -0.389545536715657814E+01    0.230596878028706015E+00   -0.564396336310469948E+01   -0.870358259141426949E+01    1
