 F
         830        1363           3         128
   -0.126602962984179950E+02   -0.956597279955631485E+01
 T
   2
    0.200000000000000000E+01    0.300000000000000000E+01    0.835937500000000000E+00    0.164062500000000000E+00
   0
   0
 T T     0           0
    0.000000000000000000E+00   -0.100000000000000002+101    0.000000000000000000E+00
 T F     1         107
    0.448046983559611482E-02   -0.133299315034776278E+02   -0.108502352314817347E+02
 T F     1          21
    0.203727332352201515E-03   -0.133775216055078570E+02   -0.821911452987712821E+01
