    0.299252940714359283E+03    0.494830608367919922E+00    0.391436517238616943E+01    0.556218555521965086E+00   -0.290533103707388989E+03   -0.485202009141426682E+01    1
    0.289665612578392029E+03    0.710868775844573975E+00    0.358856916427612305E+01    0.399893034338951125E+00   -0.251608831732462050E+03   -0.485983259141427482E+01    1
    0.282098537683486938E+03    0.813546061515808105E+00    0.361395597457885742E+01    0.338001618361473077E+00   -0.244799682646542863E+03   -0.486764509141427837E+01    1
    0.194850516319274902E+03    0.483321249485015869E+00    0.446262776851654053E+01    0.440076928067207329E+00   -0.243451220400323791E+03   -0.487545759141427837E+01    1
    0.214884082973003387E+03    0.693317651748657227E+00    0.403800070285797119E+01    0.431142526316642793E+00   -0.242816670369852233E+03   -0.488327009141427215E+01    1
    0.254583968222141266E+03    0.674565792083740234E+00    0.391900539398193359E+01    0.331153548002243059E+00   -0.239285265979913163E+03   -0.489108259141427038E+01    1
    0.209451282024383545E+03   -0.144727772474288940E+01    0.473685383796691895E+01    0.431009706115722646E+00   -0.237509351715625883E+03   -0.489889509141427659E+01    1
    0.303534068167209625E+03    0.195546865463256836E+00    0.310391485691070557E+01    0.490120154356956494E+00   -0.231058955414479868E+03   -0.490670759141427038E+01    1
    0.148310180008411407E+03   -0.809545159339904785E+00    0.456778466701507568E+01    0.527243895220756542E+00   -0.212481935370417432E+03   -0.491452009141427393E+01    1
    0.204064789414405823E+03   -0.635315299034118652E+00    0.463771581649780273E+01    0.271560095500946064E+00   -0.210844565370612514E+03   -0.492233259141426949E+01    1
    0.192590647935867310E+03    0.883223235607147217E+00    0.423136413097381592E+01    0.189646981000900272E+00   -0.210233904474800738E+03   -0.493014509141426949E+01    1
    0.345929305255413055E+03    0.415662527084350586E-01    0.286090910434722900E+01    0.350438884234428427E+00   -0.207482426407820725E+03   -0.493795759141427482E+01    1
    0.249979366362094879E+03   -0.176583886146545410E+01    0.406800210475921631E+01    0.298941322803497334E+00   -0.202507182429773763E+03   -0.494577009141427482E+01    1
    0.346764612197875977E+03   -0.674247741699218750E-01    0.228216409683227539E+01    0.403450657367706300E+00   -0.188720402426407077E+03   -0.495358259141427215E+01    1
    0.318309070169925690E+03   -0.699851036071777344E+00    0.256301164627075195E+01    0.405038256239891092E+00   -0.187048213955929185E+03   -0.496139509141427393E+01    1
    0.251731278002262115E+03   -0.103341788053512573E+01    0.340747177600860596E+01    0.344586334204673772E+00   -0.186778096029264049E+03   -0.496920759141427215E+01    1
    0.149349576234817505E+03   -0.717883527278900146E+00    0.393261313438415527E+01    0.523907218408584563E+00   -0.185470933669502131E+03   -0.497702009141426860E+01    1
    0.251964160799980164E+03   -0.104772067070007324E+01    0.273590743541717529E+01    0.523895277214050270E+00   -0.184961410281310918E+03   -0.498483259141426771E+01    1
    0.253354483842849731E+03   -0.132449084520339966E+01    0.347156286239624023E+01    0.259255786299705526E+00   -0.175431122919079115E+03   -0.499264509141426949E+01    1
    0.238495783507823944E+03   -0.992922782897949219E-01    0.399277389049530029E+01    0.686277849912643456E-01   -0.173668472488412704E+03   -0.500045759141427038E+01    1
    0.184703062474727631E+03   -0.123495727777481079E+01    0.438230812549591064E+01    0.177644101667404186E+00   -0.172667911902906184E+03   -0.500827009141427038E+01    1
    0.334318505227565765E+03    0.862719893455505371E+00    0.144457638263702393E+01    0.344713081455230719E+00   -0.170092385399805153E+03   -0.501608259141426771E+01    1
    0.342678789794445038E+03   -0.101669269800186157E+01    0.284800767898559570E+01    0.105670325732231146E+00   -0.159043163613946547E+03   -0.502389509141427126E+01    1
    0.165851947665214539E+03   -0.103532528877258301E+01    0.324502527713775635E+01    0.440808343291282656E+00   -0.153549997891392223E+03   -0.503170759141427926E+01    1
    0.160399150848388672E+03   -0.999983429908752441E+00    0.358663320541381836E+01    0.359955402159690852E+00   -0.153496377352852932E+03   -0.503952009141427748E+01    1
    0.187099951505661011E+03   -0.183267450332641602E+01    0.265960395336151123E+01    0.553575662112236078E+00   -0.152795945314314139E+03   -0.504733259141427748E+01    1
    0.231056328117847443E+03   -0.763472497463226318E+00    0.299042940139770508E+01    0.237119370460510265E+00   -0.148985615840050514E+03   -0.505514509141427215E+01    1
    0.265540108084678650E+03    0.680938363075256348E+00    0.247224092483520508E+01    0.952996712207794250E-01   -0.146552346809771933E+03   -0.506295759141426593E+01    1
    0.184732258319854736E+03    0.292967379093170166E+00    0.379017651081085205E+01    0.387783127784728995E-01   -0.145395153157436113E+03   -0.507077009141427304E+01    1
    0.184807440638542175E+03   -0.197531545162200928E+01    0.290153324604034424E+01    0.401756986570358299E+00   -0.140552554342164171E+03   -0.507858259141427304E+01    1
    0.309179635345935822E+03   -0.176100963354110718E+01    0.292992413043975830E+01    0.426650351285934454E-01   -0.140383989490177271E+03   -0.508639509141426860E+01    1
    0.343731395900249481E+03    0.446379184722900391E+00    0.301253199577331543E+00    0.532640462207794263E+00   -0.137169261839898411E+03   -0.509420759141426771E+01    1
    0.340911227464675903E+03   -0.907011806964874268E+00    0.994227528572082520E+00    0.422139377403259297E+00   -0.132499815670383242E+03   -0.510202009141427126E+01    1
    0.236415663361549377E+03   -0.112515854835510254E+01    0.196592688560485840E+01    0.385711978769302355E+00   -0.130031773376494613E+03   -0.510983259141427748E+01    1
    0.318268233537673950E+03   -0.958755373954772949E+00    0.136471569538116455E+01    0.345152005648612981E+00   -0.129992137362105581E+03   -0.511764509141427038E+01    1
    0.287512549757957458E+03   -0.848244607448577881E+00    0.198097407817840576E+01    0.223888185739517215E+00   -0.128165427637030916E+03   -0.512545759141426505E+01    1
    0.193659977614879608E+03   -0.161502933502197266E+01    0.186616837978363037E+01    0.539040908360481241E+00   -0.125272393711081421E+03   -0.513327009141426593E+01    1
    0.152071388065814972E+03   -0.102014309167861938E+01    0.322724759578704834E+01    0.254545872116088867E+00   -0.122480124431297654E+03   -0.514108259141427038E+01    1
    0.143928469717502594E+03    0.711362123489379883E+00    0.234721302986145020E+01    0.330757305049896255E+00   -0.120805404853169804E+03   -0.514889509141427304E+01    1
    0.266808444261550903E+03   -0.149443703889846802E+01    0.235779881477355957E+01    0.130005763721466078E+00   -0.120239453197649254E+03   -0.515670759141427038E+01    1
    0.283100356161594391E+03    0.145952641963958740E+00    0.222978770732879639E+01    0.952688970565795934E-02   -0.118269423520123667E+03   -0.516452009141426771E+01    1
    0.158513034880161285E+03   -0.181857573986053467E+01    0.382261931896209717E+01    0.450410940170288127E-01   -0.117231315546412958E+03   -0.517233259141426593E+01    1
    0.148508542776107788E+03   -0.992337524890899658E+00    0.287431478500366211E+01    0.321878344559669516E+00   -0.116594251480390952E+03   -0.518014509141426593E+01    1
    0.248601046204566956E+03   -0.151083928346633911E+01    0.115839838981628418E+01    0.482648412466049226E+00   -0.115503259354569906E+03   -0.518795759141426949E+01    1
    0.166453902423381805E+03   -0.169883406162261963E+01    0.334341824054718018E+01    0.117413808202743539E+00   -0.113656094961752842E+03   -0.519577009141427038E+01    1
    0.127998991310596466E+03   -0.190142560005187988E+01    0.426002204418182373E+01    0.251008003234863275E-01   -0.112472883585591092E+03   -0.520358259141426593E+01    1
    0.286192286014556885E+03   -0.187844532728195190E+01    0.181463479995727539E+01    0.190799067449569704E+00   -0.112287450144594828E+03   -0.521139509141426771E+01    1
    0.269510903954505920E+03    0.354690551757812500E+00    0.164973139762878418E+00    0.528911909508705147E+00   -0.109892224116108167E+03   -0.521920759141426860E+01    1
    0.315358452498912811E+03    0.505239009857177734E+00    0.903194546699523926E+00    0.163855809044837958E+00   -0.108264974155925913E+03   -0.522702009141426593E+01    1
    0.172530460357666016E+03    0.389511704444885254E+00    0.141462981700897217E+01    0.456354277396202102E+00   -0.107610289097217802E+03   -0.523483259141426860E+01    1
    0.236436718702316284E+03   -0.778353214263916016E+00    0.966634750366210938E+00    0.400144822955131541E+00   -0.100657256129664262E+03   -0.524264509141427393E+01    1
    0.170454779267311096E+03    0.851292788982391357E+00    0.932247042655944824E+00    0.383657752132415764E+00   -0.987909563083575790E+02   -0.525045759141427482E+01    1
    0.289794211089611053E+03   -0.373421370983123779E+00    0.249379873275756836E-01    0.451785132837295544E+00   -0.943980455778420975E+02   -0.525827009141427659E+01    1
    0.234635816514492035E+03   -0.142505043745040894E+01    0.976019501686096191E+00    0.370047690367698690E+00   -0.937430811303213432E+02   -0.526608259141428015E+01    1
    0.173096768558025360E+03    0.467616915702819824E+00    0.553585290908813477E+00    0.531750433802604672E+00   -0.916189748816982217E+02   -0.527389509141427659E+01    1
    0.185387052595615387E+03   -0.667017757892608643E+00    0.155088841915130615E+01    0.228080909729003911E+00   -0.844545206916897797E+02   -0.528170759141427126E+01    1
    0.191089831292629242E+03    0.990242838859558105E+00    0.189995765686035156E+00    0.305591612863540640E+00   -0.824143317420726049E+02   -0.528952009141427393E+01    1
    0.210600206255912781E+03   -0.449279785156250000E+00    0.673264861106872559E+00    0.333824588513374321E+00   -0.787810223041915805E+02   -0.529733259141427126E+01    1
    0.180353739857673645E+03    0.224246144294738770E+00    0.127238929271697998E+01    0.192019150471687328E+00   -0.784955319436238597E+02   -0.530514509141426416E+01    1
    0.275355061888694763E+03   -0.852156162261962891E+00    0.105935692787170410E+01    0.512381304502487200E-01   -0.779097115279415817E+02   -0.531295759141427038E+01    1
    0.210625325143337250E+03    0.571359932422637939E+00   -0.564771890640258789E-01    0.404128473687171974E+00   -0.778245941441208657E+02   -0.532077009141427038E+01    1
    0.276826642453670502E+03    0.277164340019226074E+00    0.872455835342407227E+00    0.392592358589172359E-02   -0.769066899836361557E+02   -0.532858259141426416E+01    1
    0.196176399290561676E+03   -0.570239365100860596E+00    0.810378789901733398E+00    0.302532347059249862E+00   -0.744136007165123772E+02   -0.533639509141427304E+01    1
    0.311007480323314667E+03   -0.697330832481384277E+00   -0.520704984664916992E+00    0.299550289607048048E+00   -0.680003078434704520E+02   -0.534420759141427837E+01    1
    0.175336198508739471E+03   -0.288242638111114502E+00    0.556029081344604492E+00    0.356153018760681173E+00   -0.679101961151271212E+02   -0.535202009141427126E+01    1
    0.258921864628791809E+03    0.897809088230133057E+00   -0.919882059097290039E+00    0.283207980179786711E+00   -0.673259092566256641E+02   -0.535983259141427126E+01    1
    0.185573922097682953E+03   -0.788888752460479736E+00    0.137714207172393799E+01    0.978564856767654423E-01   -0.672911432729326009E+02   -0.536764509141427837E+01    1
    0.156332921981811523E+03    0.772443711757659912E+00    0.843881368637084961E+00    0.148239319539070130E+00   -0.663640306947661429E+02   -0.537545759141427215E+01    1
    0.308788743615150452E+03   -0.128495150804519653E+01   -0.118309199810028076E+01    0.485956771588325509E+00   -0.648985767027566709E+02   -0.538327009141427126E+01    1
    0.285269324481487274E+03    0.583582222461700439E+00   -0.288847684860229492E+00    0.114047994875907902E+00   -0.647266495430752826E+02   -0.539108259141427482E+01    1
    0.215721750259399414E+03   -0.133694005012512207E+01   -0.268982052803039551E+00    0.477573438906669645E+00   -0.646064388041459949E+02   -0.539889509141427748E+01    1
    0.214315655827522278E+03   -0.142280828952789307E+01    0.178599357604980469E-01    0.401768654823303262E+00   -0.644290822986970397E+02   -0.540670759141427926E+01    1
    0.262989836931228638E+03    0.254334986209869385E+00   -0.147442877292633057E+01    0.567428607773780791E+00   -0.641698586621500340E+02   -0.541452009141427926E+01    1
    0.307066081464290619E+03   -0.127036654949188232E+01   -0.433887839317321777E+00    0.259457319545745857E+00   -0.632369751118565659E+02   -0.542233259141428015E+01    1
    0.151915471255779266E+03   -0.119657182693481445E+01    0.727231502532958984E+00    0.363701661944389354E+00   -0.600003997713524697E+02   -0.543014509141427837E+01    1
    0.188975660502910614E+03   -0.137733966112136841E+01    0.782680511474609375E-01    0.370177235269546545E+00   -0.569005064748240059E+02   -0.543795759141427748E+01    1
    0.246005915105342865E+03    0.848750948905944824E+00   -0.135262012481689453E+01    0.318495438265800512E+00   -0.557187000078184766E+02   -0.544577009141427748E+01    1
    0.260606077313423157E+03   -0.141762071847915649E+01   -0.303713083267211914E+00    0.232644117808341988E+00   -0.542017204176338296E+02   -0.545358259141427038E+01    1
    0.224378177523612976E+03    0.403063833713531494E+00   -0.423200726509094238E+00    0.201088828897476202E+00   -0.513194093214109799E+02   -0.546139509141426327E+01    1
    0.177990311384201050E+03   -0.538053929805755615E+00   -0.630041956901550293E+00    0.490287842845916755E+00   -0.508981888534969116E+02   -0.546920759141426149E+01    1
    0.304175665974617004E+03   -0.197950309514999390E+01   -0.182146191596984863E+01    0.517282721328735318E+00   -0.493480130715528986E+02   -0.547702009141426238E+01    1
    0.257035480439662933E+03    0.167410671710968018E+00   -0.761472582817077637E+00    0.202616073560714732E+00   -0.490451755511285228E+02   -0.548483259141427393E+01    1
    0.242990589141845703E+03   -0.118091773986816406E+01   -0.124794423580169678E+01    0.456375566840171831E+00   -0.480091092700273947E+02   -0.549264509141427659E+01    1
    0.286289717257022858E+03    0.116709947586059570E+00   -0.962302088737487793E+00    0.179306725358963026E+00   -0.478818508245742933E+02   -0.550045759141427482E+01    1
    0.172736386954784393E+03   -0.418756783008575439E+00   -0.416243076324462891E+00    0.405239243602752708E+00   -0.477683081925440831E+02   -0.550827009141427482E+01    1
    0.274277886748313904E+03   -0.150019913911819458E+01   -0.109274148941040039E+01    0.301105135488510145E+00   -0.450418404919109605E+02   -0.551608259141426771E+01    1
    0.335811489820480347E+03   -0.192535877227783203E+00   -0.162279427051544189E+01    0.230437248587608334E+00   -0.439556517582290809E+02   -0.552389509141426327E+01    1
    0.219282127916812897E+03    0.471400797367095947E+00   -0.161737501621246338E+01    0.434368627667427065E+00   -0.436839260682196198E+02   -0.553170759141427304E+01    1
    0.337038560211658478E+03    0.829187631607055664E+00   -0.205607175827026367E+01    0.127138546442985528E+00   -0.424279174425723653E+02   -0.553952009141427837E+01    1
    0.237555213272571564E+03   -0.125937342643737793E+01    0.153553485870361328E-01    0.291232087612152100E-01   -0.421333116095693185E+02   -0.554733259141427215E+01    1
    0.254507552087306976E+03   -0.154448956251144409E+01   -0.569626092910766602E+00    0.140085906028747570E+00   -0.403662925498372260E+02   -0.555514509141427126E+01    1
    0.329909785091876984E+03    0.739494740962982178E+00   -0.240239441394805908E+01    0.231324922871589678E+00   -0.398966886454700500E+02   -0.556295759141427038E+01    1
    0.186333389580249786E+03    0.598870992660522461E+00   -0.278297066688537598E+00    0.487992949962616010E-01   -0.397049957893336511E+02   -0.557077009141426682E+01    1
    0.191736015677452087E+03   -0.165865725278854370E+01   -0.396039485931396484E+00    0.269124978876113918E+00   -0.393475907638977347E+02   -0.557858259141426949E+01    1
    0.177431634068489075E+03    0.591985940933227539E+00   -0.525854825973510742E+00    0.143722170352935802E+00   -0.389276098922595182E+02   -0.558639509141427038E+01    1
    0.317743687331676483E+03   -0.169203162193298340E+00   -0.177663505077362061E+01    0.231101997828483591E+00   -0.386573829213988063E+02   -0.559420759141427038E+01    1
    0.133461149036884308E+03   -0.953080356121063232E+00   -0.303468704223632812E+00    0.440627007722854624E+00   -0.383910984936020938E+02   -0.560202009141427748E+01    1
    0.235523614287376404E+03   -0.114728552103042603E+01   -0.576993227005004883E+00    0.141386029171943678E+00   -0.383622753904319538E+02   -0.560983259141427482E+01    1
    0.226050508022308350E+03   -0.191951370239257812E+01   -0.448948144912719727E+00    0.124952045488357547E+00   -0.355987238968782123E+02   -0.561764509141427304E+01    1
    0.339138488471508026E+03   -0.174103826284408569E+01   -0.168740034103393555E+01    0.187971324348449709E+00   -0.348787769567476502E+02   -0.562545759141427126E+01    1
    0.138272508978843689E+03   -0.130486565828323364E+01   -0.115305185317993164E-01    0.273318453454971300E+00   -0.338902590584124468E+02   -0.563327009141427126E+01    1
    0.222613324224948883E+03   -0.136207771301269531E+01   -0.192075192928314209E+01    0.504162657952308635E+00   -0.338055540746248795E+02   -0.564108259141427304E+01    1
    0.247706167399883270E+03    0.199441432952880859E+00   -0.256538927555084229E+01    0.508265618276596109E+00   -0.336157158062331689E+02   -0.564889509141427038E+01    1
    0.340295673906803131E+03    0.928085505962371826E+00   -0.300949871540069580E+01    0.209886213970184338E+00   -0.334848113928872095E+02   -0.565670759141426860E+01    1
    0.242647950351238251E+03   -0.133469557762145996E+01   -0.198615610599517822E+01    0.449184340667724613E+00   -0.330823136569831959E+02   -0.566452009141426682E+01    1
    0.348419991135597229E+03    0.663328588008880615E+00   -0.303868234157562256E+01    0.286946085834503206E+00   -0.325659851833232850E+02   -0.567233259141426682E+01    1
    0.167109581828117371E+03   -0.536066591739654541E+00   -0.476619005203247070E+00    0.216967239975929260E+00   -0.324655842903700460E+02   -0.568014509141426771E+01    1
    0.317254774272441864E+03   -0.166233491897583008E+01   -0.305144786834716797E+01    0.559729642009735073E+00   -0.318869144582036839E+02   -0.568795759141426771E+01    1
    0.255883136391639709E+03   -0.427946746349334717E+00   -0.178526401519775391E+01    0.281522190570831332E+00   -0.315224560838131040E+02   -0.569577009141426771E+01    1
    0.223200942575931549E+03   -0.627201616764068604E+00   -0.475124120712280273E+00    0.603736560344696107E-02   -0.312295737235077873E+02   -0.570358259141427038E+01    1
    0.330265499651432037E+03   -0.194584155082702637E+01   -0.207193255424499512E+01    0.251065866851806652E+00   -0.307136111653958395E+02   -0.571139509141427126E+01    1
    0.145892289280891418E+03    0.835478305816650391E-03   -0.474688410758972168E+00    0.234729800963401791E+00   -0.305533028406829565E+02   -0.571920759141427038E+01    1
    0.193763819336891174E+03   -0.177407431602478027E+01   -0.827165246009826660E+00    0.240370548319816607E+00   -0.302001125233924732E+02   -0.572702009141427482E+01    1
    0.141972951591014862E+03   -0.168415594100952148E+01   -0.505436062812805176E+00    0.346529030084610001E+00   -0.298852642349988251E+02   -0.573483259141427482E+01    1
    0.133816246688365936E+03   -0.944782495498657227E+00   -0.383684039115905762E+00    0.302531528234481817E+00   -0.291540894646419169E+02   -0.574264509141427038E+01    1
    0.238019262254238129E+03    0.981904208660125732E+00   -0.214988887310028076E+01    0.984512595176696842E-01   -0.289313256721655350E+02   -0.575045759141426860E+01    1
    0.349412073194980621E+03   -0.138405734300613403E+01   -0.183482050895690918E+01    0.759610772609710660E-01   -0.278252776012543102E+02   -0.575827009141427304E+01    1
    0.185841593146324158E+03   -0.188394117355346680E+01   -0.107997536659240723E+01    0.291051912045478811E+00   -0.276585231580693751E+02   -0.576608259141427304E+01    1
    0.161877182126045227E+03   -0.170956397056579590E+01   -0.760673880577087402E+00    0.287232538032531737E+00   -0.274809646592679364E+02   -0.577389509141427215E+01    1
    0.152717424929141998E+03   -0.171999830007553101E+01   -0.107049942016601562E-02    0.985446737766265957E-01   -0.271060503847111605E+02   -0.578170759141427126E+01    1
    0.278525365889072418E+03    0.288196980953216553E+00   -0.332953631877899170E+01    0.514785305786132796E+00   -0.271023198785277657E+02   -0.578952009141427215E+01    1
    0.187943010032176971E+03   -0.443136453628540039E+00   -0.180124521255493164E+01    0.409452779388427723E+00   -0.270014060368412565E+02   -0.579733259141427038E+01    1
    0.202552962303161621E+03   -0.156185668706893921E+01   -0.163573324680328369E+01    0.370896265769004807E+00   -0.267426189473213540E+02   -0.580514509141426771E+01    1
    0.309178227186203003E+03   -0.112767124176025391E+01   -0.340805709362030029E+01    0.554605811905860890E+00   -0.265235817784037877E+02   -0.581295759141427393E+01    1
    0.221397358179092407E+03   -0.190446794033050537E+01   -0.118336141109466553E+01    0.186201809906959531E+00   -0.263462541419380436E+02   -0.582077009141427482E+01    1
    0.297391688823699951E+03   -0.172735774517059326E+01   -0.166859149932861328E+01    0.118714067816734312E+00   -0.262711922424902866E+02   -0.582858259141427570E+01    1
    0.210843053460121155E+03   -0.114203929901123047E+00   -0.196011543273925781E+01    0.339265133213996872E+00   -0.257209507934421993E+02   -0.583639509141427126E+01    1
    0.304064595699310303E+03   -0.513125658035278320E+00   -0.188696444034576416E+01    0.828249441146850646E-01   -0.253232536328734916E+02   -0.584420759141426860E+01    1
    0.309259162843227386E+03    0.812873899936676025E+00   -0.366017758846282959E+01    0.342153025817871104E+00   -0.252356974963701575E+02   -0.585202009141427393E+01    1
    0.244500270485877991E+03   -0.187748348712921143E+01   -0.183471679687500000E+01    0.275311336469650281E+00   -0.248806442071536473E+02   -0.585983259141427748E+01    1
    0.132383893430233002E+03    0.692331850528717041E+00   -0.509061813354492188E+00    0.439254452705383283E-01   -0.244156114841357059E+02   -0.586764509141427215E+01    1
    0.291720184683799744E+03   -0.520494937896728516E+00   -0.280161440372467041E+01    0.350594904470443725E+00   -0.241172359257621949E+02   -0.587545759141427215E+01    1
    0.284087918698787689E+03   -0.686721622943878174E+00   -0.209200084209442139E+01    0.170061101961135858E+00   -0.238528643063607007E+02   -0.588327009141427304E+01    1
    0.137984640896320343E+03   -0.155814075469970703E+01   -0.621123909950256348E+00    0.275294823503494268E+00   -0.238425951128671016E+02   -0.589108259141427215E+01    1
    0.139306795597076416E+03    0.636200726032257080E+00   -0.465127229690551758E+00    0.869967198371887195E-03   -0.236643170894050705E+02   -0.589889509141427570E+01    1
    0.130095352232456207E+03    0.732440352439880371E+00   -0.152410924434661865E+01    0.320996402049064655E+00   -0.235951702795406462E+02   -0.590670759141427304E+01    1
    0.215932504832744598E+03   -0.100384777784347534E+01   -0.186342120170593262E+01    0.294348807621002184E+00   -0.232014163225566925E+02   -0.591452009141427748E+01    1
    0.155503877997398376E+03    0.360984086990356445E+00   -0.182013809680938721E+01    0.394795133686065669E+00   -0.231457157755180276E+02   -0.592233259141427659E+01    1
    0.198420523107051849E+03   -0.793279170989990234E+00   -0.161855340003967285E+01    0.265784446763992321E+00   -0.229915957542761333E+02   -0.593014509141427659E+01    1
    0.306257489323616028E+03    0.129699707031250000E+00   -0.273724496364593506E+01    0.215957219624519359E+00   -0.228702220328270123E+02   -0.593795759141427748E+01    1
    0.253724843263626099E+03   -0.876918315887451172E+00   -0.256363749504089355E+01    0.359856017303466835E+00   -0.224069357036193324E+02   -0.594577009141426949E+01    1
    0.185730294883251190E+03   -0.131601202487945557E+01   -0.224932372570037842E+01    0.494627921175956720E+00   -0.222873350040097016E+02   -0.595358259141426593E+01    1
    0.169931936264038086E+03    0.129081726074218750E+00   -0.246889650821685791E+01    0.531801439762115469E+00   -0.221658756693691501E+02   -0.596139509141426860E+01    1
    0.177520879710186620E+03    0.313907816481588053E+00   -0.189522836838817499E+01    0.301511836132443534E+00   -0.220245027442249963E+02   -0.596920759141426593E+01    1
    0.338725401461124420E+03    0.752361834049224854E+00   -0.450423598289489746E+01    0.460990838527679470E+00   -0.213670207528513423E+02   -0.597702009141426682E+01    1
    0.160534981036033628E+03   -0.130640171230990854E+01   -0.206538479172238532E+01    0.524219568034488659E+00   -0.212429490761695980E+02   -0.598483259141427570E+01    1
    0.137322403490543365E+03    0.128830492496490479E+00   -0.122909545898437500E+01    0.290254206132888826E+00   -0.210761580967140176E+02   -0.599264509141427126E+01    1
    0.289259231090545654E+03   -0.411978662014007568E+00   -0.288606286048889160E+01    0.275710138249397274E+00   -0.195654986642273769E+02   -0.600045759141427215E+01    1
    0.167148111760616302E+03   -0.168459975719451904E+01   -0.885421633720397949E+00    0.133824557733535771E+00   -0.195630921861942078E+02   -0.600827009141427126E+01    1
    0.340840604901313782E+03    0.575102686882019043E+00   -0.406253755092620850E+01    0.353187133097648653E+00   -0.193283320916159767E+02   -0.601608259141427038E+01    1
    0.239240780472755432E+03    0.777775228023529053E+00   -0.401049196720123291E+01    0.496149468183517461E+00   -0.190681865589663850E+02   -0.602389509141427926E+01    1
    0.190759954562251778E+03   -0.144884690755983558E+01   -0.176623496753847187E+01    0.269666597551156573E+00   -0.188380178319768703E+02   -0.603170759141427570E+01    1
    0.334929338097572327E+03   -0.104040521383285522E+01   -0.392245233058929443E+01    0.479496141815185573E+00   -0.188100268652077673E+02   -0.603952009141427215E+01    1
    0.342930461466312408E+03    0.411484181880950928E+00   -0.434832990169525146E+01    0.453323875164985679E+00   -0.180581157683056510E+02   -0.604733259141427837E+01    1
    0.224133667349815369E+03   -0.152193039655685425E+01   -0.229041516780853271E+01    0.289596348667144787E+00   -0.177522469923614636E+02   -0.605514509141427748E+01    1
    0.321604137122631073E+03   -0.138009786605834961E-01   -0.428684115409851074E+01    0.516452774190902741E+00   -0.175162365768633421E+02   -0.606295759141427126E+01    1
    0.201245224475860596E+03    0.578020572662353516E+00   -0.236289978027343750E+01    0.173455676507949824E+00   -0.171269186895506458E+02   -0.607077009141427482E+01    1
    0.256262145936489105E+03   -0.177906054258346558E+01   -0.314915478229522705E+01    0.434829898953437821E+00   -0.169212698103279173E+02   -0.607858259141427482E+01    1
    0.176381427649431259E+03    0.629442479563153690E+00   -0.337422760013749379E+01    0.520724278743680435E+00   -0.168284719947472361E+02   -0.608639509141426860E+01    1
    0.303763313265193119E+03   -0.869469019090718165E+00   -0.284165450022669752E+01    0.178188693348320937E+00   -0.166028878228236429E+02   -0.609420759141427393E+01    1
    0.311580252647399902E+03   -0.153060555458068848E-01   -0.399480164051055908E+01    0.429928140950202931E+00   -0.165952759680118085E+02   -0.610202009141427393E+01    1
    0.220696362853050232E+03    0.948727607727050781E+00   -0.449605584144592285E+01    0.547711239123344407E+00   -0.165335953359887462E+02   -0.610983259141426860E+01    1
    0.329701055586338043E+03   -0.109415256977081299E+01   -0.245995640754699707E+01    0.245224029779434229E-01   -0.163804299434017544E+02   -0.611764509141427482E+01    1
    0.275330613553524017E+03    0.840737044811248779E+00   -0.459367632865905762E+01    0.459830325007438701E+00   -0.162532847910442904E+02   -0.612545759141427215E+01    1
    0.335138295590877533E+03    0.441492915153503418E+00   -0.458088040351867676E+01    0.458112737703323392E+00   -0.156265584612335893E+02   -0.613327009141427215E+01    1
    0.166688635945320129E+03    0.351289868354797363E+00   -0.215037465095520020E+01    0.264398074078559864E+00   -0.156116535167538721E+02   -0.614108259141427126E+01    1
    0.318963927643329271E+03    0.852152204535183255E+00   -0.496060342559585177E+01    0.418976567682047385E+00   -0.149457411244674638E+02   -0.614889509141426327E+01    1
    0.169677166640758514E+03   -0.165610986948013306E+01   -0.167072236537933350E+01    0.227618921971321109E+00   -0.148356335308102931E+02   -0.615670759141427038E+01    1
    0.182083469629287720E+03    0.357845187187194824E+00   -0.315821349620819092E+01    0.456177445363998402E+00   -0.146301169775224889E+02   -0.616452009141426771E+01    1
    0.173101489245891571E+03   -0.154396545886993408E+01   -0.116417348384857178E+01    0.481771587610244773E-01   -0.144441747621808183E+02   -0.617233259141426593E+01    1
    0.224754357337951660E+03   -0.183825796842575073E+01   -0.325003981590270996E+01    0.486457789993286149E+00   -0.144041458401733458E+02   -0.618014509141427659E+01    1
    0.252018448710441589E+03    0.364786386489868164E-02   -0.406003057956695557E+01    0.529146843981742832E+00   -0.140973228389587213E+02   -0.618795759141427215E+01    1
    0.321264851093292236E+03    0.466291546821594238E+00   -0.314436376094818115E+01    0.296225895166397114E-01   -0.139247403909234411E+02   -0.619577009141426949E+01    1
    0.317757111787796021E+03   -0.188358461856842041E+01   -0.347476422786712646E+01    0.300861944532394399E+00   -0.138992257410838640E+02   -0.620358259141426771E+01    1
    0.263378384252747765E+03    0.811991869261059485E+00   -0.469899439246603823E+01    0.456379542823979523E+00   -0.137048801783021279E+02   -0.621139509141426327E+01    1
    0.323820620775222778E+03   -0.151184421777725220E+01   -0.434633135795593262E+01    0.505408329248428378E+00   -0.134972738889115771E+02   -0.621920759141426949E+01    1
    0.293205623138402984E+03   -0.111295719385475111E+01   -0.356982366830697329E+01    0.333498905010050528E+00   -0.133167933393209967E+02   -0.622702009141427304E+01    1
    0.274512647092342377E+03    0.628530323505401611E+00   -0.393319606781005859E+01    0.266973550915718061E+00   -0.130168282184434734E+02   -0.623483259141427393E+01    1
    0.209587511420249939E+03   -0.583336949348449707E-01   -0.235492467880249023E+01    0.142331874132156366E+00   -0.130038736293138815E+02   -0.624264509141427482E+01    1
    0.322774854302406311E+03   -0.186920762062072754E+00   -0.301769673824310303E+01    0.477739899158477824E-01   -0.129163400044976555E+02   -0.625045759141427126E+01    1
    0.153051480650901794E+03    0.912798523902893066E+00   -0.318336009979248047E+01    0.306533363699913020E+00   -0.127314777607946894E+02   -0.625827009141426860E+01    1
    0.210961084067821503E+03   -0.192743855714797974E+01   -0.194626629352569580E+01    0.109761310744285592E+00   -0.127007778161523479E+02   -0.626608259141427304E+01    1
    0.296706451979425196E+03   -0.689467220048713081E+00   -0.292696806630571382E+01    0.100480274821057994E+00   -0.126610723887917302E+02   -0.627389509141427126E+01    1
    0.242020997405052185E+03    0.181063294410705566E+00   -0.335590600967407227E+01    0.280300231075286899E+00   -0.123601416680677652E+02   -0.628170759141427304E+01    1
    0.275030307691610915E+03   -0.169261067012927846E+01   -0.426010870341855252E+01    0.558361576404805438E+00   -0.121709667292138786E+02   -0.628952009141427304E+01    1
    0.294781228899955750E+03   -0.776798427104949951E+00   -0.272966206073760986E+01    0.353769829273223868E-01   -0.120587344826891716E+02   -0.629733259141426682E+01    1
    0.153624541830537510E+03   -0.255097721175980174E+00   -0.315420656226048557E+01    0.565908482942126700E+00   -0.120497685969310115E+02   -0.630514509141426771E+01    1
    0.348336655106042770E+03   -0.144540519056908101E+01   -0.463815264138350969E+01    0.489479988388069442E+00   -0.119369474048475954E+02   -0.631295759141427393E+01    1
    0.282609806954860687E+03    0.441906332969665527E+00   -0.304324924945831299E+01    0.312344801902771016E-01   -0.119046550457285676E+02   -0.632077009141427393E+01    1
    0.312197710573673248E+03   -0.122350817918777466E+01   -0.378302156925201416E+01    0.301596942114830013E+00   -0.117696221362021696E+02   -0.632858259141427215E+01    1
    0.190630924996507360E+03   -0.161878572736795689E+01   -0.256586098214074010E+01    0.296172642912034545E+00   -0.114179785771595625E+02   -0.633639509141427126E+01    1
    0.175574713945388794E+03   -0.525510489940643311E+00   -0.230151414871215820E+01    0.216313613104820252E+00   -0.113913622358978746E+02   -0.634420759141426949E+01    1
    0.144648772546973163E+03    0.506218365745479737E+00   -0.230872111483564302E+01    0.224512055673181665E+00   -0.112679543461089686E+02   -0.635202009141426949E+01    1
    0.295982201397418976E+03   -0.102343595027923584E+01   -0.374363780021667480E+01    0.297231650805473313E+00   -0.110647320708822559E+02   -0.635983259141426771E+01    1
    0.210816010664661917E+03    0.597929316887981344E+00   -0.338763461856641435E+01    0.233735445368130984E+00   -0.108844117386880050E+02   -0.636764509141426682E+01    1
    0.326156878471374512E+03   -0.105381768941879272E+01   -0.413325250148773193E+01    0.334397902321815488E+00   -0.108791361348085136E+02   -0.637545759141426593E+01    1
    0.164508414401806419E+03   -0.460126777287017674E+00   -0.177394091839856660E+01    0.869029533648392888E-01   -0.108170605988344537E+02   -0.638327009141426771E+01    1
    0.253381946079363473E+03   -0.829913841041091338E+00   -0.428976160326683420E+01    0.536220041332606145E+00   -0.107433516131503382E+02   -0.639108259141427304E+01    1
    0.149056885720578833E+03   -0.122303830231632849E+01   -0.124089218337782858E+01    0.344702436367085377E-01   -0.107311844345124321E+02   -0.639889509141427215E+01    1
    0.299317259130102286E+03   -0.197071428068534948E+01   -0.358965163167254220E+01    0.271917227289526942E+00   -0.106138751097887862E+02   -0.640670759141427126E+01    1
    0.159033665174816775E+03   -0.706467196790103946E+00   -0.199205310866763341E+01    0.177384397179522341E+00   -0.105927247389733754E+02   -0.641452009141427126E+01    1
    0.302197558710619887E+03    0.707807009892758021E+00   -0.407615944355866855E+01    0.118960762515332538E+00   -0.105384235193498785E+02   -0.642233259141426949E+01    1
    0.327308873832225800E+03   -0.195897936820983887E+00   -0.319956243038177490E+01    0.984223959445953457E-02   -0.105161897785550682E+02   -0.643014509141427215E+01    1
    0.255183482170104980E+03   -0.166809988021850586E+01   -0.268194794654846191E+01    0.954970079898834201E-01   -0.102499399783916552E+02   -0.643795759141427748E+01    1
    0.147820287942886353E+03   -0.805183887481689453E+00   -0.137169778347015381E+01    0.180323296308517456E-01   -0.973434771388867937E+01   -0.644577009141427570E+01    1
    0.185338222980499268E+03   -0.676647961139678955E+00   -0.215521812438964844E+01    0.783017219781875634E-01   -0.969134174077632515E+01   -0.645358259141426771E+01    1
    0.153731042641956975E+03    0.406439596035950590E+00   -0.318959247498627274E+01    0.413022320261638098E+00   -0.966161672169554642E+01   -0.646139509141426860E+01    1
    0.272373732924461365E+03   -0.105665349960327148E+01   -0.406279981136322021E+01    0.367819156408309922E+00   -0.914368820183258535E+01   -0.646920759141426949E+01    1
    0.141609632968902588E+03   -0.986450254917144775E+00   -0.140717446804046631E+01    0.394639420509338423E-01   -0.909460208188291119E+01   -0.647702009141426327E+01    1
    0.136114763935545682E+03    0.548813846373265246E+00   -0.348905327919913555E+01    0.505708345046033680E+00   -0.909450661005087824E+01   -0.648483259141426416E+01    1
    0.180070290402064359E+03   -0.121628613399504548E+01   -0.307373260870292331E+01    0.364999429646029661E+00   -0.908355495852662287E+01   -0.649264509141426593E+01    1
    0.257064220309257507E+03   -0.169231057167053223E+01   -0.264418721199035645E+01    0.327693331003189106E-01   -0.906104492670133332E+01   -0.650045759141426771E+01    1
    0.262778492271900177E+03   -0.199471336603164673E+01   -0.311692118644714355E+01    0.161484697222709667E+00   -0.899481166417512235E+01   -0.650827009141426682E+01    1
    0.148360350728034973E+03    0.259562969207763672E+00   -0.366691052913665771E+01    0.568897545289993256E+00   -0.897122971330775876E+01   -0.651608259141426682E+01    1
    0.317829625308513641E+03   -0.157334208488464355E-01   -0.374810934066772461E+01    0.103311359810829173E+00   -0.891733709920475093E+01   -0.652389509141426860E+01    1
    0.224864582717418671E+03    0.823709845542907715E+00   -0.409127712249755859E+01    0.183305114936828606E+00   -0.888452435317294231E+01   -0.653170759141427215E+01    1
    0.140910877287387848E+03   -0.477226257324218750E+00   -0.173133969306945801E+01    0.100754067707061773E+00   -0.888416478772812823E+01   -0.653952009141427570E+01    1
    0.213370861113071442E+03    0.348511993885040283E+00   -0.321447193622589111E+01    0.174252870655059816E+00   -0.883842502816485265E+01   -0.654733259141427926E+01    1
    0.176376610189004623E+03   -0.106816828113563589E+01   -0.235808140151393220E+01    0.155701749901004050E+00   -0.880508636527165756E+01   -0.655514509141427837E+01    1
    0.311459086427050124E+03   -0.100142169385597990E+01   -0.422397509580837749E+01    0.303983177912187597E+00   -0.879657154772402627E+01   -0.656295759141427215E+01    1
    0.136777392029762268E+03   -0.205115795135498047E+00   -0.474276661872863770E+01    0.224444747757911678E+00   -0.877239352258963301E+01   -0.657077009141427215E+01    1
    0.255003942027901445E+03   -0.117496877396096933E+01   -0.383630343373262761E+01    0.339176511349232546E+00   -0.872011143661377908E+01   -0.657858259141427482E+01    1
    0.329428006708621979E+03   -0.135392898321151733E+01   -0.328661561012268066E+01    0.195786802053451552E-01   -0.870540019370397111E+01   -0.658639509141427038E+01    1
    0.271039655804634094E+03    0.370879828929901123E+00   -0.423071146011352539E+01    0.286913059902191181E+00   -0.869168959387639539E+01   -0.659420759141426860E+01    1
    0.188436120748519897E+03   -0.130969166755676270E+01   -0.273754894733428955E+01    0.228670156502723709E+00   -0.869125831842166718E+01   -0.660202009141426860E+01    1
    0.180244989693164825E+03   -0.106234103441238403E+01   -0.334912359714508057E+01    0.417887152147293106E+00   -0.866338154586620668E+01   -0.660983259141427215E+01    1
    0.171257867834605520E+03   -0.140744398620813271E+01   -0.450017948162523940E+01    0.774249009821392498E-01   -0.861112957402678170E+01   -0.661764509141427659E+01    1
    0.191955004632472992E+03   -0.723237395286560059E+00   -0.477451205253601074E+01    0.439664206266403221E-01   -0.860810236773488491E+01   -0.662545759141427837E+01    1
    0.294887994273530012E+03    0.269353771624481375E+00   -0.447798062357743198E+01    0.312125941399037043E+00   -0.856501276383113108E+01   -0.663327009141427837E+01    1
    0.298228216171264648E+03    0.502649962902069092E+00   -0.402969419956207275E+01    0.120343017339706426E+00   -0.855823742230121987E+01   -0.664108259141427570E+01    1
    0.248218482732772827E+03   -0.853790521621704102E+00   -0.393030047416687012E+01    0.360351372170448325E+00   -0.854156000858777986E+01   -0.664889509141427126E+01    1
    0.235518579432953317E+03   -0.855081613250043171E+00   -0.364592085993619763E+01    0.307428179731211892E+00   -0.844674258803267541E+01   -0.665670759141426949E+01    1
    0.129079157114028931E+03   -0.119964510202407837E+01   -0.257929623126983643E+01    0.427482993721961968E+00   -0.840775531308256419E+01   -0.666452009141427482E+01    1
    0.259889176487922668E+03    0.242750167846679688E+00   -0.310835540294647217E+01    0.237674124240875272E-02   -0.840306930112474681E+01   -0.667233259141427837E+01    1
    0.308291446741144568E+03   -0.939933540839763548E+00   -0.449165202884244241E+01    0.359669402182191011E+00   -0.827837616718409031E+01   -0.668014509141427837E+01    1
    0.297053810954093933E+03   -0.976055979728698730E+00   -0.398179113864898682E+01    0.239467282247543350E+00   -0.810905271102964420E+01   -0.668795759141427659E+01    1
    0.138881241632088290E+03   -0.963388147204396361E+00   -0.327364427634412181E+01    0.551304971867067173E+00   -0.807889355346854110E+01   -0.669577009141427304E+01    1
    0.264047573521716231E+03   -0.640145953615842034E+00   -0.447294025706353615E+01    0.436321582425981513E+00   -0.805920941819140957E+01   -0.670358259141426682E+01    1
    0.149791309237480164E+03    0.726521253585815430E+00   -0.495513737201690674E+01    0.184153792691230778E+00   -0.797674107058099491E+01   -0.671139509141426149E+01    1
    0.345768144726753235E+03   -0.267052650451660156E+00   -0.383772790431976318E+01    0.494834230899810837E-01   -0.783515189644019383E+01   -0.671920759141426238E+01    1
    0.193550288677215576E+03    0.986185014247894287E+00   -0.441762864589691162E+01    0.123734111881256104E+00   -0.781116147748324341E+01   -0.672702009141426149E+01    1
    0.235951734208058383E+03   -0.129341075335678801E+01   -0.397843481623672801E+01    0.392207762790436620E+00   -0.781046250243603524E+01   -0.673483259141427038E+01    1
    0.144751225708116607E+03   -0.108690474104801527E+01   -0.292586618975053847E+01    0.413565122237220195E+00   -0.780851136730778261E+01   -0.674264509141428192E+01    1
    0.221263453658490675E+03   -0.188990069511613057E+01   -0.275157895168691047E+01    0.111837157107694665E+00   -0.778725190229673458E+01   -0.675045759141427837E+01    1
    0.136641336977481842E+03   -0.141770511865615845E+01   -0.449564039707183838E+01    0.270639770579338079E+00   -0.775885406853463877E+01   -0.675827009141426771E+01    1
    0.178091119711188981E+03    0.185311426207309893E+00   -0.325573291383206964E+01    0.267037671015930456E+00   -0.775029734100684831E+01   -0.676608259141426949E+01    1
    0.202546812333519341E+03    0.391051060116700100E+00   -0.456089941490652162E+01    0.538519090869057471E+00   -0.773864015801360772E+01   -0.677389509141427126E+01    1
    0.139582387934151569E+03   -0.127329137789185487E+01   -0.466551287699779138E+01    0.299284645034826935E+00   -0.773835794440222458E+01   -0.678170759141426238E+01    1
    0.211734292611424166E+03    0.745216300001610765E+00   -0.392256662071521722E+01    0.147183551753457098E+00   -0.762610305941490640E+01   -0.678952009141426061E+01    1
    0.129990882800427613E+03   -0.118391179173769512E+00   -0.423177197307452158E+01    0.162198794582765704E+00   -0.759984433928912750E+01   -0.679733259141426327E+01    1
    0.264605693519115448E+03   -0.182689756155014038E+01   -0.356148183345794678E+01    0.208274289178848271E+00   -0.757188446856933162E+01   -0.680514509141427482E+01    1
    0.302488180994987488E+03   -0.188144940137863159E+01   -0.330179274082183838E+01    0.454155698776245106E-01   -0.751755779382985168E+01   -0.681295759141427570E+01    1
    0.263162410259246826E+03    0.279692411422729492E-01   -0.370931267738342285E+01    0.145159241938591005E+00   -0.748010348868150299E+01   -0.682077009141426860E+01    1
    0.139716685032737672E+03   -0.178169278495336147E+01   -0.450483542328733311E+01    0.292806955233320620E+00   -0.744574282551291766E+01   -0.682858259141427482E+01    1
    0.147092434306835344E+03    0.653252246334047992E+00   -0.301488205960831435E+01    0.168002936657847157E+00   -0.738893305355952013E+01   -0.683639509141427926E+01    1
    0.140482374482203227E+03   -0.195427234820679807E-01   -0.313224451015063110E+01    0.400596171450158356E+00   -0.728045620786728342E+01   -0.684420759141426682E+01    1
    0.258497861027717590E+03   -0.131942772865295410E+01   -0.441454112529754639E+01    0.429352131843566909E+00   -0.727459624776880620E+01   -0.685202009141426238E+01    1
    0.264377236366271973E+03   -0.758976221084594727E+00   -0.365611135959625244E+01    0.168376950001716624E+00   -0.725893412165178020E+01   -0.685983259141427304E+01    1
    0.256821594761225413E+03    0.691304079790535653E+00   -0.485984487199776005E+01    0.287115707098507644E+00   -0.722501366432822145E+01   -0.686764509141426860E+01    1
    0.348752705752849579E+03   -0.944387853145599365E+00   -0.414302945137023926E+01    0.134828846311569217E+00   -0.722427286227863608E+01   -0.687545759141427038E+01    1
    0.184986662123492152E+03   -0.125094455778604385E+01   -0.426547912315183719E+01    0.120753979430982695E-01   -0.721789375897998298E+01   -0.688327009141427482E+01    1
    0.218364390476779363E+03   -0.703195842681181515E+00   -0.400357172031155528E+01    0.395444859868332443E+00   -0.721389493003920546E+01   -0.689108259141427215E+01    1
    0.328095689266051181E+03    0.301397027879676926E+00   -0.489399438229988260E+01    0.279996568994750394E+00   -0.717464718076200469E+01   -0.689889509141426771E+01    1
    0.304755301073823148E+03   -0.141783991748450688E+01   -0.366073189368140905E+01    0.992295613586486741E-01   -0.712866889826021666E+01   -0.690670759141425794E+01    1
    0.339372071350648923E+03   -0.250818647288290952E+00   -0.474041680703304902E+01    0.270909615726911912E+00   -0.710579054061397564E+01   -0.691452009141426860E+01    1
    0.242506329715251923E+03   -0.593948662281036377E+00   -0.385120213031768799E+01    0.264885445404052733E+00   -0.708565542970164053E+01   -0.692233259141427748E+01    1
    0.128886601328849792E+03    0.861599445343017578E+00   -0.399823367595672607E+01    0.342099802207946779E+00   -0.702858078924856677E+01   -0.693014509141427659E+01    1
    0.133706852793693542E+03    0.815336346626281738E+00   -0.383716881275177002E+01    0.332093490600585961E-01   -0.701663939126637537E+01   -0.693795759141427570E+01    1
    0.186489748954772949E+03   -0.139641284942626953E+00   -0.283049464225769043E+01    0.103895795989036560E+00   -0.690826071495313432E+01   -0.694577009141427482E+01    1
    0.197173978339105872E+03   -0.133197675031489826E+00   -0.351079530691691133E+01    0.269111737285544328E+00   -0.685807167849423571E+01   -0.695358259141427304E+01    1
    0.197904264926910400E+03   -0.100372135639190674E+00   -0.338347852230072021E+01    0.224641948056221008E+00   -0.680648871851232506E+01   -0.696139509141427038E+01    1
    0.169988054388059254E+03    0.808356321461698446E+00   -0.470209217514117128E+01    0.149405100483692099E+00   -0.680026745896410478E+01   -0.696920759141427393E+01    1
    0.260751238465309143E+03   -0.367305040359497070E+00   -0.407623350620269775E+01    0.245730302309989934E+00   -0.674389543170006078E+01   -0.697702009141427038E+01    1
    0.166854840065023410E+03   -0.427184596402935934E+00   -0.437423273057564810E+01    0.104501880050736268E+00   -0.673738064712783569E+01   -0.698483259141426505E+01    1
    0.131272140996045493E+03   -0.511873790897277026E-01   -0.436840216816809335E+01    0.239339179053460471E+00   -0.673354423783823108E+01   -0.699264509141427038E+01    1
    0.166646475399831985E+03   -0.134799240884304616E-01   -0.458738681649894531E+01    0.141555644625976945E+00   -0.668154687364323241E+01   -0.700045759141427126E+01    1
    0.239006546377571397E+03   -0.163312653356312310E+01   -0.370221546763824794E+01    0.256054041434672031E+00   -0.666503323287811256E+01   -0.700827009141426593E+01    1
    0.183275587549017303E+03   -0.151057851637847373E+01   -0.372006286740270697E+01    0.426458646674634845E+00   -0.663434437544580025E+01   -0.701608259141426682E+01    1
    0.260485234545885305E+03   -0.906968357231485278E+00   -0.419689838111338798E+01    0.302642699259147774E+00   -0.661448608639365077E+01   -0.702389509141426949E+01    1
    0.171740796381414839E+03   -0.133156893326605408E+01   -0.330739049153982201E+01    0.349537295737590015E+00   -0.659478879585460653E+01   -0.703170759141427393E+01    1
    0.195900614559650421E+03    0.452427387237548828E+00   -0.462301254272460938E+01    0.481409632945060728E+00   -0.648364794663144561E+01   -0.703952009141427126E+01    1
    0.276019550643971570E+03    0.126200071050583951E+00   -0.437107401342307433E+01    0.227464398440055837E+00   -0.646404110814295318E+01   -0.704733259141426593E+01    1
    0.140579480531088535E+03   -0.151404476205027128E+01   -0.319042149189127411E+01    0.447945947242208431E+00   -0.641490647790583957E+01   -0.705514509141426505E+01    1
    0.280190747597058248E+03    0.134307008158491392E+00   -0.437064025816821466E+01    0.214440085470931990E+00   -0.641478594178095740E+01   -0.706295759141427038E+01    1
    0.243667245711978467E+03   -0.789088995051517861E+00   -0.435470615093078450E+01    0.373931176736610749E+00   -0.640510273766690297E+01   -0.707077009141427748E+01    1
    0.135214508251948700E+03   -0.133139754922501719E+01   -0.464562053211391834E+01    0.401468059988569381E+00   -0.636363188144620295E+01   -0.707858259141427659E+01    1
    0.215389708638743514E+03    0.771786568462060174E+00   -0.482730400019304540E+01    0.806136436639172532E-01   -0.633355102718415441E+01   -0.708639509141427038E+01    1
    0.183338470139138707E+03    0.751913702163076181E+00   -0.453502610029746922E+01    0.801369096356587401E-01   -0.630548844622519145E+01   -0.709420759141427215E+01    1
    0.201853678500482602E+03   -0.125026843146294420E+01   -0.378261130285144098E+01    0.355416133925443134E+00   -0.629228393466285851E+01   -0.710202009141427038E+01    1
    0.183458290725888389E+03   -0.150677862445735489E+01   -0.372469007400397834E+01    0.403141283831708441E+00   -0.628249668773961023E+01   -0.710983259141426949E+01    1
    0.201313541582948346E+03    0.766028978927790760E+00   -0.452961164574363906E+01    0.520721638753360652E-01   -0.625328109083745165E+01   -0.711764509141427482E+01    1
    0.163038998599827266E+03   -0.153039292755851086E+01   -0.445638101865537273E+01    0.240741571161739332E+00   -0.619301366225027206E+01   -0.712545759141426949E+01    1
    0.158530429747973642E+03   -0.489324869646969418E+00   -0.495575703475295271E+01    0.348449397685260842E+00   -0.616940478247237323E+01   -0.713327009141426505E+01    1
    0.228839517925690643E+03    0.529173840121907268E+00   -0.461410420411899214E+01    0.307189882050844632E+00   -0.616669212296657410E+01   -0.714108259141426771E+01    1
    0.161539527035310783E+03   -0.658554208473286495E+00   -0.442952653929715634E+01    0.196033099379214593E+00   -0.612941955729084320E+01   -0.714889509141426682E+01    1
    0.209164903547327981E+03   -0.494164498919802408E-01   -0.357776390137559996E+01    0.191136807996825975E+00   -0.611771506033447920E+01   -0.715670759141426238E+01    1
    0.127392289042472839E+03    0.623948037624359131E+00   -0.267389774322509766E+01    0.757583840131759723E-01   -0.608845793854056883E+01   -0.716452009141426149E+01    1
    0.163520477712154388E+03    0.351837217807769775E+00   -0.426153063774108887E+01    0.496765906763076803E+00   -0.606063384309097763E+01   -0.717233259141426416E+01    1
    0.175432725650673859E+03   -0.814938061707571881E+00   -0.446062297591911960E+01    0.160867483665519034E+00   -0.604783600775594632E+01   -0.718014509141426682E+01    1
    0.194917476480756051E+03   -0.197478695431010554E+01   -0.319298225686836812E+01    0.220103276804763243E+00   -0.603769203321146009E+01   -0.718795759141426505E+01    1
    0.178112691467916761E+03   -0.154124962491647244E+01   -0.247569344066831309E+01    0.460219813367371972E-01   -0.603692575212680982E+01   -0.719577009141426505E+01    1
    0.155720800550326146E+03   -0.678479096036601392E+00   -0.420284415726329108E+01    0.164683046557883100E+00   -0.600838827582567792E+01   -0.720358259141426771E+01    1
    0.167181952785237058E+03   -0.949295112248866868E+00   -0.332671297746167394E+01    0.314605672645930090E+00   -0.600805480260989722E+01   -0.721139509141426771E+01    1
    0.199936511399351730E+03   -0.140735121570165189E+01   -0.471913982925737674E+01    0.194099748069726630E+00   -0.595097867093355948E+01   -0.721920759141426682E+01    1
    0.271384051442146301E+03    0.377805292606353760E+00   -0.431236684322357178E+01    0.149212390422821056E+00   -0.595033221753997044E+01   -0.722702009141426416E+01    1
    0.329553317857281172E+03   -0.694589090788606089E+00   -0.448763008064386515E+01    0.168051576913390649E+00   -0.593267785370901279E+01   -0.723483259141426949E+01    1
    0.167646366198640692E+03    0.790364242425614094E-01   -0.457993427100577222E+01    0.182260309873466531E+00   -0.589931229480779429E+01   -0.724264509141427215E+01    1
    0.246110718383788452E+03   -0.806356528609448731E+00   -0.485335629825378145E+01    0.666674101322836526E-01   -0.585691008861956419E+01   -0.725045759141426771E+01    1
    0.341986694649204196E+03   -0.528653197548109688E+00   -0.421590686353610344E+01    0.532934763226525082E-01   -0.582180985705002030E+01   -0.725827009141427038E+01    1
    0.187682931503724888E+03   -0.110450209631295415E+01   -0.393153003207859086E+01    0.397336490059779945E+00   -0.581588375687123893E+01   -0.726608259141427482E+01    1
    0.175879245607233258E+03   -0.176506831270474485E+01   -0.324484532437949902E+01    0.271611715744331295E+00   -0.581227278330019548E+01   -0.727389509141427393E+01    1
    0.201492997710710227E+03   -0.175841814360210735E+00   -0.452064047649872158E+01    0.727458627905721855E-01   -0.581165399496913349E+01   -0.728170759141427215E+01    1
    0.242386488616466522E+03   -0.989528894424438477E+00   -0.484232664108276367E+01    0.883911784172058124E-01   -0.578972365051607962E+01   -0.728952009141427304E+01    1
    0.348737175762653351E+03   -0.111303031444549561E+01   -0.485669851303100586E+01    0.248160267162323006E+00   -0.578630905513839267E+01   -0.729733259141427304E+01    1
    0.175374775633265813E+03   -0.897068969862553356E+00   -0.427014891334229940E+01    0.132453418702932979E+00   -0.577502943220484966E+01   -0.730514509141427570E+01    1
    0.266536946515759155E+03   -0.111989543134630143E+01   -0.490270103436078664E+01    0.435712794336153064E+00   -0.576622667189248794E+01   -0.731295759141427038E+01    1
    0.283694103360176086E+03   -0.183027017116546631E+01   -0.401413559913635254E+01    0.174258363604545607E+00   -0.575480595530598205E+01   -0.732077009141426949E+01    1
    0.227260571947712123E+03   -0.627856232627782562E+00   -0.479161401866688230E+01    0.100725541385298323E+00   -0.574080639418354099E+01   -0.732858259141427482E+01    1
    0.264906081273903794E+03   -0.130722569823196832E+01   -0.472985677128879356E+01    0.198126587086960501E-01   -0.571083642691031557E+01   -0.733639509141427215E+01    1
    0.144334240405016942E+03   -0.126271916398202566E+01   -0.474679866072729251E+01    0.434641824218311379E+00   -0.569826167447927112E+01   -0.734420759141426949E+01    1
    0.225298987062154879E+03   -0.150876585183840883E+01   -0.316206941824061172E+01    0.633700107279966812E-01   -0.568007210672199214E+01   -0.735202009141427038E+01    1
    0.331224215905290123E+03   -0.144767164638910595E+01   -0.438685777243125141E+01    0.144909616295058663E+00   -0.559677803707302424E+01   -0.735983259141427304E+01    1
    0.182918505374730387E+03   -0.122465267824562996E+01   -0.420462152384302712E+01    0.116362099812791414E+00   -0.556586308169810184E+01   -0.736764509141427038E+01    1
    0.211813958682794294E+03   -0.106255694402043543E+01   -0.388519934338315487E+01    0.278535154129830820E+00   -0.549362986664836406E+01   -0.737545759141427038E+01    1
    0.144512366502893883E+03    0.291298155753749288E+00   -0.379414178145083003E+01    0.753796183666914504E-01   -0.544764809111795767E+01   -0.738327009141427215E+01    1
    0.208273867321484431E+03   -0.160630710067634519E+01   -0.430488235595851876E+01    0.429832815525981959E+00   -0.544273752930819477E+01   -0.739108259141427570E+01    1
    0.231887192357555790E+03   -0.779091963368123031E+00   -0.490298992333955486E+01    0.153395216378732990E+00   -0.544168179256317508E+01   -0.739889509141427659E+01    1
    0.187648106844784024E+03   -0.154291243493352459E+01   -0.325096079501603530E+01    0.185135880253428753E+00   -0.543694579325069416E+01   -0.740670759141427570E+01    1
    0.270144455134868622E+03   -0.745544433593750000E-01   -0.472800970077514648E+01    0.286724320793151854E+00   -0.543445718166803626E+01   -0.741452009141427482E+01    1
    0.300867979228496552E+03   -0.182217615842819214E+01   -0.495919942855834961E+01    0.367266893219947821E+00   -0.540319876995103421E+01   -0.742233259141426682E+01    1
    0.183452697409254938E+03   -0.178552713048204348E+01   -0.398145042787962122E+01    0.955815872848516518E-01   -0.540203135569998949E+01   -0.743014509141426416E+01    1
    0.270445841550827026E+03   -0.112787258625030518E+01   -0.493426620960235596E+01    0.400498691725730938E+00   -0.539655800335240521E+01   -0.743795759141426238E+01    1
    0.226454512699349721E+03   -0.109323266987801704E+01   -0.462875825934981311E+01    0.116033032629219907E+00   -0.538465155022845465E+01   -0.744577009141426949E+01    1
    0.271466533604649499E+03   -0.169001322413753519E+01   -0.499892443803240649E+01    0.130694737365423141E+00   -0.537113590104998195E+01   -0.745358259141427304E+01    1
    0.300960057018123678E+03   -0.341462927564316177E+00   -0.440207751130236247E+01    0.134063611458388354E+00   -0.536338413952379689E+01   -0.746139509141426682E+01    1
    0.268390867637125439E+03   -0.529245832034542119E+00   -0.482394529134310535E+01    0.340077409555272159E+00   -0.535939415314734191E+01   -0.746920759141426505E+01    1
    0.256038700869902527E+03    0.588280675037439416E+00   -0.491170826064281307E+01    0.151416571607802669E+00   -0.532440483249971486E+01   -0.747702009141426416E+01    1
    0.279432583903492343E+03   -0.198305118633484501E+01   -0.460329273709982356E+01    0.313570341379677264E+00   -0.532031660750428337E+01   -0.748483259141426682E+01    1
    0.196995202135382897E+03   -0.511201564362288252E+00   -0.359960400256440360E+01    0.197518086605649151E+00   -0.530865123436548725E+01   -0.749264509141427215E+01    1
    0.159158257317580592E+03   -0.145887379508802439E+01   -0.399465240596174098E+01    0.196841149966937190E+00   -0.530549039684061707E+01   -0.750045759141427659E+01    1
    0.214172535173162714E+03   -0.323094223697332872E+00   -0.418946598898542533E+01    0.298592126566801175E+00   -0.529604292429609025E+01   -0.750827009141427748E+01    1
    0.235581005617109497E+03   -0.166273577302158015E+01   -0.473750777994919670E+01    0.160743147975189127E+00   -0.527475969737409400E+01   -0.751608259141427304E+01    1
    0.232076969029434736E+03   -0.692181047558043216E+00   -0.397435325677115570E+01    0.195948930315204828E+00   -0.526840217123188559E+01   -0.752389509141426505E+01    1
    0.209089393388169668E+03    0.449670794270420338E-01   -0.437311130475487086E+01    0.391307461056884937E-01   -0.525877127209291206E+01   -0.753170759141426505E+01    1
    0.216032927969447030E+03   -0.178454093212791931E+01   -0.430263234409619511E+01    0.108600567379886354E+00   -0.524137128757232063E+01   -0.753952009141426505E+01    1
    0.125308531190972630E+03   -0.178216485146582082E+01   -0.294545050998040159E+01    0.363234600428349763E+00   -0.522961323515266052E+01   -0.754733259141426505E+01    1
    0.154942324318024106E+03   -0.768670746398727012E+00   -0.356576088540130787E+01    0.350561634666330668E+00   -0.521610309411404494E+01   -0.755514509141427393E+01    1
    0.275020847096915645E+03   -0.149444304142382345E+01   -0.484508061363062836E+01    0.864426607704031486E-01   -0.520756825832085113E+01   -0.756295759141428103E+01    1
    0.197935070097446442E+03   -0.829560160636901855E-01   -0.466736555099487305E+01    0.462301606392860442E+00   -0.518891615427109354E+01   -0.757077009141427126E+01    1
    0.183036740124225616E+03   -0.177219533920288086E+01   -0.432837665081024170E+01    0.221299095940589913E+00   -0.518729245108301473E+01   -0.757858259141426327E+01    1
    0.176919562928599191E+03    0.554853583901693259E+00   -0.462793118788692759E+01    0.251878106933905277E+00   -0.517025432921777828E+01   -0.758639509141426505E+01    1
    0.193418027274500503E+03    0.154927290269717410E-01   -0.454929307787955572E+01    0.427760954589457065E+00   -0.516829672620856151E+01   -0.759420759141427126E+01    1
    0.166073189245569381E+03   -0.108437384945906490E+01   -0.469398365398556283E+01    0.371549993008928381E+00   -0.515394136314202989E+01   -0.760202009141427393E+01    1
    0.205570081966197733E+03   -0.961599879444456906E+00   -0.433556301715358039E+01    0.118628411664406200E+00   -0.514602383692516696E+01   -0.760983259141427126E+01    1
    0.128569814664318727E+03   -0.194235638882917172E+00   -0.482973848968604003E+01    0.535867900715049750E+00   -0.513754124044384319E+01   -0.761764509141427304E+01    1
    0.279418779046572070E+03   -0.108072615252582827E+01   -0.471399427040390240E+01    0.285636004758592688E+00   -0.513600222045445953E+01   -0.762545759141426949E+01    1
    0.200093586979013395E+03    0.917463474958206682E-01   -0.435186029529701379E+01    0.332940054835014765E+00   -0.512217912765727768E+01   -0.763327009141426949E+01    1
    0.204377884283802359E+03   -0.602905463506386852E-02   -0.353295208332159794E+01    0.947974740283958617E-01   -0.511752336817027675E+01   -0.764108259141427304E+01    1
    0.323821051806591356E+03   -0.129819847568913205E+01   -0.454680800682248609E+01    0.146590961049718221E+00   -0.510127297203218966E+01   -0.764889509141427393E+01    1
    0.234342589157646131E+03   -0.183232806484463184E+01   -0.498833842349689061E+01    0.267039870212084474E+00   -0.509240868376959099E+01   -0.765670759141426949E+01    1
    0.222417366277895553E+03   -0.887904103764953323E+00   -0.417653384010100837E+01    0.273893342811905027E+00   -0.509048605547257615E+01   -0.766452009141426771E+01    1
    0.143866014480590820E+03    0.283885240554809570E+00   -0.303616583347320557E+01    0.133118491959571844E+00   -0.506237251849790582E+01   -0.767233259141426682E+01    1
    0.316646207869052887E+03   -0.547633171081542969E-01   -0.489956915378570557E+01    0.183913228797912609E+00   -0.505636320278823082E+01   -0.768014509141426771E+01    1
    0.202521613620522146E+03   -0.813093621868618444E+00   -0.449883472016231245E+01    0.179309355219122502E+00   -0.505266594075522857E+01   -0.768795759141427126E+01    1
    0.127294160425662994E+03   -0.654143154621124268E+00   -0.470398366451263428E+01    0.547476884651184048E+00   -0.504167822654422171E+01   -0.769577009141427393E+01    1
    0.194718003554791778E+03    0.451459172294962130E+00   -0.450124086735382267E+01    0.135325913020619026E+00   -0.503916182062748241E+01   -0.770358259141427570E+01    1
    0.242375643743545766E+03   -0.171870057481189042E+01   -0.454263240328196449E+01    0.343624203066538403E+00   -0.500793703097216802E+01   -0.771139509141427304E+01    1
    0.156774453461873236E+03    0.480860043991006236E+00   -0.389921381112369136E+01    0.230349889248218670E+00   -0.499838814266856524E+01   -0.771920759141427215E+01    1
    0.225760159275819603E+03   -0.116203318517973275E+01   -0.405049763441547839E+01    0.225964401165483358E+00   -0.499564624876178787E+01   -0.772702009141426860E+01    1
    0.190078088641166687E+03   -0.185428023338317871E+01   -0.395629405975341797E+01    0.126948340272903443E+00   -0.499256778137690205E+01   -0.773483259141426682E+01    1
    0.167394051956560872E+03   -0.670191493887726919E+00   -0.428170191325220806E+01    0.245054214749556326E+00   -0.498657639714823375E+01   -0.774264509141426860E+01    1
    0.224719423909031036E+03   -0.122734567744932899E+01   -0.342078810446382509E+01    0.498135676357029794E-01   -0.498438513340928679E+01   -0.775045759141427126E+01    1
    0.277228033683131912E+03   -0.147900572975169631E+01   -0.430357474111626104E+01    0.170619078516561440E+00   -0.498353824187052208E+01   -0.775827009141427570E+01    1
    0.174430265612684678E+03   -0.144488005944180098E+01   -0.350956716876141384E+01    0.249798982747448967E+00   -0.497204381697620423E+01   -0.776608259141427570E+01    1
    0.269184918987138531E+03   -0.129589558195378762E+01   -0.414004759302190806E+01    0.133375841033881726E+00   -0.496527413976926013E+01   -0.777389509141427215E+01    1
    0.185277047214637378E+03    0.477808764990725443E+00   -0.440616457481889956E+01    0.246385409957383561E+00   -0.496110863893575349E+01   -0.778170759141426682E+01    1
    0.172153596580028534E+03   -0.155356955528259277E+01   -0.435067772865295410E+01    0.301451361894607528E+00   -0.494739399388079981E+01   -0.778952009141426416E+01    1
    0.158089208213660186E+03   -0.199218137131665896E+01   -0.364773784734788187E+01    0.177435060627436025E+00   -0.494568320033172171E+01   -0.779733259141426682E+01    1
    0.148341615582746272E+03   -0.104274355395292639E+01   -0.415557836123991908E+01    0.529901654254987919E+00   -0.494421755140753127E+01   -0.780514509141427038E+01    1
    0.263101049186064188E+03    0.300753189845382796E+00   -0.409472706120805796E+01    0.920007827917132710E-02   -0.494164434840334366E+01   -0.781295759141427038E+01    1
    0.199330527746267904E+03   -0.606403559614709264E+00   -0.336748479645431686E+01    0.803515033370549164E-01   -0.493588132191344453E+01   -0.782077009141427304E+01    1
    0.181247523853566463E+03   -0.199248358081068044E+01   -0.407142071777665659E+01    0.201493460589352719E+00   -0.493405745770331450E+01   -0.782858259141427038E+01    1
    0.190906460430545906E+03   -0.147303759890638619E+01   -0.407987132547354481E+01    0.350019553815698214E+00   -0.493116081361858338E+01   -0.783639509141426327E+01    1
    0.228657639235239287E+03   -0.154554322168859892E+00   -0.445550215719596121E+01    0.269564789456205711E+00   -0.492828613963628381E+01   -0.784420759141426505E+01    1
    0.203575169967280829E+03   -0.100662576220769129E+00   -0.419640010284943443E+01    0.668722824839357161E-01   -0.490819209580414206E+01   -0.785202009141426771E+01    1
    0.234250833410567139E+03   -0.180794115301931679E+01   -0.395487810807833728E+01    0.540049312688395161E-03   -0.489750526708890721E+01   -0.785983259141426682E+01    1
    0.224092073754845615E+03   -0.111161950028868728E+01   -0.459350474001319764E+01    0.369234075689135521E+00   -0.489555133144778143E+01   -0.786764509141426416E+01    1
    0.167027507353399585E+03   -0.512397627685160062E+00   -0.324271666877081710E+01    0.147931114704914241E+00   -0.488661746287189303E+01   -0.787545759141426682E+01    1
    0.156942312485862089E+03   -0.155252794484762147E+01   -0.354061452568932289E+01    0.321258545895234393E+00   -0.488323867896800401E+01   -0.788327009141426682E+01    1
    0.195368771767137105E+03   -0.195461972751307655E+01   -0.368378073067732092E+01    0.591865282147749083E-01   -0.487860204059459779E+01   -0.789108259141426682E+01    1
    0.283061784453235759E+03   -0.125048160828483801E+01   -0.447957067741055415E+01    0.108499927594116327E-02   -0.487413208147609822E+01   -0.789889509141427570E+01    1
    0.252909652888774872E+03   -0.138342577219009399E+01   -0.484692573547363281E+01    0.366536160349845874E+00   -0.486651959395622313E+01   -0.790670759141427926E+01    1
    0.230692889880639086E+03   -0.130936037724446619E+01   -0.435030384799038483E+01    0.102988721968701596E+00   -0.486489563193602592E+01   -0.791452009141427482E+01    1
    0.231017966528377599E+03   -0.167269452853431533E+01   -0.400649528920748388E+01    0.249071420519254919E-01   -0.486018426371854240E+01   -0.792233259141427482E+01    1
    0.166052255034446716E+03   -0.567778348922729492E-01   -0.351981580257415771E+01    0.938018360137939447E-02   -0.485930531088177897E+01   -0.793014509141427393E+01    1
    0.148325771940375802E+03   -0.171189372658109429E+01   -0.354412868099887568E+01    0.360632147524156399E+00   -0.484743045879422496E+01   -0.793795759141427215E+01    1
    0.282340406954588730E+03   -0.122896131922311125E+01   -0.472569143260037361E+01    0.763628772419751578E-01   -0.484355084659788293E+01   -0.794577009141427126E+01    1
    0.201563311450164463E+03    0.515924567981675963E-01   -0.455390201810907147E+01    0.348005999594056203E+00   -0.483812162008387681E+01   -0.795358259141427304E+01    1
    0.149507560252767661E+03   -0.157652464616112442E+01   -0.405113432664387751E+01    0.495213358750740851E+00   -0.483087408574330368E+01   -0.796139509141427748E+01    1
    0.155465966063865267E+03   -0.699029303605892327E+00   -0.402841876975424729E+01    0.422800409498753416E+00   -0.482812396366289409E+01   -0.796920759141427482E+01    1
    0.175981616966834480E+03   -0.517651484937179163E+00   -0.384818297708511547E+01    0.271827056785117427E+00   -0.482593509484858796E+01   -0.797702009141426860E+01    1
    0.215969626605510712E+03   -0.876720190048217773E+00   -0.346203446388244629E+01    0.476907086133956937E-01   -0.482419731338318236E+01   -0.798483259141427126E+01    1
    0.129357978747858425E+03   -0.207745353125648347E+00   -0.359559272775375671E+01    0.217635689544944610E+00   -0.482394493481311493E+01   -0.799264509141426949E+01    1
    0.163485572329909701E+03   -0.147450330349329728E+01   -0.339256843753341020E+01    0.767494274303850005E-01   -0.482111469575980234E+01   -0.800045759141426771E+01    1
    0.195606006419961886E+03    0.223117305677444921E+00   -0.495617422266849417E+01    0.451521194472591481E+00   -0.481951045876061546E+01   -0.800827009141427126E+01    1
    0.305490267242984658E+03   -0.118389647471904524E+01   -0.463647841219535017E+01    0.159166521698650504E+00   -0.481801885069516800E+01   -0.801608259141427482E+01    1
    0.170313877385997131E+03   -0.373679112150333115E+00   -0.461013125763307308E+01    0.511129923400149733E+00   -0.481533893706593386E+01   -0.802389509141427659E+01    1
    0.245217796849133720E+03   -0.145788358906686510E+01   -0.425663447791897109E+01    0.581973427220503631E-01   -0.480391157066309393E+01   -0.803170759141426949E+01    1
    0.195966111429891725E+03   -0.123696041293311243E+00   -0.417834374748071191E+01    0.273275488910665387E+00   -0.480175585406809713E+01   -0.803952009141427126E+01    1
    0.275964644468597442E+03   -0.172564616798916681E+01   -0.485323250327144162E+01    0.305760967012189577E+00   -0.479983804939180647E+01   -0.804733259141426949E+01    1
    0.200937598932369383E+03   -0.971351442985193936E+00   -0.488014639228489866E+01    0.346010488769699420E+00   -0.479928524356613373E+01   -0.805514509141426593E+01    1
    0.294512605667114258E+03   -0.169725441932678223E+01   -0.453371405601501465E+01    0.174372794365882877E+00   -0.479572436126473178E+01   -0.806295759141426949E+01    1
    0.179561022053252771E+03   -0.324829992920401711E+00   -0.421524738795635212E+01    0.180214075664923784E+00   -0.478955989047842134E+01   -0.807077009141426949E+01    1
    0.153096199732076428E+03   -0.746925542169698531E-01   -0.442451598644159727E+01    0.502979402490432936E+00   -0.478804421577192407E+01   -0.807858259141426949E+01    1
    0.216795490235152755E+03   -0.905356060932530404E+00   -0.337389845990083481E+01    0.128031964398609265E-01   -0.478435509500716449E+01   -0.808639509141426949E+01    1
    0.149270140563656753E+03   -0.176588903473581449E+01   -0.452392404024916051E+01    0.494018999365178457E+00   -0.478412644148078314E+01   -0.809420759141427482E+01    1
    0.191980816225341528E+03   -0.219590035873601597E+00   -0.405361904176111310E+01    0.250748442546930017E+00   -0.478201657805474678E+01   -0.810202009141427482E+01    1
    0.226201510047602198E+03   -0.109359137831835396E+01   -0.439080805269686181E+01    0.134033110516528220E+00   -0.478159693738031777E+01   -0.810983259141427482E+01    1
    0.331986309581022738E+03   -0.174653123294382562E+01   -0.482223285657185663E+01    0.381019782392532022E-01   -0.477732295485903169E+01   -0.811764509141427126E+01    1
    0.177562543723669876E+03   -0.188657926746057703E+01   -0.440545553331861761E+01    0.343324335020660121E+00   -0.477301117902178529E+01   -0.812545759141427126E+01    1
    0.191254505515098572E+03   -0.295787155628204346E+00   -0.481784522533416748E+01    0.475945103502273592E+00   -0.477127594381641806E+01   -0.813327009141427659E+01    1
    0.289333230253491365E+03   -0.102288795400815058E+01   -0.458790610026601531E+01    0.168905231043206649E+00   -0.476513166679019129E+01   -0.814108259141426949E+01    1
    0.220195225306898436E+03   -0.106151695188268524E+01   -0.389586864968715263E+01    0.141896669073128638E-01   -0.476244781331492995E+01   -0.814889509141426593E+01    1
    0.266532310189120494E+03    0.391054049577435059E+00   -0.463456452743257064E+01    0.798187671304065316E-01   -0.476072599409943287E+01   -0.815670759141426238E+01    1
    0.140990153298119793E+03   -0.380516135385509102E-01   -0.347000083432606221E+01    0.122461609438811847E+00   -0.475788474576248888E+01   -0.816452009141426949E+01    1
    0.153945606425949308E+03   -0.473364780364306403E+00   -0.461840454172793358E+01    0.427089182715570947E+00   -0.475727461520224093E+01   -0.817233259141426949E+01    1
    0.172132501006126404E+03   -0.142296546697616577E+01   -0.377731144428253174E+01    0.166311259818077095E+00   -0.475450477957714135E+01   -0.818014509141426061E+01    1
    0.133969940743838350E+03   -0.135095396516967980E+01   -0.363613825882981079E+01    0.291976663767676170E+00   -0.475180221725908325E+01   -0.818795759141426061E+01    1
    0.130989694595336914E+03   -0.185331016778945923E+01   -0.358378112316131592E+01    0.440022851514816293E+00   -0.475101723262286058E+01   -0.819577009141427126E+01    1
    0.191035742317877805E+03   -0.168241675747371411E+01   -0.377391926649879839E+01    0.230957822939144242E+00   -0.475023200720198879E+01   -0.820358259141428015E+01    1
    0.236345920508189465E+03   -0.702406672662174714E+00   -0.444588636188345454E+01    0.240648137560094538E+00   -0.474865348813689270E+01   -0.821139509141427659E+01    1
    0.329690474271774292E+03   -0.157849246263504028E+01   -0.444755613803863525E+01    0.572208053827285776E-01   -0.474607323109884938E+01   -0.821920759141426949E+01    1
    0.284859213660594719E+03   -0.671854081041276752E+00   -0.481714619286258028E+01    0.221237590288880626E+00   -0.474327767225917718E+01   -0.822702009141426061E+01    1
    0.298361530228368053E+03   -0.149133402159705764E+01   -0.496947409515795524E+01    0.145937789661651829E+00   -0.474180288731275645E+01   -0.823483259141425883E+01    1
    0.158255009285126363E+03   -0.112854924624922703E+01   -0.387594599504615855E+01    0.237365571469380865E+00   -0.473795044373801844E+01   -0.824264509141426238E+01    1
    0.309852746976746857E+03   -0.949936614762917131E+00   -0.422905240054274767E+01    0.529182647798834109E-02   -0.473249259684200929E+01   -0.825045759141426593E+01    1
    0.263384726098097190E+03   -0.128224052140371536E+01   -0.379290083014803692E+01    0.439812375674857384E-02   -0.473180878486822110E+01   -0.825827009141427126E+01    1
    0.177984669137070057E+03   -0.124331736174577134E+01   -0.421984288273291330E+01    0.259919149837395280E+00   -0.473163554367336747E+01   -0.826608259141428015E+01    1
    0.267622241674201007E+03   -0.100306539752248569E+01   -0.463554983035015500E+01    0.955117026742572789E-01   -0.473020241218201765E+01   -0.827389509141427304E+01    1
    0.153541613026892065E+03   -0.352087371542059824E+00   -0.313169934260801242E+01    0.128406143999923644E+00   -0.472771640166673990E+01   -0.828170759141426949E+01    1
    0.266302606463432312E+03   -0.163339066505432129E+01   -0.378051936626434326E+01    0.448971855640411394E-02   -0.472727853002293585E+01   -0.828952009141427659E+01    1
    0.239914671803551187E+03   -0.150429598338581916E+01   -0.407693930536897131E+01    0.416621632194854735E-01   -0.472711050729157378E+01   -0.829733259141427482E+01    1
    0.186489820467000442E+03   -0.829131046489577361E+00   -0.386648187860854131E+01    0.102312578488903710E+00   -0.472583272713460723E+01   -0.830514509141426593E+01    1
    0.255313923226125183E+03   -0.838949674811807267E+00   -0.474232260752105272E+01    0.151560972638673686E+00   -0.472397689360007256E+01   -0.831295759141426771E+01    1
    0.210496955742088801E+03   -0.758941335362758984E+00   -0.356532737460451443E+01    0.669220430405827321E-01   -0.472383044393429774E+01   -0.832077009141426949E+01    1
    0.184473147627002476E+03   -0.434695218142986173E+00   -0.390921198882178444E+01    0.961580516923828260E-01   -0.472135085599569848E+01   -0.832858259141427126E+01    1
    0.154926328239214229E+03   -0.131124385244773212E+01   -0.328234169552569144E+01    0.208006553606312872E+00   -0.471845815830700133E+01   -0.833639509141427482E+01    1
    0.264520521880594856E+03   -0.194683923680169335E+01   -0.437273873070802477E+01    0.893968811802533236E-01   -0.471771989969458527E+01   -0.834420759141427126E+01    1
    0.277507943051291250E+03   -0.130346284609209540E+01   -0.448058877982786985E+01    0.495265330434156714E-01   -0.471581667174773322E+01   -0.835202009141427126E+01    1
    0.235532777847951877E+03   -0.159255599978748696E+01   -0.408358884577909098E+01    0.640913138495892015E-01   -0.471538501438017299E+01   -0.835983259141427126E+01    1
    0.173857337510788909E+03   -0.167683172800522118E+01   -0.315696864801686727E+01    0.103186031154457264E+00   -0.471507553580308958E+01   -0.836764509141427126E+01    1
    0.250338219106197357E+03   -0.175440514087677002E+01   -0.410760939121246338E+01    0.433717491388320928E-01   -0.471411126083396770E+01   -0.837545759141427659E+01    1
    0.232482530389455974E+03   -0.101420369253825493E+01   -0.423963048735550085E+01    0.197542657154166162E+00   -0.471375789216035024E+01   -0.838327009141427659E+01    1
    0.247784524763761169E+03   -0.102665985763951984E+01   -0.446394164942942240E+01    0.107411357691793163E+00   -0.471348797979396483E+01   -0.839108259141427482E+01    1
    0.133797667222095527E+03   -0.800006651555515536E+00   -0.391162768173900854E+01    0.349417912416401522E+00   -0.471333595382832993E+01   -0.839889509141427126E+01    1
    0.134954762403424382E+03    0.235830968319920231E+00   -0.338075040873435739E+01    0.128400478421432124E+00   -0.471229632764900508E+01   -0.840670759141426771E+01    1
    0.152065008004641669E+03    0.280714812047428097E+00   -0.371337728538148859E+01    0.147617669805195778E+00   -0.471222653036035322E+01   -0.841452009141426949E+01    1
    0.343593559945726724E+03   -0.988799462613646707E+00   -0.487929946204256293E+01    0.919460536836591222E-02   -0.471205823369094023E+01   -0.842233259141427304E+01    1
    0.180468954145908356E+03    0.490760803222656250E-01   -0.388320147991180420E+01    0.187134758377075189E+00   -0.471124640668794825E+01   -0.843014509141427126E+01    1
    0.186036205686348097E+03   -0.704280669467342690E+00   -0.319075957222370521E+01    0.246512540933296019E-01   -0.470908578382823517E+01   -0.843795759141427304E+01    1
    0.157036089722667384E+03   -0.179900189189348669E+01   -0.443131055193740764E+01    0.456004875992664149E+00   -0.470835545145308565E+01   -0.844577009141427482E+01    1
    0.148489902000506845E+03   -0.664799537272691587E+00   -0.357357311023110480E+01    0.172341220017692587E+00   -0.470673938159628147E+01   -0.845358259141427126E+01    1
    0.245714450433532818E+03   -0.170846680155120123E+01   -0.404137209716973089E+01    0.369532421450191675E-01   -0.470530498873137404E+01   -0.846139509141426949E+01    1
    0.144087482532093333E+03    0.125881578544171813E+00   -0.324421992308978879E+01    0.146340884290922291E+00   -0.470236488920831253E+01   -0.846920759141426949E+01    1
    0.185395002373355510E+03   -0.138546897326292173E+01   -0.377897138201730254E+01    0.121951812872392679E+00   -0.470134908772173965E+01   -0.847702009141427482E+01    1
    0.215450592339038849E+03   -0.187191736698150635E+01   -0.413024246692657471E+01    0.165004893136024483E+00   -0.470027866277655004E+01   -0.848483259141427837E+01    1
    0.223896820842970016E+03    0.132676022218166878E+00   -0.433446014353803122E+01    0.701346344627741397E-01   -0.469868353553090579E+01   -0.849264509141427482E+01    1
    0.192193185398891956E+03    0.101264075169775758E+00   -0.457450064127592437E+01    0.341642122235220780E+00   -0.469866522871432668E+01   -0.850045759141426771E+01    1
    0.167704807995785643E+03    0.727695351727426498E-01   -0.493316337780776237E+01    0.545640305269715631E+00   -0.469737106334476984E+01   -0.850827009141426949E+01    1
    0.193827624507662279E+03   -0.162662228781001117E+01   -0.312180876909879412E+01    0.154231832524470425E-01   -0.469604201679714706E+01   -0.851608259141427482E+01    1
    0.228806926656019016E+03   -0.907360049747454767E+00   -0.461564202441020921E+01    0.306827841027236814E+00   -0.469533667130728283E+01   -0.852389509141427126E+01    1
    0.305211357324694859E+03   -0.170601331876290851E+01   -0.471462412028473121E+01    0.829862737235906034E-01   -0.469453081493882785E+01   -0.853170759141427126E+01    1
    0.295576752850978323E+03   -0.965306126477933901E-01   -0.490752777307607602E+01    0.175563448509681502E+00   -0.469313453399127667E+01   -0.853952009141426949E+01    1
    0.234715701871381953E+03   -0.717878500571799805E+00   -0.473100980734376364E+01    0.203879088171187162E+00   -0.469211701475192733E+01   -0.854733259141426949E+01    1
