 F
       15347       31866           3        1024
   -0.519742664710372111E+02   -0.425303799640707325E+02
 T
   2
    0.200000000000000000E+01    0.300000000000000000E+01    0.948242187500000000E+00    0.517578125000000000E-01
   0
   0
 T T     0           0
    0.000000000000000000E+00   -0.100000000000000002+101    0.000000000000000000E+00
 T F     1         971
    0.655169149850600961E-06   -0.519753954501288646E+02   -0.425234687794738520E+02
 T F     1          53
    0.170037521976910089E-05   -0.587612724208587096E+02   -0.486485482218732770E+02
