 F
       17548       34415           3        1024
   -0.709135078523570002E+02   -0.603446127726223267E+02
 T
   2
    0.200000000000000000E+01    0.300000000000000000E+01    0.401367187500000000E+00    0.598632812500000000E+00
   0
   0
 T T     0           0
    0.000000000000000000E+00   -0.100000000000000002+101    0.000000000000000000E+00
 T F     1         411
    0.430428403149158771E-07   -0.714375697602808373E+02   -0.601644179448204497E+02
 T F     1         613
    0.555535607702531770E-07   -0.718102669694833224E+02   -0.606061916445641486E+02
