 F
       23228       62270           3        1024
   -0.624604498852750609E+02   -0.459339777812752175E+02
 T
   2
    0.200000000000000000E+01    0.300000000000000000E+01    0.741210937500000000E+00    0.258789062500000000E+00
   0
   0
 T T     0           0
    0.000000000000000000E+00   -0.100000000000000002+101    0.000000000000000000E+00
 T F     1         759
    0.782273436459117781E-09   -0.624604498852750609E+02   -0.459339777812752175E+02
 T F     1         265
    0.546451865945208851E-11   -0.121111002072974259E+03   -0.996586208844985180E+02
