    0.210600206255912781E+03   -0.449279785156250000E+00    0.673264861106872559E+00    0.333824588513374321E+00   -0.256615512367475151E+01
    0.128547650575637817E+03   -0.153673386573791504E+01    0.182334959506988525E+01    0.436587983965873727E+00   -0.254802180038461312E+01
    0.185387052595615387E+03   -0.667017757892608643E+00    0.155088841915130615E+01    0.228080909729003911E+00   -0.216381592015784996E+01
    0.317210987210273743E+03   -0.924512147903442383E+00    0.110844016075134277E+01    0.368354463100433391E-01   -0.205908664435376298E+01
    0.210625325143337250E+03    0.571359932422637939E+00   -0.564771890640258789E-01    0.404128473687171974E+00   -0.205717857557928285E+01
    0.166197946365111505E+03   -0.190951104235943392E+01    0.301381572572519296E+01    0.165508237903902768E-01   -0.199762080198723102E+01
    0.191089831292629242E+03    0.990242838859558105E+00    0.189995765686035156E+00    0.305591612863540640E+00   -0.198072058568277254E+01
    0.295322512090206146E+03   -0.194317150115966797E+01    0.184036910533905029E+01    0.354429665565490701E-01   -0.157610495640680215E+01
    0.173096768558025360E+03    0.467616915702819824E+00    0.553585290908813477E+00    0.531750433802604672E+00   -0.127801078237064303E+01
    0.235349132341748714E+03   -0.156519110082448520E+01    0.213562625700128184E+01    0.133776483896081377E+00   -0.122135669307060546E+01
    0.223020222632861618E+03   -0.163467951457555993E+01    0.252070173079176740E+01    0.767551055098744939E-01   -0.118504405800084989E+01
    0.248909473419189453E+03    0.452733159065246582E+00    0.970449447631835938E+00    0.199588161921501167E+00   -0.113703935786458699E+01
    0.290134835508638560E+03   -0.987753503403856703E+00    0.115723202950174020E+01    0.253044117813242986E+00   -0.109423634195044706E+01
    0.170454779267311096E+03    0.851292788982391357E+00    0.932247042655944824E+00    0.383657752132415764E+00   -0.106801898931231265E+01
    0.128444170951843262E+03   -0.789509415626525879E-01    0.356698274612426758E+01    0.222120547771453881E-01   -0.106233795052302882E+01
    0.314890447258949280E+03   -0.577814280986785889E+00   -0.155594348907470703E+00    0.530038339447975182E+00   -0.106232867998717717E+01
    0.213484103977680206E+03    0.632042586803436279E+00    0.177896142005920410E+01    0.342614024162292488E-01   -0.105314039390816516E+01
    0.127998991310596466E+03   -0.190142560005187988E+01    0.426002204418182373E+01    0.251008003234863275E-01   -0.912606680073690724E+00
    0.223616832494735718E+03   -0.432872712612152100E+00    0.189563035964965820E+01    0.208673500370979315E+00   -0.909894067844590371E+00
    0.286192286014556885E+03   -0.187844532728195190E+01    0.181463479995727539E+01    0.190799067449569704E+00   -0.900877198167850057E+00
    0.216503708064556122E+03    0.389004051685333252E+00    0.951006412506103516E+00    0.384989127087593086E+00   -0.883454897391011906E+00
    0.166453902423381805E+03   -0.169883406162261963E+01    0.334341824054718018E+01    0.117413808202743539E+00   -0.844851354854984748E+00
    0.267373263835906982E+03    0.443569302558898926E+00    0.567036867141723633E-01    0.488572916722297690E+00   -0.810010363408845802E+00
    0.316237224032493941E+03   -0.495290693635912493E+00    0.462157260415596127E+00    0.406324944039663960E+00   -0.805877579099020247E+00
    0.248601046204566956E+03   -0.151083928346633911E+01    0.115839838981628418E+01    0.482648412466049226E+00   -0.749816425645786877E+00
    0.158513034880161285E+03   -0.181857573986053467E+01    0.382261931896209717E+01    0.450410940170288127E-01   -0.743021179738219795E+00
    0.172530460357666016E+03    0.389511704444885254E+00    0.141462981700897217E+01    0.456354277396202102E+00   -0.695926718016716683E+00
    0.172530460357666016E+03    0.389511704444885254E+00    0.141462981700897217E+01    0.456354277396202102E+00   -0.695926718016716683E+00
    0.282952606678009033E+03   -0.526978194713592529E+00    0.143050849437713623E+01    0.254347341227531443E+00   -0.666721084156893573E+00
    0.282952606678009033E+03   -0.526978194713592529E+00    0.143050849437713623E+01    0.254347341227531443E+00   -0.666721084156893573E+00
    0.148508542776107788E+03   -0.992337524890899658E+00    0.287431478500366211E+01    0.321878344559669516E+00   -0.660502166273549962E+00
    0.315358452498912811E+03    0.505239009857177734E+00    0.903194546699523926E+00    0.163855809044837958E+00   -0.647528341191855428E+00
    0.315358452498912811E+03    0.505239009857177734E+00    0.903194546699523926E+00    0.163855809044837958E+00   -0.647528341191855428E+00
    0.269510903954505920E+03    0.354690551757812500E+00    0.164973139762878418E+00    0.528911909508705147E+00   -0.631857829883601840E+00
    0.266808444261550903E+03   -0.149443703889846802E+01    0.235779881477355957E+01    0.130005763721466078E+00   -0.608219776582421878E+00
    0.320105305314064026E+03   -0.614661574363708496E+00    0.133229434490203857E+01    0.227355021572113042E+00   -0.596994917054949448E+00
    0.144823323900004027E+03   -0.112116619450457478E-01    0.197530266213472139E+01    0.543417197177814226E+00   -0.527241736013315254E+00
    0.152071388065814972E+03   -0.102014309167861938E+01    0.322724759578704834E+01    0.254545872116088867E+00   -0.514142358463336002E+00
    0.254141376912593842E+03   -0.788016676902770996E+00    0.266185283660888672E+01    0.520201422214508075E-01   -0.512320230417847133E+00
    0.193659977614879608E+03   -0.161502933502197266E+01    0.186616837978363037E+01    0.539040908360481241E+00   -0.509319297189949505E+00
    0.283100356161594391E+03    0.145952641963958740E+00    0.222978770732879639E+01    0.952688970565795934E-02   -0.464926521873666232E+00
    0.143928469717502594E+03    0.711362123489379883E+00    0.234721302986145020E+01    0.330757305049896255E+00   -0.423939816497808153E+00
    0.146067611873149872E+03   -0.182760834693908691E+00    0.235112607479095459E+01    0.512093487596511854E+00   -0.385677993489689896E+00
    0.146067611873149872E+03   -0.182760834693908691E+00    0.235112607479095459E+01    0.512093487596511854E+00   -0.385677993489689896E+00
    0.287512549757957458E+03   -0.848244607448577881E+00    0.198097407817840576E+01    0.223888185739517215E+00   -0.380433356938585931E+00
    0.236415663361549377E+03   -0.112515854835510254E+01    0.196592688560485840E+01    0.385711978769302355E+00   -0.371422672551889377E+00
    0.236415663361549377E+03   -0.112515854835510254E+01    0.196592688560485840E+01    0.385711978769302355E+00   -0.371422672551889377E+00
    0.256979212742195841E+03   -0.166746990563460384E+01    0.199840572927128779E+01    0.365311695924863455E+00   -0.370730833128061821E+00
    0.172429114232371546E+03    0.565914391550561113E+00    0.187231339656979578E+01    0.404643830853256725E+00   -0.359606194493496512E+00
    0.318268233537673950E+03   -0.958755373954772949E+00    0.136471569538116455E+01    0.345152005648612981E+00   -0.355209172282218821E+00
    0.290809400379657745E+03   -0.216480851173400879E+00    0.258577585220336914E+01    0.562863557338714581E-02   -0.341654285341887909E+00
    0.290809400379657745E+03   -0.216480851173400879E+00    0.258577585220336914E+01    0.562863557338714581E-02   -0.341654285341887909E+00
    0.192749392235273774E+03   -0.137047808650730985E+01    0.346665912468116844E+01    0.132798565537979696E+00   -0.338041251383280783E+00
    0.340911227464675903E+03   -0.907011806964874268E+00    0.994227528572082520E+00    0.422139377403259297E+00   -0.312628179589618527E+00
    0.214716994762420654E+03   -0.375367581844329834E+00    0.239548504352569580E+01    0.310476857900619518E+00   -0.283217484255280649E+00
    0.214716994762420654E+03   -0.375367581844329834E+00    0.239548504352569580E+01    0.310476857900619518E+00   -0.283217484255280649E+00
    0.279584007306360718E+03    0.831828561677911971E-01    0.200845870351820821E+01    0.177302110533259283E+00   -0.281199509819024529E+00
    0.279584007306360718E+03    0.831828561677911971E-01    0.200845870351820821E+01    0.177302110533259283E+00   -0.281199509819024529E+00
    0.247794224321842194E+03   -0.180348438024520874E+01    0.216843187808990479E+01    0.403868257999420166E+00   -0.275427232509706632E+00
    0.247794224321842194E+03   -0.180348438024520874E+01    0.216843187808990479E+01    0.403868257999420166E+00   -0.275427232509706632E+00
    0.184807440638542175E+03   -0.197531545162200928E+01    0.290153324604034424E+01    0.401756986570358299E+00   -0.269992422624199202E+00
    0.162424464948018510E+03    0.929497667438714092E+00    0.199216188738933742E+01    0.423271572621135628E+00   -0.263663544151724605E+00
    0.309179635345935822E+03   -0.176100963354110718E+01    0.292992413043975830E+01    0.426650351285934454E-01   -0.253061872599953774E+00
    0.309179635345935822E+03   -0.176100963354110718E+01    0.292992413043975830E+01    0.426650351285934454E-01   -0.253061872599953774E+00
    0.290242421627044678E+03   -0.189096552133560181E+01    0.280527412891387939E+01    0.148499432873725884E+00   -0.236742507751006942E+00
    0.290242421627044678E+03   -0.189096552133560181E+01    0.280527412891387939E+01    0.148499432873725884E+00   -0.236742507751006942E+00
    0.217823708331181933E+03   -0.183779846922497714E+01    0.319073546118628748E+01    0.231892254004234993E+00   -0.231787957319146670E+00
    0.266951982676982880E+03    0.581465959548950195E-01    0.187775850296020508E+01    0.284859140324592586E+00   -0.225235221925585954E+00
    0.266951982676982880E+03    0.581465959548950195E-01    0.187775850296020508E+01    0.284859140324592586E+00   -0.225235221925585954E+00
    0.202264553963576674E+03   -0.119444389965418374E+01    0.244136908591009849E+01    0.452029728362878469E+00   -0.222892130173202058E+00
    0.202264553963576674E+03   -0.119444389965418374E+01    0.244136908591009849E+01    0.452029728362878469E+00   -0.222892130173202058E+00
    0.344604664175990251E+03   -0.323389267724175866E+00    0.145086051415368456E+01    0.310958028985694079E+00   -0.195361087119118898E+00
    0.344604664175990251E+03   -0.323389267724175866E+00    0.145086051415368456E+01    0.310958028985694079E+00   -0.195361087119118898E+00
    0.236654157246944720E+03   -0.797091588267402118E+00    0.265043667634009772E+01    0.274251146468169338E+00   -0.183755305534383628E+00
    0.236654157246944720E+03   -0.797091588267402118E+00    0.265043667634009772E+01    0.274251146468169338E+00   -0.183755305534383628E+00
    0.333591749702281163E+03    0.907471589209946305E+00    0.537903538679246118E+00    0.413529777187409575E+00   -0.179836033694442149E+00
    0.343731395900249481E+03    0.446379184722900391E+00    0.301253199577331543E+00    0.532640462207794263E+00   -0.175134417850254409E+00
    0.179411912212194750E+03   -0.147397366396075258E+00    0.277993236330920990E+01    0.368729984308684922E+00   -0.169240519425009728E+00
    0.343002958244575780E+03   -0.603038330837739389E+00    0.220935962496406191E+01    0.163557513184196313E+00   -0.152854437699774165E+00
    0.343002958244575780E+03   -0.603038330837739389E+00    0.220935962496406191E+01    0.163557513184196313E+00   -0.152854437699774165E+00
    0.187099951505661011E+03   -0.183267450332641602E+01    0.265960395336151123E+01    0.553575662112236078E+00   -0.142636573929475485E+00
    0.338391044498688757E+03    0.748180432411693630E-02    0.203238640143056770E+01    0.161443430446140679E+00   -0.142349048994509148E+00
    0.338391044498688757E+03    0.748180432411693630E-02    0.203238640143056770E+01    0.161443430446140679E+00   -0.142349048994509148E+00
    0.231056328117847443E+03   -0.763472497463226318E+00    0.299042940139770508E+01    0.237119370460510265E+00   -0.134132114821319537E+00
    0.265540108084678650E+03    0.680938363075256348E+00    0.247224092483520508E+01    0.952996712207794250E-01   -0.132165468739016412E+00
    0.265540108084678650E+03    0.680938363075256348E+00    0.247224092483520508E+01    0.952996712207794250E-01   -0.132165468739016412E+00
    0.321135284838734833E+03   -0.292913840475400367E+00    0.277608435273019349E+01    0.409002833550927286E-01   -0.127419659830518756E+00
    0.210813718642758488E+03   -0.144007770272224023E+01    0.232559489251997764E+01    0.562970535629270130E+00   -0.125281167618479072E+00
    0.210813718642758488E+03   -0.144007770272224023E+01    0.232559489251997764E+01    0.562970535629270130E+00   -0.125281167618479072E+00
    0.348986795544624329E+03    0.471366286277770996E+00    0.189461588859558105E+01    0.127483612847328204E+00   -0.122542508275506501E+00
    0.302709020674228668E+03   -0.440738737583160400E+00    0.235049664974212646E+01    0.219402049541473410E+00   -0.120289579965307203E+00
    0.298041073505278064E+03    0.830218409012761782E-03    0.299206248789254659E+01    0.330095634192879720E-02   -0.118521820443782622E+00
    0.220711584389209747E+03    0.560644507408142090E+00    0.229629933834075928E+01    0.310268501114845274E+00   -0.117474765155655247E+00
    0.184732258319854736E+03    0.292967379093170166E+00    0.379017651081085205E+01    0.387783127784728995E-01   -0.117418764566959655E+00
    0.165851947665214539E+03   -0.103532528877258301E+01    0.324502527713775635E+01    0.440808343291282656E+00   -0.113665879309441470E+00
    0.165851947665214539E+03   -0.103532528877258301E+01    0.324502527713775635E+01    0.440808343291282656E+00   -0.113665879309441470E+00
    0.160399150848388672E+03   -0.999983429908752441E+00    0.358663320541381836E+01    0.359955402159690852E+00   -0.112667714767993032E+00
    0.340292554909590876E+03    0.493476407137209527E+00    0.109645542407145946E+01    0.371893376708938683E+00   -0.111550568929246627E+00
    0.140113218094815238E+03   -0.630274831780317513E+00    0.402626913562915867E+01    0.293820785322223055E+00   -0.110567751553523150E+00
    0.184265500307083130E+03   -0.101917552947998047E+01    0.285804152488708496E+01    0.476400643014907865E+00   -0.106997185720864640E+00
    0.251696339440749881E+03   -0.180386731912435483E+01    0.364892396122222706E+01    0.113184799465216437E+00   -0.105583692678379054E+00
    0.251696339440749881E+03   -0.180386731912435483E+01    0.364892396122222706E+01    0.113184799465216437E+00   -0.105583692678379054E+00
    0.195151346406084201E+03   -0.839685122287031183E+00    0.401405077158000978E+01    0.101373905872594552E+00   -0.104914076699518521E+00
    0.195151346406084201E+03   -0.839685122287031183E+00    0.401405077158000978E+01    0.101373905872594552E+00   -0.104914076699518521E+00
    0.340413208305835724E+03   -0.182422035932540894E+01    0.238216698169708252E+01    0.301323147583007822E+00   -0.822532811497695693E-01
    0.340413208305835724E+03   -0.182422035932540894E+01    0.238216698169708252E+01    0.301323147583007822E+00   -0.822532811497695693E-01
    0.342678789794445038E+03   -0.101669269800186157E+01    0.284800767898559570E+01    0.105670325732231146E+00   -0.815994257869389894E-01
    0.342678789794445038E+03   -0.101669269800186157E+01    0.284800767898559570E+01    0.105670325732231146E+00   -0.815994257869389894E-01
    0.166955570557873045E+03    0.952404330216492845E+00    0.338650392457692107E+01    0.197783407136475742E+00   -0.809521678036908415E-01
    0.150963153065140034E+03   -0.193793792244580887E+01    0.360038378487575272E+01    0.526599023553929624E+00   -0.778525825540319766E-01
    0.333132006321997892E+03   -0.143749997970976473E+01    0.250577622474470108E+01    0.258310892151411786E+00   -0.758053561186896596E-01
    0.333132006321997892E+03   -0.143749997970976473E+01    0.250577622474470108E+01    0.258310892151411786E+00   -0.758053561186896596E-01
    0.168113629819328878E+03   -0.932034835770855663E+00    0.379973549108013131E+01    0.317169663081399933E+00   -0.751659803610798261E-01
    0.248598055541515350E+03   -0.121117126941680908E+01    0.335278630256652832E+01    0.207086754441261289E+00   -0.729286755589816649E-01
    0.248598055541515350E+03   -0.121117126941680908E+01    0.335278630256652832E+01    0.207086754441261289E+00   -0.729286755589816649E-01
    0.314847924491674689E+03   -0.932890583860079392E+00    0.319770947703463548E+01    0.652438733992628667E-01   -0.722922445416534221E-01
    0.314847924491674689E+03   -0.932890583860079392E+00    0.319770947703463548E+01    0.652438733992628667E-01   -0.722922445416534221E-01
    0.233898752502158857E+03   -0.198667626253138141E+01    0.331614131614828622E+01    0.325136982279615683E+00   -0.690966945900743923E-01
    0.310686364893670770E+03    0.750060596610347297E+00    0.175818064260417906E+01    0.279228467398703439E+00   -0.687809056763268034E-01
    0.310686364893670770E+03    0.750060596610347297E+00    0.175818064260417906E+01    0.279228467398703439E+00   -0.687809056763268034E-01
    0.204698370261560797E+03   -0.478292132884087007E+00    0.311964518549118708E+01    0.351557814065902974E+00   -0.679097580779625953E-01
    0.204698370261560797E+03   -0.478292132884087007E+00    0.311964518549118708E+01    0.351557814065902974E+00   -0.679097580779625953E-01
    0.204547669727354560E+03    0.939547180958747230E+00    0.243535514799057928E+01    0.365482691625027389E+00   -0.667987868832252557E-01
    0.324108738652975489E+03    0.880669175652018854E+00    0.149128736018007402E+01    0.322663033383091602E+00   -0.666986508069744577E-01
    0.223753301293269857E+03    0.739242152744764347E+00    0.347656586399154577E+01    0.291191805368049041E-01   -0.643730344345199296E-01
    0.304607890546321869E+03   -0.240663826465606689E+00    0.264683604240417480E+01    0.195368519067764285E+00   -0.634019030698584618E-01
    0.188702011336274779E+03   -0.105691410429371579E+01    0.344885722940256656E+01    0.369568327634042959E+00   -0.622129022987450014E-01
    0.272989504103994136E+03   -0.161280754174399155E+01    0.335767626810747899E+01    0.192517036931385055E+00   -0.612476311338562146E-01
    0.225754137337207794E+03   -0.113499635457992554E+01    0.290286719799041748E+01    0.417841468548774742E+00   -0.612126993652940335E-01
    0.225754137337207794E+03   -0.113499635457992554E+01    0.290286719799041748E+01    0.417841468548774742E+00   -0.612126993652940335E-01
    0.310733242690879479E+03    0.681102122212068117E+00    0.228087264150928348E+01    0.156244774182227181E+00   -0.606191930390773751E-01
    0.214522628486156464E+03    0.743683278560638428E+00    0.358226299285888672E+01    0.453296273946762127E-01   -0.565343998722861452E-01
    0.199512345473008850E+03    0.693314261004854160E+00    0.276261804555855139E+01    0.337253274708173678E+00   -0.558531921773506371E-01
    0.334318505227565765E+03    0.862719893455505371E+00    0.144457638263702393E+01    0.344713081455230719E+00   -0.532545171838511022E-01
    0.256710243359742776E+03   -0.165451544794345140E+01    0.409999420447618412E+01    0.504596600429271167E-01   -0.515547948332644307E-01
    0.256710243359742776E+03   -0.165451544794345140E+01    0.409999420447618412E+01    0.504596600429271167E-01   -0.515547948332644307E-01
    0.185918472266016465E+03   -0.284776347000278207E+00    0.455145839065880509E+01    0.100827403558141210E-01   -0.506668011822009115E-01
    0.248345710378426929E+03   -0.513087611814842859E+00    0.316760518632657373E+01    0.244560145852787986E+00   -0.504613263366151948E-01
    0.248345710378426929E+03   -0.513087611814842859E+00    0.316760518632657373E+01    0.244560145852787986E+00   -0.504613263366151948E-01
    0.178305803914724265E+03   -0.167887239386268283E+01    0.476194372726457793E+01    0.105730480072863522E+00   -0.486965248784217153E-01
    0.223314774832133708E+03   -0.113598634770399132E+01    0.303300192484489095E+01    0.434091184364759963E+00   -0.422281101182166232E-01
    0.184703062474727631E+03   -0.123495727777481079E+01    0.438230812549591064E+01    0.177644101667404186E+00   -0.400666042026975727E-01
    0.145127082065378062E+03    0.933739183908062209E-01    0.324158914798292486E+01    0.546949450933486347E+00   -0.396556237532365019E-01
    0.206776294973574807E+03    0.525475558931109088E+00    0.377058031041597985E+01    0.877753559997972999E-01   -0.394227129295717793E-01
    0.290865954756736755E+03   -0.130158746242523193E+01    0.263152956962585449E+01    0.388726072740554818E+00   -0.394027815255900624E-01
    0.290865954756736755E+03   -0.130158746242523193E+01    0.263152956962585449E+01    0.388726072740554818E+00   -0.394027815255900624E-01
    0.218942551149751750E+03    0.489724024510040490E+00    0.368562342191517089E+01    0.929637354878956046E-01   -0.354441441330422546E-01
    0.208518784446766261E+03   -0.186248507734357749E+01    0.440486459008633346E+01    0.166678268860961210E+00   -0.353915566656972796E-01
    0.253354483842849731E+03   -0.132449084520339966E+01    0.347156286239624023E+01    0.259255786299705526E+00   -0.345326938547509607E-01
    0.130787751078605652E+03   -0.823664844036102295E+00    0.489337325096130371E+01    0.254583401584625280E+00   -0.343344791740748528E-01
    0.314706934113656871E+03    0.630762103598025980E+00    0.218447180657411089E+01    0.266390478711844125E+00   -0.311580566627142376E-01
    0.229098208571723092E+03    0.248246250078670183E+00    0.395311527883055902E+01    0.465549710484347845E-01   -0.283345095414276639E-01
    0.240717954807999490E+03   -0.133474747400129479E+01    0.285090996966020960E+01    0.498363434458188759E+00   -0.271121531516726050E-01
    0.240717954807999490E+03   -0.133474747400129479E+01    0.285090996966020960E+01    0.498363434458188759E+00   -0.271121531516726050E-01
    0.169108549303206246E+03   -0.144349923200005481E+01    0.447261557619194683E+01    0.286977115867137977E+00   -0.266957783105465085E-01
    0.348774619400501251E+03    0.550628602504730225E+00    0.292952120304107666E+01    0.259383898258209247E-01   -0.266700761917835170E-01
    0.238495783507823944E+03   -0.992922782897949219E-01    0.399277389049530029E+01    0.686277849912643456E-01   -0.265480698667095380E-01
    0.281682932346767416E+03    0.259982292124157688E+00    0.338859993193232789E+01    0.759098142111496732E-01   -0.262786130376409452E-01
    0.156065822002202054E+03    0.880265035680176666E+00    0.337311113177106847E+01    0.405493560131728881E+00   -0.261280455992238224E-01
    0.197059132693246113E+03   -0.155437535601782817E+01    0.338740321002456035E+01    0.509749531759395080E+00   -0.260033636653660069E-01
    0.156014207245878055E+03    0.810675890170358571E+00    0.361054084737503089E+01    0.347130948502187731E+00   -0.252300137601623974E-01
    0.188772292087823871E+03   -0.156395120622372175E+01    0.349827457739306169E+01    0.508441765548278912E+00   -0.243982746570800026E-01
    0.253287281481821395E+03   -0.185221610910993073E+01    0.353544769791638736E+01    0.326371775671860875E+00   -0.234601470075967537E-01
    0.153595808148384094E+03    0.829081594944000244E+00    0.344328761100769043E+01    0.422429753136634833E+00   -0.219075525413684399E-01
    0.245364948459534162E+03   -0.129022412432002653E+01    0.296585911590528628E+01    0.473979044490031032E+00   -0.217816964599924986E-01
    0.330151859855138696E+03    0.567707234770895131E+00    0.210328107041823742E+01    0.314969477222328764E+00   -0.203997303614669306E-01
    0.297987876832485199E+03   -0.133656847476959229E+01    0.367974400520324707E+01    0.152168313717842119E+00   -0.197337997628587412E-01
    0.305042518290224052E+03    0.445369474944399713E+00    0.291399750579194894E+01    0.158931759088582564E+00   -0.197292853783060280E-01
    0.224143500112686127E+03   -0.905541729237590465E+00    0.363183098107415425E+01    0.325543832813002643E+00   -0.195852814595983832E-01
    0.296976241469383240E+03    0.881761610507965088E+00    0.306841909885406494E+01    0.945739536523819008E-01   -0.193071350674905613E-01
    0.237742404343260489E+03   -0.466166637363785386E+00    0.281812300775808389E+01    0.479575685062990198E+00   -0.186774935820555009E-01
    0.162720949083316668E+03   -0.114919410874952699E+01    0.444631147893513301E+01    0.334823061679733747E+00   -0.184903597690452247E-01
    0.136331542906310688E+03    0.473418422062733324E+00    0.366418396410424485E+01    0.500069011074711356E+00   -0.184471260475141743E-01
    0.235987333474419074E+03   -0.112444271715671062E+01    0.390220887391434523E+01    0.236508536694768234E+00   -0.181281416841536994E-01
    0.251964160799980164E+03   -0.104772067070007324E+01    0.273590743541717529E+01    0.523895277214050270E+00   -0.175444167069135279E-01
    0.180476450920104980E+03   -0.522017002105712891E+00    0.354942798614501953E+01    0.470864056992530866E+00   -0.162602044260581023E-01
    0.251731278002262115E+03   -0.103341788053512573E+01    0.340747177600860596E+01    0.344586334204673772E+00   -0.155389708024866423E-01
    0.149349576234817505E+03   -0.717883527278900146E+00    0.393261313438415527E+01    0.523907218408584563E+00   -0.154191328856776756E-01
    0.306301309515206867E+03   -0.906873289759586809E+00    0.264351719792305229E+01    0.414426053201582212E+00   -0.148456211250576030E-01
    0.213838994044032091E+03   -0.119791843294424249E+01    0.470713237544878815E+01    0.105537978846739447E+00   -0.146389652343321477E-01
    0.313978683948516846E+03    0.624395966529846191E+00    0.286212980747222900E+01    0.169143165278434759E+00   -0.141001945971775799E-01
    0.318309070169925690E+03   -0.699851036071777344E+00    0.256301164627075195E+01    0.405038256239891092E+00   -0.134815693181606910E-01
    0.285599571466445923E+03   -0.757393717765808105E+00    0.427852869033813477E+01    0.740975003242492700E-02   -0.130022526617732045E-01
    0.296214691659928803E+03   -0.176913458570431703E+01    0.276867940916306843E+01    0.495004636948182974E+00   -0.125203304404673810E-01
    0.165494759228387096E+03    0.798158755068017811E+00    0.446055210778607503E+01    0.156561783936705168E+00   -0.112921612154450283E-01
    0.170686444177578096E+03   -0.400211382618733680E-01    0.415663320877507658E+01    0.344186234322389650E+00   -0.996496369139116336E-02
    0.346764612197875977E+03   -0.674247741699218750E-01    0.228216409683227539E+01    0.403450657367706300E+00   -0.978621446665625672E-02
    0.149510142557784405E+03    0.902245500754432772E+00    0.451872980297997628E+01    0.219651520442497278E+00   -0.917017233846829580E-02
    0.223428485887422880E+03    0.590015232621970309E+00    0.323278655495735201E+01    0.351755903609594689E+00   -0.906262147643516723E-02
    0.191495639208687095E+03   -0.110098197662409292E+01    0.368310035781489198E+01    0.516136465368283281E+00   -0.882608985199268871E-02
    0.346007103310283242E+03   -0.253377744297870855E+00    0.202548261877057012E+01    0.509194719234560500E+00   -0.850161290443689731E-02
    0.277616012273109902E+03   -0.123043484596886010E+01    0.388918848427801223E+01    0.222289694292299084E+00   -0.780887184767195801E-02
    0.298202167877058741E+03    0.692219814560965485E+00    0.243157429060049779E+01    0.385665571803313401E+00   -0.775103759553446431E-02
    0.172875456178213483E+03   -0.184967385761515146E+01    0.449446497008501211E+01    0.428497629203204111E+00   -0.750666447474993958E-02
    0.167069611940823933E+03   -0.172767015416469794E+01    0.459150741842443111E+01    0.417838595771872656E+00   -0.741897857157648548E-02
    0.175532808234766719E+03    0.969538152523975683E+00    0.340982234976259591E+01    0.445392467035702677E+00   -0.735602761913824003E-02
    0.224645616559869325E+03    0.606495141632149792E+00    0.373814919629812081E+01    0.223116469900033226E+00   -0.732803763365636428E-02
    0.249979366362094879E+03   -0.176583886146545410E+01    0.406800210475921631E+01    0.298941322803497334E+00   -0.707234971414683142E-02
    0.307804703257691074E+03   -0.400748710900506788E+00    0.352275279987887835E+01    0.194403186742761996E+00   -0.681126564284431114E-02
    0.299851663410663605E+03   -0.521772563457489014E+00    0.313157975673675537E+01    0.339636845541000376E+00   -0.661419716008308095E-02
    0.226524281263683577E+03   -0.292155788559520069E+00    0.352748294091314030E+01    0.404750565755647551E+00   -0.631292219986273086E-02
    0.194850516319274902E+03    0.483321249485015869E+00    0.446262776851654053E+01    0.440076928067207329E+00   -0.198979142139086559E-03
    0.200435766292615540E+03    0.660858473494769783E-01    0.410138889171614451E+01    0.404031898939332779E+00   -0.163138238933457132E-02
    0.169453232383040415E+03   -0.944280316572090328E-01    0.384967914098527153E+01    0.516222892800320632E+00   -0.496133377786703907E-02
    0.214884082973003387E+03    0.693317651748657227E+00    0.403800070285797119E+01    0.431142526316642793E+00   -0.355231168422281724E-03
    0.254583968222141266E+03    0.674565792083740234E+00    0.391900539398193359E+01    0.331153548002243059E+00   -0.437971954260324620E-03
    0.269960498542866389E+03    0.681447789404048265E+00    0.373122494262689663E+01    0.330351791852009358E+00   -0.495863415522803806E-03
    0.238791303925314310E+03    0.128080750167623769E+00    0.360569761643089848E+01    0.548194263654013247E+00   -0.303312363834132824E-03
    0.222636632621288300E+03    0.451293349266052246E+00    0.430069386959075928E+01    0.425835620641708379E+00   -0.137955517158987282E-03
    0.226176848986457173E+03    0.721515409355804493E+00    0.495456540299861992E+01    0.405400762523930092E+00   -0.679837215360934035E-05
    0.278518646955490112E+03    0.286836743354797363E+00    0.441541790962219238E+01    0.460381257605552707E+00   -0.591061287691107405E-05
    0.327546307241293107E+03   -0.629447643182055039E-01    0.492102440864557877E+01    0.403384474299674389E+00   -0.366519098769880461E-06
    0.256211308128742530E+03   -0.292398358693226612E+00    0.388837852535589334E+01    0.386048610378658064E+00   -0.886811573073499398E-03
    0.269375852701246913E+03    0.523217773511979622E+00    0.417762476514265124E+01    0.392279999507208044E+00   -0.476351091027403788E-04
    0.292363465866732611E+03    0.340138391849229116E+00    0.480757289755512929E+01    0.299148636801701950E+00   -0.786494954983269006E-05
    0.275537345074034022E+03    0.313623434133611489E+00    0.424281865304297945E+01    0.365754663981046668E+00   -0.578120620532586850E-04
    0.256588401407650053E+03   -0.429414791272808571E-02    0.448551637021475358E+01    0.432448626829584126E+00   -0.277825851847065587E-04
    0.250252892710985009E+03    0.756816592881899730E+00    0.388667377745203702E+01    0.500090751425416369E+00   -0.544516865278901578E-04
    0.194975128668631868E+03    0.950288264183441811E+00    0.406857711123491050E+01    0.343796166688074611E+00   -0.150515231380259507E-02
    0.232498215162764154E+03   -0.114434263915675682E+00    0.440489858423698522E+01    0.485337929369918597E+00   -0.604724624453009245E-04
    0.196396179726488356E+03   -0.154835427744306031E+00    0.453790590419407280E+01    0.505080584171175739E+00   -0.156852286961383795E-03
    0.193418362530008608E+03    0.580568959470271206E+00    0.379335732610242182E+01    0.334674057694346772E+00   -0.582717985316995313E-02
    0.180058260804129105E+03    0.809317498510055522E+00    0.349540346642227995E+01    0.490602385474307179E+00   -0.339090380222238424E-02
    0.281414273939275859E+03    0.932492107442776774E+00    0.394062681189689812E+01    0.455359974392552547E+00   -0.193557584747247995E-04
    0.301802891625118718E+03    0.500979191984223249E-01    0.471773173702197646E+01    0.484047703759484582E+00   -0.509631155516354778E-06
    0.241483747385085337E+03    0.451951382255983525E+00    0.467419369424171727E+01    0.148934608276774599E+00   -0.587557817010092879E-03
    0.198628681002933689E+03    0.709590064237748841E+00    0.497967775691341252E+01    0.282032111147206610E+00   -0.143132014459536132E-03
    0.208572111273235805E+03    0.227017950491606335E+00    0.464762204109976018E+01    0.202324594686208892E+00   -0.156661452907490783E-02
    0.192590647935867310E+03    0.883223235607147217E+00    0.423136413097381592E+01    0.189646981000900272E+00   -0.541731024477231770E-02
    0.227826317183217213E+03    0.982700495820044484E+00    0.462862552011188200E+01    0.120157726670420892E+00   -0.859097022988341771E-03
    0.224247546399149002E+03    0.888350034026186286E+00    0.459847193092101669E+01    0.241691494873422147E+00   -0.278213157575183127E-03
    0.198981171972110076E+03    0.434354426077232070E+00    0.470214788389760230E+01    0.269387017943886919E+00   -0.651767681068223339E-03
    0.175417071911008719E+03    0.333800406375617253E+00    0.441098765968101425E+01    0.312260930673693760E+00   -0.297733738208613491E-02
    0.311639750453493662E+03   -0.633496294368749435E-01    0.359908683315043199E+01    0.563363440848936414E+00   -0.231649944070049482E-04
    0.287657045449091584E+03   -0.641553086550017415E+00    0.308927563820082796E+01    0.520832776851475110E+00   -0.157956712791715650E-02
    0.287177947205735336E+03    0.139968316330905562E+00    0.290083971270348329E+01    0.370676705957038055E+00   -0.609307795052176776E-02
    0.345929305255413055E+03    0.415662527084350586E-01    0.286090910434722900E+01    0.350438884234428427E+00   -0.251002391212685073E-02
    0.345126539519628409E+03   -0.461760607173588022E+00    0.268388518276432464E+01    0.453827190236352207E+00   -0.255539011622293562E-02
    0.324478016793727875E+03    0.356013774871826172E-01    0.279461383819580078E+01    0.553297636985778829E+00   -0.412258898516311791E-03
    0.321810198433878213E+03    0.573085200849368981E+00    0.299133795278905446E+01    0.472842325101649641E+00   -0.288451079889088787E-03
    0.315428020044122206E+03    0.210133049310825548E+00    0.288287226426608978E+01    0.572150833411316229E+00   -0.217059185419085518E-03
    0.306462938773929750E+03    0.530419432377606803E-01    0.368086848593145000E+01    0.405249377675824751E+00   -0.163513135902867605E-03
    0.325661183526884088E+03   -0.132738778100140564E+00    0.363659785612704844E+01    0.355071773981629812E+00   -0.324661263455717000E-03
    0.291326893875580595E+03   -0.671522958027480410E+00    0.350332520938694536E+01    0.378428453151373967E+00   -0.199944087935483494E-02
    0.342011067271232605E+03   -0.237548172473907471E+00    0.455853462219238281E+01    0.410275425338745114E+00   -0.172376920145287537E-05
    0.289665612578392029E+03    0.710868775844573975E+00    0.358856916427612305E+01    0.399893034338951125E+00   -0.190896220593777508E-03
    0.282098537683486938E+03    0.813546061515808105E+00    0.361395597457885742E+01    0.338001618361473077E+00   -0.420593760062039433E-03
    0.289405960677295013E+03    0.744466116873030437E+00    0.320675691120285222E+01    0.404780478892026729E+00   -0.696575265210789261E-03
    0.266698093399074651E+03    0.542466592775032286E+00    0.353011324649762592E+01    0.380932991237791063E+00   -0.701599856204359273E-03
    0.312274274230003357E+03    0.572749853134155273E+00    0.332242250442504883E+01    0.158981379318237304E+00   -0.475084154214640893E-02
    0.290732481643192500E+03    0.577169008404255113E+00    0.308187166194955076E+01    0.561211893663258743E+00   -0.168991112694226301E-03
    0.271877676078226841E+03    0.385362137670801630E+00    0.354896824272108269E+01    0.317122018262120775E+00   -0.149061469731877946E-02
    0.276103753850046132E+03    0.193619927730043884E+00    0.375545939041262322E+01    0.556112348968438752E+00   -0.309921863821155491E-04
    0.240053167963678305E+03   -0.779722102157378139E+00    0.390655630731094838E+01    0.539090228154127216E+00   -0.360208765806573745E-03
    0.178045725822448730E+03   -0.136259233951568604E+01    0.488908827304840088E+01    0.432008160567283639E+00   -0.928768214511448273E-03
    0.209451282024383545E+03   -0.144727772474288940E+01    0.473685383796691895E+01    0.431009706115722646E+00   -0.499218897149089234E-03
    0.174773604880112430E+03   -0.180400237283135745E+01    0.468467588138153346E+01    0.436208956083616983E+00   -0.330933525029586308E-02
    0.214093424198545222E+03   -0.100767513240505080E+01    0.456944111075243065E+01    0.443938853651619558E+00   -0.402318208289894155E-03
    0.205349312690497300E+03   -0.860590796013323223E+00    0.403084674680538235E+01    0.568908455113062983E+00   -0.725462416976686321E-03
    0.148310180008411407E+03   -0.809545159339904785E+00    0.456778466701507568E+01    0.527243895220756542E+00   -0.250224270842361015E-02
    0.143053452670574188E+03   -0.110574847459793091E+01    0.442369818687438965E+01    0.564625395298004151E+00   -0.467426204439451258E-02
    0.189007592201232910E+03   -0.158961361646652222E+01    0.449890673160552979E+01    0.525150637936592113E+00   -0.952046943165040871E-03
    0.174899641949094075E+03   -0.662223275048094751E+00    0.431940240535928410E+01    0.475374447538251033E+00   -0.233533985272630544E-02
    0.192119058459432125E+03   -0.866286586648210566E+00    0.425359730330423069E+01    0.454264484583140282E+00   -0.226733618978533025E-02
    0.188797391537501767E+03   -0.125289974928897485E+01    0.492076661024764661E+01    0.489021751249322068E+00   -0.218970140082753908E-03
    0.240701352450693491E+03   -0.122942860147889399E+01    0.419104877206657278E+01    0.440890592217311195E+00   -0.725846441192701231E-03
    0.227300631999969482E+03   -0.179464346170425415E+01    0.446893930435180664E+01    0.388178210735321050E+00   -0.151826768251260569E-02
    0.204064789414405823E+03   -0.635315299034118652E+00    0.463771581649780273E+01    0.271560095500946064E+00   -0.261281573250308954E-02
    0.249543898331435116E+03   -0.428656658853960426E+00    0.467561139810674575E+01    0.232013846694714421E+00   -0.543213121394633784E-03
    0.236376744508743286E+03   -0.118342381715774536E+01    0.494387447834014893E+01    0.169233816003799442E+00   -0.159751160932724645E-02
    0.250293336900458030E+03   -0.107010070884301323E+01    0.471995260158942997E+01    0.254801986800570868E+00   -0.696973937132013195E-03
    0.252567171420732279E+03   -0.264633041639182220E+00    0.480495900624736549E+01    0.379359424295742598E+00   -0.286588973089998988E-04
    0.177357417345046997E+03   -0.485429704189300537E+00    0.441786110401153564E+01    0.336542779684066762E+00   -0.564537222367639778E-02
    0.247778530089034348E+03   -0.501015568727422478E+00    0.469649461421943215E+01    0.380815322126319411E+00   -0.754300067208624067E-04
    0.294614321375033569E+03   -0.395697158864049214E+00    0.456722320461056519E+01    0.401650746175679141E+00   -0.135410428584372815E-04
    0.298781917989253998E+03   -0.128209370374679565E+01    0.361626863479614258E+01    0.423246701431274408E+00   -0.113771668952791956E-02
    0.250939381330621671E+03   -0.110557124318121947E+01    0.369633596195490632E+01    0.477580045552636001E+00   -0.166193780431174009E-02
    0.337257508933544159E+03   -0.193044495582580566E+01    0.465920984745025635E+01    0.499799140763282801E+00   -0.275324325516395599E-05
    0.323584730166773284E+03   -0.182359230659067739E+01    0.395420849095805238E+01    0.512679578730941499E+00   -0.771386813502325335E-04
    0.296601789228138557E+03   -0.195692785731595831E+01    0.428855322170665154E+01    0.477885961480556842E+00   -0.927723254918523825E-04
    0.302582212979766496E+03   -0.196272143780734565E+01    0.349862058804921006E+01    0.450308908267909480E+00   -0.205075199148721044E-02
    0.302338744063229342E+03   -0.109681815930968307E+01    0.428433092129988324E+01    0.407102701099512798E+00   -0.770794493979568479E-04
    0.286277014429638029E+03   -0.143094180383596026E+01    0.425200226272457904E+01    0.452862970851970470E+00   -0.124888678400225130E-03
    0.278776137326540947E+03   -0.910811863377887221E+00    0.354338735693510998E+01    0.331137603071861630E+00   -0.506695363800280241E-02
    0.346434405446052551E+03   -0.167247366905212402E+01    0.305166482925415039E+01    0.408460875535011314E+00   -0.411820143279458938E-02
    0.297040820709500167E+03   -0.170263094132260306E+01    0.295580823515390634E+01    0.514007404435653181E+00   -0.545799501601410865E-02
    0.259500546386624649E+03   -0.115024003941261377E+01    0.324276835376597816E+01    0.560627827393841649E+00   -0.222049443278294137E-02
    0.319079374549187037E+03   -0.943077839428091425E+00    0.388476812065120214E+01    0.495343714088806786E+00   -0.529608826831936552E-04
    0.282914896556593249E+03   -0.854164693151344467E+00    0.380291865777791926E+01    0.480817798873647173E+00   -0.279034011447589023E-03
    0.339799704285803386E+03   -0.188414617994053035E+01    0.412486860439965497E+01    0.473001381074945770E+00   -0.443829073840885848E-04
    0.276114046885398409E+03   -0.772237590790531669E+00    0.345663010284534877E+01    0.372357326198527072E+00   -0.392713344086277096E-02
    0.275659498746186557E+03   -0.137090765676048143E+01    0.488964970081940109E+01    0.277397834060042092E+00   -0.145461415073188001E-03
    0.295717602560921364E+03   -0.132084380154577286E+01    0.464679373931338624E+01    0.272455170487146903E+00   -0.210731488302417298E-03
    0.245719841012608242E+03   -0.179399161830103293E+01    0.439292367734444866E+01    0.238141428240761927E+00   -0.583092214543351559E-02
    0.296801979766765839E+03   -0.129665717640298994E+01    0.464466470336832238E+01    0.157507381430702448E+00   -0.917700291458951618E-03
    0.237905754697847613E+03   -0.162535876975402060E+01    0.428545391692182065E+01    0.297379875813692851E+00   -0.459691917031504124E-02
    0.275029400007823483E+03   -0.177705800730052688E+01    0.433074306554659216E+01    0.273787588019618333E+00   -0.187569635200094146E-02
    0.299834854307321507E+03   -0.166176764516766151E+01    0.419709320209751446E+01    0.160649911627324310E+00   -0.501112618668031820E-02
