    0.199956691265106201E+03   -0.137780886888504028E+01    0.332951545715332031E+00    0.531850023365020741E+00   -0.472715150851459942E+01
    0.128547650575637817E+03   -0.153673386573791504E+01    0.182334959506988525E+01    0.436587983965873727E+00   -0.439107522480761325E+01
    0.209451282024383545E+03   -0.144727772474288940E+01    0.473685383796691895E+01    0.431009706115722646E+00   -0.435927941719540524E+01
    0.194850516319274902E+03    0.483321249485015869E+00    0.446262776851654053E+01    0.440076928067207329E+00   -0.419697272868809090E+01
    0.185387052595615387E+03   -0.667017757892608643E+00    0.155088841915130615E+01    0.228080909729003911E+00   -0.398911148712743779E+01
    0.317210987210273743E+03   -0.924512147903442383E+00    0.110844016075134277E+01    0.368354463100433391E-01   -0.375585272779997137E+01
    0.227300631999969482E+03   -0.179464346170425415E+01    0.446893930435180664E+01    0.388178210735321050E+00   -0.367744346058798355E+01
    0.254583968222141266E+03    0.674565792083740234E+00    0.391900539398193359E+01    0.331153548002243059E+00   -0.362211986568148392E+01
    0.235639257729053497E+03    0.438801407814025879E+00    0.160570383071899414E+01    0.232157292366027852E-02   -0.324898851563827806E+01
    0.198424428911955260E+03   -0.272399992529126500E-01    0.211480289294059709E+01    0.501381229961632910E-01   -0.317142599611635312E+01
    0.234635816514492035E+03   -0.142505043745040894E+01    0.976019501686096191E+00    0.370047690367698690E+00   -0.312176414564178284E+01
    0.148310180008411407E+03   -0.809545159339904785E+00    0.456778466701507568E+01    0.527243895220756542E+00   -0.310877706324675795E+01
    0.204064789414405823E+03   -0.635315299034118652E+00    0.463771581649780273E+01    0.271560095500946064E+00   -0.303990661412512697E+01
    0.296930882216414830E+03   -0.915768893943285534E+00    0.448301390533454303E+01    0.611806462307666263E-01   -0.294634903698219697E+01
    0.167517940554796581E+03   -0.144333077342667648E+01    0.159667197511834402E+01    0.447642125264488211E+00   -0.293348333957621499E+01
    0.323424796952748466E+03    0.103747431200583051E+00    0.381820003020640364E+01    0.129456589793749854E+00   -0.288093037999423007E+01
    0.289794211089611053E+03   -0.373421370983123779E+00    0.249379873275756836E-01    0.451785132837295544E+00   -0.287653707275872073E+01
    0.226622352567621306E+03    0.290405130644993292E+00    0.480365728201702069E+01    0.743664977417758805E-01   -0.284114703771506472E+01
    0.240608318422614360E+03   -0.956994196605882141E+00    0.140760147100266853E+01    0.229117165548620105E+00   -0.283915694817278741E+01
    0.295322512090206146E+03   -0.194317150115966797E+01    0.184036910533905029E+01    0.354429665565490701E-01   -0.282116247473831994E+01
    0.345929305255413055E+03    0.415662527084350586E-01    0.286090910434722900E+01    0.350438884234428427E+00   -0.281507036728896276E+01
    0.213484103977680206E+03    0.632042586803436279E+00    0.177896142005920410E+01    0.342614024162292488E-01   -0.278572910479087099E+01
    0.349756302319119641E+03   -0.388344468457475056E+00    0.317958858772566799E+01    0.270141906582911207E+00   -0.277638703279614152E+01
    0.248909473419189453E+03    0.452733159065246582E+00    0.970449447631835938E+00    0.199588161921501167E+00   -0.274689002917381497E+01
    0.284748900793312373E+03    0.115643231540280667E+00    0.428540834169991491E+01    0.589801151882422200E-01   -0.271100631226638722E+01
    0.215204618187577239E+03    0.997689792469371728E+00    0.401608597210248064E+01    0.273699678446375994E+00   -0.268549078033892519E+01
    0.249979366362094879E+03   -0.176583886146545410E+01    0.406800210475921631E+01    0.298941322803497334E+00   -0.267507224573780666E+01
    0.177814757192073330E+03   -0.719408669867931394E+00    0.482840143072272454E+01    0.244755077805965504E+00   -0.264267456377405541E+01
    0.270285477087380741E+03   -0.709965134882018178E+00    0.445886390306315938E+00    0.431633961386738541E+00   -0.259026914597482172E+01
    0.218739101922063014E+03    0.705784972479841510E+00    0.175474109318375948E+01    0.412442045895516571E-01   -0.257120452635517349E+01
    0.171878326791436905E+03    0.552747962360280454E-01    0.208501235400765417E+01    0.208119137771044321E+00   -0.256493561822753868E+01
    0.177357417345046997E+03   -0.485429704189300537E+00    0.441786110401153564E+01    0.336542779684066762E+00   -0.253428931405206015E+01
    0.279989855452078984E+03    0.163395482893075261E+00    0.378360187728176456E+01    0.172247823433658687E+00   -0.248973651727630996E+01
    0.299554104047639953E+03    0.763022749362792130E+00   -0.329295531677357367E+00    0.421533017025250534E+00   -0.248419609795889329E+01
    0.299851663410663605E+03   -0.521772563457489014E+00    0.313157975673675537E+01    0.339636845541000376E+00   -0.245970156946362684E+01
    0.236436718702316284E+03   -0.778353214263916016E+00    0.966634750366210938E+00    0.400144822955131541E+00   -0.244306656014079548E+01
    0.169045338836439441E+03    0.431843650884133901E-01    0.382338761993082699E+01    0.504371456612080604E+00   -0.241851211168825753E+01
    0.128444170951843262E+03   -0.789509415626525879E-01    0.356698274612426758E+01    0.222120547771453881E-01   -0.232828067116953541E+01
    0.290164934409288207E+03    0.196394107319704414E+00    0.104066537415796745E-01    0.458889892619529616E+00   -0.232461174578770269E+01
    0.217060994920994688E+03    0.895311416593570275E+00    0.157594979448755890E+01    0.114317871544386940E+00   -0.231264028306900293E+01
    0.184924196366710106E+03   -0.104435112194925184E+00    0.171915311905585000E+01    0.313716166682608932E+00   -0.228641060186753364E+01
    0.184924196366710106E+03   -0.104435112194925184E+00    0.171915311905585000E+01    0.313716166682608932E+00   -0.228641060186753364E+01
    0.129720380176321669E+03   -0.105180227745404098E+01    0.311689657885081139E+01    0.235088916600323300E+00   -0.225246076515516158E+01
    0.293268055770364299E+03    0.374621931935449126E+00    0.310882639725203624E+01    0.284480261300622206E+00   -0.224960545283874636E+01
    0.314890447258949280E+03   -0.577814280986785889E+00   -0.155594348907470703E+00    0.530038339447975182E+00   -0.224334237020752969E+01
    0.154420691641762147E+03   -0.408755870629231799E+00    0.493812899996366284E+01    0.229749820032726565E+00   -0.223600443717621511E+01
    0.191563613717757931E+03    0.282889792536739737E+00    0.455112867904870200E+01    0.160004067407228945E+00   -0.223061533236202303E+01
    0.312274274230003357E+03    0.572749853134155273E+00    0.332242250442504883E+01    0.158981379318237304E+00   -0.222157654680503969E+01
    0.312274274230003357E+03    0.572749853134155273E+00    0.332242250442504883E+01    0.158981379318237304E+00   -0.222157654680503969E+01
    0.216503708064556122E+03    0.389004051685333252E+00    0.951006412506103516E+00    0.384989127087593086E+00   -0.220953791742145622E+01
    0.145422862509909095E+03    0.682901022096444876E+00    0.250067130878538002E+01    0.151498116710042569E+00   -0.219874380945650083E+01
    0.145422862509909095E+03    0.682901022096444876E+00    0.250067130878538002E+01    0.151498116710042569E+00   -0.219874380945650083E+01
    0.329337863305292444E+03   -0.609023450147349710E+00    0.551253802934549064E+00    0.314582071571618993E+00   -0.217896895052004069E+01
    0.285599571466445923E+03   -0.757393717765808105E+00    0.427852869033813477E+01    0.740975003242492700E-02   -0.213607427958183171E+01
    0.285599571466445923E+03   -0.757393717765808105E+00    0.427852869033813477E+01    0.740975003242492700E-02   -0.213607427958183171E+01
    0.267373263835906982E+03    0.443569302558898926E+00    0.567036867141723633E-01    0.488572916722297690E+00   -0.212613498259296518E+01
    0.346764612197875977E+03   -0.674247741699218750E-01    0.228216409683227539E+01    0.403450657367706300E+00   -0.212290553195724918E+01
    0.273855608779597787E+03   -0.970733407781769309E+00    0.257558015732119916E+01    0.520090396892252338E+00   -0.211837933924287736E+01
    0.318309070169925690E+03   -0.699851036071777344E+00    0.256301164627075195E+01    0.405038256239891092E+00   -0.210709796118161297E+01
    0.330381269466345316E+03   -0.742377062120585851E+00    0.250574547447319596E+01    0.397320924577250822E+00   -0.210513437733513742E+01
    0.251731278002262115E+03   -0.103341788053512573E+01    0.340747177600860596E+01    0.344586334204673772E+00   -0.209274011566558737E+01
    0.192590647935867310E+03    0.883223235607147217E+00    0.423136413097381592E+01    0.189646981000900272E+00   -0.208817918556664672E+01
    0.289636360440962676E+03    0.594931645191818959E+00    0.387865044270520798E+01    0.310458932354902642E-01   -0.206838604481488986E+01
    0.134603456848080697E+03   -0.498388622458473485E+00    0.489413641371930908E+01    0.309438160727123990E+00   -0.206468532154172291E+01
    0.149349576234817505E+03   -0.717883527278900146E+00    0.393261313438415527E+01    0.523907218408584563E+00   -0.203262837183931744E+01
    0.251964160799980164E+03   -0.104772067070007324E+01    0.273590743541717529E+01    0.523895277214050270E+00   -0.203122009708901841E+01
    0.336673412660465260E+03    0.510686236240622371E+00    0.272316990214802779E+01    0.247563996520958979E+00   -0.203070532954882443E+01
    0.223616832494735718E+03   -0.432872712612152100E+00    0.189563035964965820E+01    0.208673500370979315E+00   -0.202997897219233625E+01
    0.266195490009963180E+03   -0.273808750397033229E+00    0.199543744607867879E+01    0.457245884037306288E-01   -0.202881193167987428E+01
    0.297987876832485199E+03   -0.133656847476959229E+01    0.367974400520324707E+01    0.152168313717842119E+00   -0.201735560828378180E+01
    0.322108112067310458E+03    0.615061445472091073E+00    0.166963424480137057E+01    0.565265935944416209E+00   -0.201616842991826584E+01
    0.221079841649464356E+03    0.621890235356016063E+00    0.355904779821092276E+01    0.288710026500247574E+00   -0.199861714383009725E+01
    0.320617736732562093E+03   -0.115802955624778314E+01    0.300281723191994843E+01    0.277916876185749118E+00   -0.199070544295711027E+01
    0.180476450920104980E+03   -0.522017002105712891E+00    0.354942798614501953E+01    0.470864056992530866E+00   -0.196758586765647547E+01
    0.180476450920104980E+03   -0.522017002105712891E+00    0.354942798614501953E+01    0.470864056992530866E+00   -0.196758586765647547E+01
    0.228384898241607942E+03    0.601771206698091365E+00    0.449991411991486068E+00    0.490150876618866249E+00   -0.193577162637684075E+01
    0.289607871184178293E+03   -0.122901017354991504E+01    0.156230341748267598E+01    0.205000233735323667E+00   -0.192038660317116161E+01
    0.294896187381839354E+03    0.163330201177785295E+00    0.191165404258060967E+01    0.564682362955508887E+00   -0.191615950395699208E+01
    0.127998991310596466E+03   -0.190142560005187988E+01    0.426002204418182373E+01    0.251008003234863275E-01   -0.188110113138964596E+01
    0.316858842826945533E+03    0.267434799785819965E+00    0.537464543109146042E+00    0.301154622564124674E+00   -0.188034704229888039E+01
    0.172530460357666016E+03    0.389511704444885254E+00    0.141462981700897217E+01    0.456354277396202102E+00   -0.187660327390436610E+01
    0.148774382804600720E+03   -0.179268089908895689E+01    0.222610223167827037E+01    0.511246544490734922E+00   -0.187640314758650506E+01
    0.148774382804600720E+03   -0.179268089908895689E+01    0.222610223167827037E+01    0.511246544490734922E+00   -0.187640314758650506E+01
    0.234343618166549845E+03    0.229872707894678729E+00    0.539526562540384447E+00    0.514865857608320376E+00   -0.187539400516080290E+01
    0.315358452498912811E+03    0.505239009857177734E+00    0.903194546699523926E+00    0.163855809044837958E+00   -0.187263246967111030E+01
    0.286192286014556885E+03   -0.187844532728195190E+01    0.181463479995727539E+01    0.190799067449569704E+00   -0.186730608087007477E+01
    0.183571857066408768E+03   -0.691242807473131160E+00    0.414599156707424576E+01    0.266237176406840581E+00   -0.183567520202589152E+01
    0.183571857066408768E+03   -0.691242807473131160E+00    0.414599156707424576E+01    0.266237176406840581E+00   -0.183567520202589152E+01
    0.136854281339647287E+03   -0.136615180652010748E+01    0.379807737387060129E+01    0.917020203086501562E-01   -0.181685775105370584E+01
    0.136854281339647287E+03   -0.136615180652010748E+01    0.379807737387060129E+01    0.917020203086501562E-01   -0.181685775105370584E+01
    0.166453902423381805E+03   -0.169883406162261963E+01    0.334341824054718018E+01    0.117413808202743539E+00   -0.180884875836878511E+01
    0.273403923142081510E+03    0.214498276101061869E+00    0.136350426347279274E+01    0.190728863229484041E+00   -0.178487478168260738E+01
    0.273403923142081510E+03    0.214498276101061869E+00    0.136350426347279274E+01    0.190728863229484041E+00   -0.178487478168260738E+01
    0.323940641448204701E+03    0.547817691603897927E+00    0.216651957985400756E+01    0.378020833873756679E+00   -0.178369735097948334E+01
    0.326925845786851937E+03    0.276197608928847149E+00    0.229822291891423625E+01    0.343305076137267184E+00   -0.176146974719775584E+01
    0.269510903954505920E+03    0.354690551757812500E+00    0.164973139762878418E+00    0.528911909508705147E+00   -0.175585470875137295E+01
    0.192502854895927328E+03   -0.150282289648296885E+01    0.475304024087251697E+01    0.906938612733522026E-01   -0.175121333009341473E+01
    0.192502854895927328E+03   -0.150282289648296885E+01    0.475304024087251697E+01    0.906938612733522026E-01   -0.175121333009341473E+01
    0.344817073492166969E+03    0.196156730498583620E+00   -0.221898630888102133E-01    0.439193433186610804E+00   -0.174831472199496574E+01
    0.344817073492166969E+03    0.196156730498583620E+00   -0.221898630888102133E-01    0.439193433186610804E+00   -0.174831472199496574E+01
    0.253354483842849731E+03   -0.132449084520339966E+01    0.347156286239624023E+01    0.259255786299705526E+00   -0.173574098755324835E+01
    0.232571240653560409E+03   -0.343891125518322349E+00    0.199368119082827722E+01    0.195588577511539907E+00   -0.173261590897367501E+01
    0.232571240653560409E+03   -0.343891125518322349E+00    0.199368119082827722E+01    0.195588577511539907E+00   -0.173261590897367501E+01
    0.156322677228880991E+03   -0.460142661074650849E+00    0.357041662905457891E+01    0.512413419674825454E+00   -0.171478867126031309E+01
    0.290231899566281982E+03    0.542003909290367680E+00    0.318720253488928051E+01    0.153276073565460441E+00   -0.171309004131288956E+01
    0.290231899566281982E+03    0.542003909290367680E+00    0.318720253488928051E+01    0.153276073565460441E+00   -0.171309004131288956E+01
    0.248601046204566956E+03   -0.151083928346633911E+01    0.115839838981628418E+01    0.482648412466049226E+00   -0.169835776904470137E+01
    0.160275196712296093E+03   -0.150812800994018925E+01    0.362486005401443734E+01    0.702149685793383577E-01   -0.169092413504205075E+01
    0.290865954756736755E+03   -0.130158746242523193E+01    0.263152956962585449E+01    0.388726072740554818E+00   -0.167352455920405796E+01
    0.158513034880161285E+03   -0.181857573986053467E+01    0.382261931896209717E+01    0.450410940170288127E-01   -0.166685070138274982E+01
    0.313978683948516846E+03    0.624395966529846191E+00    0.286212980747222900E+01    0.169143165278434759E+00   -0.166625676324182148E+01
    0.130787751078605652E+03   -0.823664844036102295E+00    0.489337325096130371E+01    0.254583401584625280E+00   -0.166303212776626030E+01
    0.130787751078605652E+03   -0.823664844036102295E+00    0.489337325096130371E+01    0.254583401584625280E+00   -0.166303212776626030E+01
    0.282952606678009033E+03   -0.526978194713592529E+00    0.143050849437713623E+01    0.254347341227531443E+00   -0.166039648653593108E+01
    0.233637900650501251E+03    0.529459714889526367E+00    0.394502043724060059E+01    0.658840396642684928E-01   -0.165805413835740412E+01
    0.131663630173886872E+03   -0.129301319663598857E+01    0.365173895855837216E+01    0.189299852532770846E+00   -0.165801961857896218E+01
    0.238495783507823944E+03   -0.992922782897949219E-01    0.399277389049530029E+01    0.686277849912643456E-01   -0.165552345980858484E+01
    0.298688251124602857E+03    0.836356004880660198E+00    0.174063336828860749E+01    0.507881359513873698E+00   -0.165495248047576915E+01
    0.184703062474727631E+03   -0.123495727777481079E+01    0.438230812549591064E+01    0.177644101667404186E+00   -0.165495129995740653E+01
    0.172822731461781842E+03    0.817806217980857397E+00    0.176848482644202676E+01    0.331728404648654496E+00   -0.165260890508007141E+01
    0.207362697630830752E+03   -0.532768762554670205E+00    0.301608108986258117E+01    0.467512906485239743E+00   -0.164622867422661212E+01
    0.327358085414515415E+03    0.896825560774100250E+00    0.274388351581464462E+01    0.157318673370041462E+00   -0.164419191117765617E+01
    0.150368860288231758E+03   -0.128823213868964448E+01    0.426862114990701969E+01    0.358242921760172417E+00   -0.163896266766787280E+01
    0.153014226146060878E+03    0.320682236899352713E+00    0.205986555712625652E+01    0.407999674580521388E+00   -0.162374730511393994E+01
    0.148508542776107788E+03   -0.992337524890899658E+00    0.287431478500366211E+01    0.321878344559669516E+00   -0.161900022151192546E+01
    0.137920940814768073E+03    0.553064523487273529E+00    0.348760455273184711E+01    0.548096953149753152E+00   -0.161450335346520379E+01
    0.209375224413095680E+03   -0.103005531819420493E+01    0.388640370173981076E+01    0.222665781055764067E+00   -0.160122703516515807E+01
    0.209375224413095680E+03   -0.103005531819420493E+01    0.388640370173981076E+01    0.222665781055764067E+00   -0.160122703516515807E+01
    0.242953742568930011E+03   -0.141511651185388154E+01    0.112029229360896743E+01    0.525439241578804506E+00   -0.159496659472675217E+01
    0.131168387683807396E+03   -0.122083457582231003E+01    0.364215974644946172E+01    0.208767602096545102E+00   -0.157845309768152298E+01
    0.320105305314064026E+03   -0.614661574363708496E+00    0.133229434490203857E+01    0.227355021572113042E+00   -0.155829898882170070E+01
    0.186912586983067257E+03    0.105500821443215376E+00    0.285895133999811701E+01    0.512320796191433447E+00   -0.152773308502612348E+01
    0.237657757508526402E+03   -0.197891313243189759E+01    0.292283346831368451E+01    0.431968911133702171E+00   -0.152375767573198040E+01
    0.322789482237349603E+03   -0.989714339854378178E+00    0.183087385701422178E+01    0.481564665980470097E+00   -0.152344903249745878E+01
    0.322789482237349603E+03   -0.989714339854378178E+00    0.183087385701422178E+01    0.481564665980470097E+00   -0.152344903249745878E+01
    0.266808444261550903E+03   -0.149443703889846802E+01    0.235779881477355957E+01    0.130005763721466078E+00   -0.152161167682322906E+01
    0.266808444261550903E+03   -0.149443703889846802E+01    0.235779881477355957E+01    0.130005763721466078E+00   -0.152161167682322906E+01
    0.335104106842620013E+03    0.348572720565038630E+00    0.198307840227147292E+01    0.349374254381321692E+00   -0.151957051710804780E+01
    0.335104106842620013E+03    0.348572720565038630E+00    0.198307840227147292E+01    0.349374254381321692E+00   -0.151957051710804780E+01
    0.143928469717502594E+03    0.711362123489379883E+00    0.234721302986145020E+01    0.330757305049896255E+00   -0.151602333235617182E+01
    0.172934597176489149E+03   -0.655911926379955101E-01    0.289821715596586138E+01    0.563017903940702280E+00   -0.151064429620425944E+01
    0.296976241469383240E+03    0.881761610507965088E+00    0.306841909885406494E+01    0.945739536523819008E-01   -0.149550217966220522E+01
    0.296976241469383240E+03    0.881761610507965088E+00    0.306841909885406494E+01    0.945739536523819008E-01   -0.149550217966220522E+01
    0.295209431303931524E+03    0.317674947443018496E-01    0.901635297430631866E+00    0.365941429923891004E+00   -0.147422662319751874E+01
    0.295209431303931524E+03    0.317674947443018496E-01    0.901635297430631866E+00    0.365941429923891004E+00   -0.147422662319751874E+01
    0.225754137337207794E+03   -0.113499635457992554E+01    0.290286719799041748E+01    0.417841468548774742E+00   -0.147193384758008272E+01
    0.225754137337207794E+03   -0.113499635457992554E+01    0.290286719799041748E+01    0.417841468548774742E+00   -0.147193384758008272E+01
    0.300186001251638572E+03   -0.127089088679018403E+01    0.205214280215195544E+01    0.141824800973429588E+00   -0.145682518721792098E+01
    0.166165691409738201E+03   -0.304666472924776111E+00    0.300952769712047896E+01    0.551967895907874873E+00   -0.144809346796133620E+01
    0.153595808148384094E+03    0.829081594944000244E+00    0.344328761100769043E+01    0.422429753136634833E+00   -0.144705792873026451E+01
    0.283100356161594391E+03    0.145952641963958740E+00    0.222978770732879639E+01    0.952688970565795934E-02   -0.144476348009095323E+01
    0.283100356161594391E+03    0.145952641963958740E+00    0.222978770732879639E+01    0.952688970565795934E-02   -0.144476348009095323E+01
    0.254141376912593842E+03   -0.788016676902770996E+00    0.266185283660888672E+01    0.520201422214508075E-01   -0.144116754545353354E+01
    0.254141376912593842E+03   -0.788016676902770996E+00    0.266185283660888672E+01    0.520201422214508075E-01   -0.144116754545353354E+01
    0.249069064784896568E+03   -0.440977657801009837E+00    0.132631910019011912E+01    0.421582979883378617E+00   -0.143372711893691296E+01
    0.152071388065814972E+03   -0.102014309167861938E+01    0.322724759578704834E+01    0.254545872116088867E+00   -0.143362893566065175E+01
    0.152071388065814972E+03   -0.102014309167861938E+01    0.322724759578704834E+01    0.254545872116088867E+00   -0.143362893566065175E+01
    0.186155896394499678E+03   -0.925506253359609010E+00    0.183600056094004316E+01    0.506860176256561323E+00   -0.143183900463593661E+01
    0.186155896394499678E+03   -0.925506253359609010E+00    0.183600056094004316E+01    0.506860176256561323E+00   -0.143183900463593661E+01
    0.340413208305835724E+03   -0.182422035932540894E+01    0.238216698169708252E+01    0.301323147583007822E+00   -0.143097199208939752E+01
    0.162711175524184313E+03   -0.403241407761338877E+00    0.317539015110697775E+01    0.511808594876541068E+00   -0.142066753320049965E+01
    0.218255505900276546E+03   -0.141478678083057652E+01    0.249721066508258005E+01    0.256927072480035656E+00   -0.141989282498935898E+01
    0.330237840669729394E+03   -0.157173493565598488E+01    0.229961870871122187E+01    0.415342378862132502E-01   -0.141756510103116806E+01
    0.248598055541515350E+03   -0.121117126941680908E+01    0.335278630256652832E+01    0.207086754441261289E+00   -0.141745271881304236E+01
    0.248598055541515350E+03   -0.121117126941680908E+01    0.335278630256652832E+01    0.207086754441261289E+00   -0.141745271881304236E+01
    0.348774619400501251E+03    0.550628602504730225E+00    0.292952120304107666E+01    0.259383898258209247E-01   -0.141596616613032511E+01
    0.172941901901607764E+03    0.589818349497535532E+00    0.197331435002994571E+01    0.357359769170988550E+00   -0.140517037408794709E+01
    0.193659977614879608E+03   -0.161502933502197266E+01    0.186616837978363037E+01    0.539040908360481241E+00   -0.140443897812827623E+01
    0.187432066673446570E+03   -0.124687493527047755E+01    0.332859299697637923E+01    0.392456084312761022E+00   -0.139221877468972144E+01
    0.218624060444154793E+03   -0.540110428886070304E+00    0.335906730692675559E+01    0.251822810605988878E+00   -0.138597058984203136E+01
    0.311162830582466199E+03   -0.107287590172019764E+01    0.175943269206743125E+01    0.479025310052988929E+00   -0.138481052135958693E+01
    0.311162830582466199E+03   -0.107287590172019764E+01    0.175943269206743125E+01    0.479025310052988929E+00   -0.138481052135958693E+01
    0.324001859531543971E+03    0.955918560402055473E+00    0.101054545077999247E+01    0.177601320124345791E+00   -0.138477672848409705E+01
    0.267593380676592290E+03   -0.178179173775608835E+01    0.315837248301795093E+01    0.218180628985937708E+00   -0.137471942486914411E+01
    0.213607873081320520E+03   -0.889851579131619941E+00    0.352347247782754991E+01    0.230374335349693926E+00   -0.137130078974892533E+01
    0.213607873081320520E+03   -0.889851579131619941E+00    0.352347247782754991E+01    0.230374335349693926E+00   -0.137130078974892533E+01
    0.156130139839709727E+03   -0.130411167181186127E+01    0.331965096623005529E+01    0.518704857342502157E+00   -0.136842615489834052E+01
    0.333867429389497659E+03   -0.137227955983079219E+01    0.129646632881702040E+01    0.318473881294992767E+00   -0.136669082335604797E+01
    0.342678789794445038E+03   -0.101669269800186157E+01    0.284800767898559570E+01    0.105670325732231146E+00   -0.136408250519689034E+01
    0.262555487232094208E+03    0.398165034434369680E+00    0.360072386373323283E+01    0.646047356918554288E-02   -0.136118407458246349E+01
    0.337716212844445408E+03    0.285147220900158871E+00    0.164714199661488436E+01    0.391473379083402684E+00   -0.135745716486577739E+01
    0.203073744390420330E+03    0.717071216093523756E+00    0.417295591667526544E+01    0.135807293518120840E-02   -0.135637278429343655E+01
    0.291306071601656981E+03   -0.187658413907997312E+01    0.333638785028199436E+01    0.112083625083058927E+00   -0.135458851712039485E+01
    0.304607890546321869E+03   -0.240663826465606689E+00    0.264683604240417480E+01    0.195368519067764285E+00   -0.135111953677466712E+01
    0.136402091344369524E+03   -0.898965710513472072E+00    0.467873639446053957E+01    0.183916919246479876E+00   -0.134032016947395149E+01
    0.136402091344369524E+03   -0.898965710513472072E+00    0.467873639446053957E+01    0.183916919246479876E+00   -0.134032016947395149E+01
    0.269931377508358196E+03    0.138304074228257079E+00    0.199072042646718828E+01    0.140493720567441610E+00   -0.133224667849538214E+01
    0.129733003781169316E+03   -0.130109577793745013E+01    0.391928819987013810E+01    0.454839543276898739E+00   -0.132913064177712625E+01
    0.296481291822210210E+03   -0.127962702079820456E+01    0.199456837662865727E+01    0.436029860067032760E+00   -0.132666835380382331E+01
    0.237508788053297110E+03   -0.178507609045278781E+01    0.336549931623854981E+01    0.218608162328750605E+00   -0.132527222633521014E+01
    0.285983049463283635E+03    0.349797380544818903E+00    0.807388263258475902E+00    0.417012871541637409E+00   -0.132154390861619886E+01
    0.209300071771923911E+03   -0.111948362891031206E+01    0.236064889976656200E+01    0.343333814944293880E+00   -0.131729628757212902E+01
    0.179525504124149450E+03   -0.108440958436705825E+01    0.331648654835453627E+01    0.380317728629332275E+00   -0.131655743075779852E+01
    0.322394865229664504E+03   -0.127671118294756836E+01    0.109606926042396502E+01    0.415188036881872058E+00   -0.131521082953901791E+01
    0.193020029423637311E+03   -0.777384112346198641E+00    0.253297869449823310E+01    0.553830170154066992E+00   -0.131466994858736852E+01
    0.146067611873149872E+03   -0.182760834693908691E+00    0.235112607479095459E+01    0.512093487596511854E+00   -0.131267464133098644E+01
    0.323948212160380763E+03    0.645715790754025409E+00    0.252211985990998322E+01    0.142162727090873048E+00   -0.130905296723952902E+01
    0.137319419399355326E+03    0.280463412172093474E+00    0.336027761158261562E+01    0.501466531737534305E+00   -0.130215178577798385E+01
    0.141676511114692033E+03   -0.125510849913426825E+01    0.452719771107666524E+01    0.197846624506787860E+00   -0.129970753290325036E+01
    0.264620780167229668E+03   -0.920898816203295612E+00    0.283508679339307967E+01    0.362091976619637601E-01   -0.129942783102770920E+01
    0.154658511400130266E+03   -0.138166993690266948E+01    0.401990988058580534E+01    0.288837435713290847E+00   -0.129665521601624123E+01
    0.287512549757957458E+03   -0.848244607448577881E+00    0.198097407817840576E+01    0.223888185739517215E+00   -0.129494997440911508E+01
    0.238473227686647164E+03    0.187803849955890723E+00    0.116584536650735959E+01    0.468712440959956067E+00   -0.129396328989933340E+01
    0.314600016999414436E+03   -0.227270947117172994E-01    0.211464900241405207E+01    0.288794578779468625E+00   -0.128810318089576459E+01
    0.314600016999414436E+03   -0.227270947117172994E-01    0.211464900241405207E+01    0.288794578779468625E+00   -0.128810318089576459E+01
    0.184265500307083130E+03   -0.101917552947998047E+01    0.285804152488708496E+01    0.476400643014907865E+00   -0.128665965099234181E+01
    0.173624545517575996E+03   -0.665664427459358166E+00    0.276752825737511010E+01    0.326822985083018824E+00   -0.128525402772733166E+01
    0.181544617119699240E+03   -0.120825821706046832E+01    0.213624178563719713E+01    0.516299865807615777E+00   -0.128364419891851833E+01
    0.236415663361549377E+03   -0.112515854835510254E+01    0.196592688560485840E+01    0.385711978769302355E+00   -0.128358282635900212E+01
    0.301788112802349758E+03   -0.258408328569974532E+00    0.229966971952031862E+01    0.518608390427851146E-01   -0.128098271402101416E+01
    0.152548180668111627E+03   -0.380856285797384508E+00    0.309591061139451540E+01    0.296753110713509627E+00   -0.127936821028391301E+01
    0.193749045740610256E+03   -0.630090058459244151E+00    0.203407842792092097E+01    0.468478844213923551E+00   -0.127754634975731074E+01
    0.272881942579773067E+03    0.530114487627924902E+00    0.302764463397241812E+01    0.104078471346572582E+00   -0.127611893778554819E+01
    0.187099951505661011E+03   -0.183267450332641602E+01    0.265960395336151123E+01    0.553575662112236078E+00   -0.127492792962683388E+01
    0.165851947665214539E+03   -0.103532528877258301E+01    0.324502527713775635E+01    0.440808343291282656E+00   -0.127370194531328762E+01
    0.160399150848388672E+03   -0.999983429908752441E+00    0.358663320541381836E+01    0.359955402159690852E+00   -0.127258022517039460E+01
    0.311948051071876307E+03   -0.300392208898334179E+00    0.893915289679428682E+00    0.430472548051136550E+00   -0.127253018268330287E+01
    0.309673512720036399E+03   -0.155677330151110493E+01    0.184313659560117848E+01    0.423497439010709131E+00   -0.127243997943627618E+01
    0.271781251009410084E+03   -0.393195088552467764E+00    0.287224966662772552E+01    0.179288348224262040E+00   -0.127224750507979323E+01
    0.215330468999008815E+03    0.636285819965757504E+00    0.133815317054254379E+01    0.431785894331886244E+00   -0.127193362809632382E+01
    0.318268233537673950E+03   -0.958755373954772949E+00    0.136471569538116455E+01    0.345152005648612981E+00   -0.127126627585071850E+01
    0.297398836966054319E+03   -0.638784817462105581E+00    0.174234500453059127E+01    0.448620727881837655E+00   -0.127048690713107582E+01
    0.142893224742244058E+03   -0.971536248265102653E+00    0.442822318445974261E+01    0.191203054439551490E+00   -0.126976606925127133E+01
    0.193888580296048048E+03   -0.258044683784059981E+00    0.264539442440326411E+01    0.260696347514242310E+00   -0.126896825611985320E+01
    0.300659353131667558E+03   -0.602248327701171426E-01    0.126696801351532162E+01    0.330601370229740898E+00   -0.126762126887012361E+01
    0.253980943224859828E+03   -0.473590931906255008E+00    0.349896080343949656E+01    0.506042363797707048E-01   -0.126680800838098118E+01
    0.269002208937711430E+03   -0.160997588609970110E+01    0.342028023496981426E+01    0.736015558177461060E-01   -0.126650163971298868E+01
    0.256991614002239373E+03    0.770674946192343668E+00    0.206665780596772919E+01    0.886630974238459685E-01   -0.126568907405732700E+01
    0.130672937693370812E+03   -0.122754597055967030E+01    0.389965698481310952E+01    0.414730507482866495E+00   -0.126483472681394638E+01
    0.290809400379657745E+03   -0.216480851173400879E+00    0.258577585220336914E+01    0.562863557338714581E-02   -0.126420268022535343E+01
    0.174526691989130825E+03   -0.145903431151491025E+01    0.241632934676580646E+01    0.502347345471575335E+00   -0.126331361591990521E+01
    0.271009523859282695E+03   -0.121484705719845132E+01    0.254486664419640185E+01    0.296485428321482836E+00   -0.125945582656819388E+01
    0.268780042609412817E+03   -0.377076992612868755E+00    0.131993760778727509E+01    0.428000766182223102E+00   -0.125926104957917606E+01
    0.135662779383059529E+03   -0.846867320751165220E+00    0.396258682855439304E+01    0.179873303448552235E+00   -0.125560451814325535E+01
    0.205299806218013202E+03   -0.195786751114817248E+00    0.303626727088606607E+01    0.310191369379962167E+00   -0.125004398412497864E+01
    0.271829797897619983E+03   -0.198282667566301773E+01    0.261290310269353299E+01    0.195876232539534900E+00   -0.124594220424355306E+01
    0.189516718235975020E+03   -0.175813328148874159E+01    0.318973373895955348E+01    0.366658797427017735E+00   -0.124530107877535023E+01
    0.292513843959505039E+03   -0.153992219509756101E+01    0.206211847918818592E+01    0.384897478707340257E+00   -0.124315230298308932E+01
    0.314031219849151398E+03   -0.248242015385948811E+00    0.254423102437278459E+01    0.151456977367171480E+00   -0.124196525996272933E+01
    0.340911227464675903E+03   -0.907011806964874268E+00    0.994227528572082520E+00    0.422139377403259297E+00   -0.123830561067070288E+01
    0.226163429440295147E+03   -0.158902856625974209E+01    0.217652169032098630E+01    0.431859037476142127E+00   -0.123546548565639025E+01
    0.170902982157754252E+03   -0.350520651078107370E+00    0.337529038888670740E+01    0.163557101569077157E+00   -0.123194778275808670E+01
    0.323246670157722235E+03   -0.816140372993961360E+00    0.240834011047170371E+01    0.577301182932321647E-01   -0.123135358723891164E+01
    0.280653146353609600E+03   -0.982766771943631490E+00    0.193585541417831308E+01    0.416027923062067206E+00   -0.123022074181383401E+01
    0.255503589197307491E+03   -0.451430590256595154E+00    0.135109037473539928E+01    0.482124475871339053E+00   -0.122982514366786511E+01
    0.339178362690228653E+03   -0.109482927411441633E+01    0.241890202650562181E+01    0.649557299502686175E-01   -0.121739941262122109E+01
    0.266088539308563440E+03    0.795483090292518735E+00    0.195616791223264741E+01    0.169515088259137442E+00   -0.111381782284478525E+01
    0.281800863891064864E+03    0.697533054404205100E+00    0.235739639798910883E+01    0.214262741357193975E+00   -0.116452306277664785E+01
    0.265540108084678650E+03    0.680938363075256348E+00    0.247224092483520508E+01    0.952996712207794250E-01   -0.106991794023219922E+01
    0.306419907800137935E+03    0.298174863903402532E+00    0.227542822753918728E+01    0.130124778958451204E+00   -0.111311555363380954E+01
    0.314294115547838828E+03    0.668276081777063879E-01    0.225209501652257948E+01    0.188916058469354511E-01   -0.122764818534403242E+01
    0.305379842180659352E+03    0.760892074246344752E+00    0.261870497331627039E+01    0.436247390935125962E-01   -0.111097979865732488E+01
    0.251746542238924349E+03    0.969404471667106193E+00    0.226888620936976082E+01    0.139728746103698592E+00   -0.107738487639995828E+01
    0.280086850147289397E+03    0.352708398209361285E+00    0.262515081734490074E+01    0.546177087914736098E-01   -0.110375208278555270E+01
    0.302709020674228668E+03   -0.440738737583160400E+00    0.235049664974212646E+01    0.219402049541473410E+00   -0.121644848671925865E+01
    0.316082243765047849E+03   -0.349353824814997882E+00    0.196576964789640041E+01    0.203575881790773960E+00   -0.117661462157622299E+01
    0.348986795544624329E+03    0.471366286277770996E+00    0.189461588859558105E+01    0.127483612847328204E+00   -0.108643353819392208E+01
    0.290976109458887720E+03    0.747905081660686921E+00    0.170129805295710312E+01    0.147358785330812536E+00   -0.118825594665863266E+01
    0.265066790270131378E+03    0.975809167010395662E+00    0.270525839009056046E+01    0.171627368439258854E+00   -0.122527512394237226E+01
    0.302835688895273506E+03    0.722683014310844030E+00    0.210689811854665798E+01    0.954759470864496723E-01   -0.107248337337821820E+01
    0.278808208023618192E+03    0.582492118874933240E-01    0.254742948416589421E+01    0.113192408590791105E+00   -0.113510231828901076E+01
    0.323767029086317564E+03   -0.167965280062075450E+00    0.212686169807064562E+01    0.104099664852783352E+00   -0.118980885228487843E+01
    0.335886522154763497E+03    0.704652026032796641E+00    0.213188097842139435E+01    0.180987634156735654E-01   -0.107542423256373443E+01
    0.324276238963542482E+03    0.657141827099595233E+00    0.151985259035198883E+01    0.190723452013391720E+00   -0.109784212340064413E+01
    0.271820123953835321E+03    0.207794867354831325E+00    0.200653292950817441E+01    0.218290269709331852E+00   -0.114275944016799125E+01
    0.274445527767725480E+03    0.979048317861310746E+00    0.188348080459925526E+01    0.192974184324558040E+00   -0.107232523368946975E+01
    0.320070422520668217E+03    0.260479576460448392E+00    0.262917077910253560E+01    0.648170066985500389E-02   -0.111603901410624018E+01
    0.329595108621398367E+03    0.893102636724584897E+00    0.185174896371526199E+01    0.119190413064078599E+00   -0.106259961557016513E+01
    0.274242317361315713E+03    0.325428009037826094E+00    0.237334350029756536E+01    0.216250164569880582E+00   -0.114169659292451553E+01
    0.171086995668586724E+03   -0.149282916728205262E+00    0.350311390404519152E+01    0.144022038091523058E+00   -0.118236293322793795E+01
    0.214522628486156464E+03    0.743683278560638428E+00    0.358226299285888672E+01    0.453296273946762127E-01   -0.115668671428871495E+01
    0.184732258319854736E+03    0.292967379093170166E+00    0.379017651081085205E+01    0.387783127784728995E-01   -0.111612114809505680E+01
    0.219913641589108181E+03    0.198891027038067048E+00    0.355871950076343069E+01    0.599870071887299294E-01   -0.117415272800050219E+01
    0.199032029111669431E+03    0.332081151813882869E+00    0.295000408588030805E+01    0.120639818613929362E+00   -0.117355812008009108E+01
    0.250523270719087861E+03    0.643605123719877881E+00    0.321893595662928433E+01    0.213290569629246037E-01   -0.111860405064421853E+01
    0.232922621046594031E+03   -0.332670072342261314E+00    0.300934411308741900E+01    0.141489211057339664E+00   -0.116968467422693312E+01
    0.255723743400781359E+03    0.878089545612062761E+00    0.259111957806398951E+01    0.589027802150623239E-01   -0.107006444941642775E+01
    0.263502822387471838E+03    0.438092602353355787E+00    0.278200188794960823E+01    0.120463087228716292E+00   -0.113044713834211774E+01
    0.183856257346566366E+03    0.344190832045648598E+00    0.366517617172787702E+01    0.211802032665340846E-01   -0.110677994175280414E+01
    0.229017274545920316E+03    0.368684802965691727E+00    0.289439436608351564E+01    0.920227447028845735E-02   -0.121980466741353322E+01
    0.243210347333783091E+03    0.519941803201917185E+00    0.298197167419456655E+01    0.434976411383863285E-03   -0.109260287446506710E+01
    0.280071114781442589E+03   -0.137287146856308606E-01    0.290860196649721026E+01    0.256216468654184917E-01   -0.114571314192761475E+01
    0.212264941216637851E+03    0.525560603599267484E+00    0.337610930307484303E+01    0.109908331550280583E-01   -0.107903890319455331E+01
    0.264915192184845296E+03    0.319151344445883112E+00    0.300624299635686221E+01    0.915993818368553148E-01   -0.118282372066899955E+01
    0.245721349082507203E+03    0.741238874498549194E+00    0.254088695469623360E+01    0.833884062192667419E-01   -0.109349349064411805E+01
    0.239881795633177092E+03    0.596486114665912837E+00    0.288213846301818233E+01    0.111663518068126286E+00   -0.108646142530560974E+01
    0.233565398810276349E+03   -0.419722203581882614E+00    0.353878770448079472E+01    0.617444583345263739E-01   -0.122114560360621560E+01
    0.229703248075863939E+03   -0.727185777232585373E+00    0.366173192507605449E+01    0.413541685805198095E-01   -0.121534411543200416E+01
    0.256860783350516840E+03    0.584304478859972498E+00    0.261543376104940695E+01    0.357495170619524186E-02   -0.115534898919500861E+01
    0.221406947490033559E+03    0.858893188298281540E+00    0.275976833222953033E+01    0.108135527564234252E+00   -0.107208080655165894E+01
    0.189964811630529965E+03    0.615171256830824298E-01    0.364404616823319216E+01    0.609472435404505089E-01   -0.113391716366050721E+01
    0.205620317975329954E+03   -0.996487919443937997E-01    0.391615847977609910E+01    0.209453686841500931E-01   -0.120343635378591185E+01
    0.222622379537197162E+03    0.616894205711039145E+00    0.179138818522913645E+01    0.452617761336036484E+00   -0.107360299868366660E+01
    0.206271167602077981E+03    0.785807856679812566E+00    0.210841735980076983E+01    0.327304236037138319E+00   -0.108952715850845894E+01
    0.230031084657468114E+03   -0.130405751466715625E-01    0.237708823708886907E+01    0.283325850091042108E+00   -0.114839575695758822E+01
    0.216750954984622922E+03    0.857884095666459956E+00    0.232116351837020840E+01    0.321777246201266021E+00   -0.107327046135518911E+01
    0.220739705622935105E+03    0.852583600142247100E+00    0.245292472974031739E+01    0.340743638940502858E+00   -0.114953891962356014E+01
    0.135169598392684634E+03    0.999025224538639733E+00    0.291992526538015795E+01    0.482139879262543425E+00   -0.108564574005894920E+01
    0.126990658393843901E+03    0.726551749144588754E+00    0.302532495850834771E+01    0.384164647751989441E+00   -0.110245134561740987E+01
    0.197075579921586950E+03    0.545656497622491798E+00    0.208688273846782213E+01    0.522720172409057549E+00   -0.112860562608231296E+01
    0.176073310683676596E+03    0.939915736900766241E+00    0.238067017296621142E+01    0.407889251501135752E+00   -0.106091458051562948E+01
    0.241733242838419642E+03    0.150786520395889134E+00    0.236605374796481982E+01    0.332843320339027804E+00   -0.117244901958031100E+01
    0.187400908724716601E+03    0.752106740248053018E+00    0.265670784447474961E+01    0.314139015475356442E+00   -0.107171090329861585E+01
    0.190446254311950042E+03    0.484304390897733139E+00    0.261304853072146681E+01    0.272365458849828213E+00   -0.109788184423638380E+01
    0.222055657299421597E+03    0.559727471080859740E+00    0.241486572714952885E+01    0.247670154760483291E+00   -0.107698913368584748E+01
    0.271403810418653279E+03    0.391117869125928941E+00    0.130899175825935021E+01    0.371615606311561042E+00   -0.116176247580387582E+01
    0.272518714412809231E+03    0.573912562301591045E+00    0.142386010755076509E+01    0.365706111999985151E+00   -0.108283763826547408E+01
    0.278251579675467269E+03    0.374391010157010484E+00    0.186508273605541675E+01    0.348024988263769930E+00   -0.113808988702136493E+01
    0.260867441749049533E+03    0.605309893123817666E+00    0.135816545186130000E+01    0.355300756502686554E+00   -0.114149352779145663E+01
    0.275688863868838212E+03    0.785395600374235947E+00    0.156096903927907871E+01    0.359440371204446885E+00   -0.106934339707951565E+01
    0.343731395900249481E+03    0.446379184722900391E+00    0.301253199577331543E+00    0.532640462207794263E+00   -0.110461756270660394E+01
    0.349982427981390515E+03    0.719311043349922574E+00    0.851686633275958727E+00    0.464827762169604919E+00   -0.112109433676816517E+01
    0.334318505227565765E+03    0.862719893455505371E+00    0.144457638263702393E+01    0.344713081455230719E+00   -0.116376841776784623E+01
    0.312630429004477264E+03    0.623726203424310732E+00    0.131377327458811521E+01    0.374614086696185344E+00   -0.108806625801200685E+01
    0.311454914420704199E+03    0.893833624328319143E+00    0.170576132504147893E+01    0.323948416966302832E+00   -0.117868818999745439E+01
    0.266951982676982880E+03    0.581465959548950195E-01    0.187775850296020508E+01    0.284859140324592586E+00   -0.115830240136196161E+01
    0.282283269160185796E+03    0.710937007046041014E+00    0.219377266903447854E+01    0.278029398061310218E+00   -0.119998547009383860E+01
    0.284102694377476723E+03    0.582314067470638630E+00    0.218816963780113927E+01    0.294641073134631837E+00   -0.122535279517601547E+01
    0.337309400399362744E+03    0.612236963848758364E+00    0.112227081750567770E+01    0.375287691694636272E+00   -0.108521549672986484E+01
    0.278610972749602013E+03    0.859389674370005352E+00    0.126958993036295098E+01    0.398646414680904615E+00   -0.106307893380274598E+01
    0.304563298714995312E+03    0.457481096968074930E+00    0.150831210629440360E+01    0.353708079729087799E+00   -0.110409227796010012E+01
    0.304872308913188476E+03    0.364508970901009643E+00    0.133712973346460462E+01    0.430655027167588966E+00   -0.113604153506703276E+01
    0.337405768215212902E+03    0.804730348769834514E+00    0.780758043214161646E+00    0.474656010149884899E+00   -0.109174931843881673E+01
    0.245211971139287868E+03   -0.148875589335890912E+01    0.204061173622492209E+01    0.421071577830261001E+00   -0.122312910750720460E+01
    0.258027039480803012E+03   -0.172315999644121831E+01    0.195530468768051691E+01    0.453380885298145242E+00   -0.121844597849960312E+01
    0.214944356966009479E+03   -0.132814575840130944E+01    0.215494442084257276E+01    0.533534548467999414E+00   -0.121597110000316833E+01
    0.222654313821534288E+03   -0.145399487190949395E+01    0.237244987169095900E+01    0.402081778245588606E+00   -0.121677530409601409E+01
    0.218036711992308398E+03   -0.775177838622461479E+00    0.210806863563886004E+01    0.469994492741325820E+00   -0.118971952708196360E+01
    0.236324967148652775E+03   -0.180116544501275366E+01    0.236987392135657782E+01    0.371759137328637357E+00   -0.122746371774560026E+01
    0.272435023313329907E+03   -0.732031878954109816E+00    0.144671382531573833E+01    0.505363935068319892E+00   -0.118893183158644744E+01
    0.253060985394594809E+03   -0.139454726990477673E+01    0.158259312419939846E+01    0.537734104278259739E+00   -0.121379546533067373E+01
    0.228628807027517325E+03   -0.776557927815219040E+00    0.191952127302823872E+01    0.482921463884963820E+00   -0.119060987590824285E+01
    0.268287516199235029E+03   -0.937076532481689428E+00    0.174176838709501958E+01    0.430527305509501079E+00   -0.119699468277445176E+01
    0.300021151856150254E+03   -0.155703181822847991E+01    0.172910494961626338E+01    0.407307029238919871E+00   -0.121555730779470705E+01
    0.248826640327171475E+03   -0.506030606001780070E+00    0.144677703805117375E+01    0.496935918829059409E+00   -0.120829060197391724E+01
    0.276525435884206786E+03    0.618870543196150535E-01    0.110234032183826436E+01    0.476760877524300353E+00   -0.116096753592967206E+01
    0.274137183312986110E+03   -0.584027566362304684E+00    0.221611959419947091E+01    0.249184058275393444E+00   -0.118610870673857249E+01
    0.296948589068564615E+03   -0.778895533021635611E+00    0.209218326929396792E+01    0.278489602294185845E+00   -0.119253132648996174E+01
    0.248174833529426849E+03   -0.496223800194140363E+00    0.254239004055443729E+01    0.292592905182091245E+00   -0.120228537229659582E+01
    0.274666000160847773E+03   -0.103618352312527584E+01    0.249903796371119924E+01    0.229753522230247337E+00   -0.120253318656681896E+01
    0.345434139366771319E+03   -0.136561028198580825E+01    0.165805838274130757E+01    0.323596569206250462E+00   -0.121061219599386916E+01
    0.332691620097055875E+03   -0.678008712204652086E+00    0.178810918235113103E+01    0.328921783282622116E+00   -0.122810579910765050E+01
    0.197039414343591943E+03   -0.670760233711165998E+00    0.324911809084996150E+01    0.215482312019879579E+00   -0.118586261339125998E+01
    0.150198171811869202E+03   -0.614948185679074166E+00    0.416768102857000677E+01    0.187944529579689712E+00   -0.122525000166775544E+01
    0.136603874363175635E+03   -0.305794881455849543E+00    0.360127786968956443E+01    0.295378700831564145E+00   -0.117658435543502615E+01
    0.214716994762420654E+03   -0.375367581844329834E+00    0.239548504352569580E+01    0.310476857900619518E+00   -0.121237352149737587E+01
    0.201492662092167279E+03   -0.915444416809054751E+00    0.349986714553423006E+01    0.180558018759618161E+00   -0.121254438370459638E+01
    0.194553776219955296E+03   -0.512580857828857095E-01    0.318310130136225133E+01    0.282905773968538554E+00   -0.122104196185466218E+01
    0.253041678928047759E+03   -0.122330706031876479E+01    0.271651833899186013E+01    0.200142982143648646E+00   -0.121096892342363693E+01
    0.290242421627044678E+03   -0.189096552133560181E+01    0.280527412891387939E+01    0.148499432873725884E+00   -0.122178273518376268E+01
    0.309179635345935822E+03   -0.176100963354110718E+01    0.292992413043975830E+01    0.426650351285934454E-01   -0.122080195102111744E+01
    0.243362566898388877E+03   -0.159613450244594102E+01    0.304786478305996233E+01    0.185196252587618126E+00   -0.121666153857542358E+01
    0.231077131228343603E+03   -0.137374878548805901E+01    0.300470892866092676E+01    0.197808382141335892E+00   -0.121105647149294726E+01
    0.211680422844355405E+03   -0.830931600881979149E+00    0.285105950454469070E+01    0.313637799806024298E+00   -0.119948027959195991E+01
    0.259210912167616470E+03   -0.183474947225534302E+01    0.296247106693150464E+01    0.161168713638790539E+00   -0.122133107735842961E+01
    0.184807440638542175E+03   -0.197531545162200928E+01    0.290153324604034424E+01    0.401756986570358299E+00   -0.122520998881254051E+01
    0.140152423336805526E+03   -0.854819093878087966E+00    0.318160954390697270E+01    0.451964825968763417E+00   -0.119468948008467013E+01
    0.190786915363794833E+03    0.145925345114283900E-02    0.246300280920510595E+01    0.437314877225134790E+00   -0.115121847458830118E+01
