luminosity_distance KNtimeshift supernova_mag_boost Ebv log_likelihood log_prior
183.12548808118487 -0.14982589847452177 2.060214705947433 0.2580865797173693 -10.196309895734466 -8.16568077783872
210.84305346012115 -0.11420392990112305 -1.9601154327392578 0.3392651332139969 -9.01140781317627 -8.464454306171614
248.90947341918945 0.4527331590652466 0.9704494476318359 0.19958816192150117 -8.420931417353378 -7.994997582879401
133.81624668836594 -0.9447824954986572 -0.38368403911590576 0.3025315282344818 -7.825262919991237 -8.318136720991923
309.45741832256317 0.7670024037361145 -2.0339548587799072 0.06512819616794586 -7.404353884131158 -7.687024457516516
305.30985622506864 0.2886791400804394 -2.5079229975524564 0.29569425878053723 -6.81778032855147 -8.293116784215679
217.57801324129105 -1.298613429069519 -2.0814651250839233 0.5447094616413116 -6.742502270152902 -10.594980640344604
340.2313169491862 -0.6974099138150747 0.9819718968348834 0.031172914254308973 -6.667137812194799 -7.6222324770732985
325.061397254467 -0.0228271484375 -2.318301200866699 0.2524955690145493 -6.606418815924491 -8.148049121671518
317.21098721027374 -0.9245121479034424 1.1084401607513428 0.03683544631004334 -6.410582226049346 -7.632749988626031
138.2725089788437 -1.3048656582832336 -0.011530518531799316 0.2733184534549713 -6.410404272740202 -8.215355152562886
258.9218646287918 0.8978090882301331 -0.91988205909729 0.2832079801797867 -6.387389959868839 -8.24898052376786
242.32823004904157 -0.6073488167337708 0.5608815170470649 0.35392353335981136 -6.363608148527284 -8.529393115117847
268.2478502138367 -1.6451985789612245 1.524112868430974 0.05918950045561723 -6.233863527196417 -7.675385328184978
256.34131133556366 -0.8022849559783936 0.036392807960510254 0.46734450931549076 -6.216024856291393 -9.261582726419755
247.70616739988327 0.19944143295288086 -2.5653892755508423 0.5082656182765961 -6.206829832580282 -9.755090823220678
337.0385602116585 0.8291876316070557 -2.0560717582702637 0.12713854644298553 -6.200664262766632 -7.817409773971415
339.138488471508 -1.7410382628440857 -1.6874003410339355 0.1879713243484497 -6.1266334297025145 -7.964313146906101
185.3870525956154 -0.6670177578926086 1.5508884191513062 0.2280809097290039 -6.061401708332573 -8.074502604262497
329.909785091877 0.7394947409629822 -2.402394413948059 0.23132492287158968 -6.048189499655957 -8.083968799106886
288.2969102171881 -0.08785577602586159 -0.26124656169219485 0.4122290350171935 -6.016017564536222 -8.839829643785775
313.51912314292076 -0.5489228763174325 0.7328011064058204 0.09470882296359963 -5.92462224792691 -7.747106969138425
135.18443058512818 0.8399711227499198 -0.07319047661479594 0.22015010475887592 -5.899484595156698 -8.05173056630956
342.1848878264427 -1.8254548907279968 -2.8139376640319824 0.5248345715761185 -5.796821109662026 -10.05396521594663
336.8767070985574 -0.3730816517184836 -2.618358062493872 0.39902046008009856 -5.669626940966644 -8.760588355845943
279.01745701960635 -1.2452420871027132 -1.5249585267583052 0.2764336984105544 -5.649418356706729 -8.225825817827573
303.53819945108285 -1.257801337655712 0.5003079896209428 0.20477537763843184 -5.641882089068141 -8.009009050053622
257.14260028653274 -1.795206030124553 -0.663458870403149 0.12066441737672114 -5.638845944836319 -7.802974405229005
220.0502858857562 -0.25106116399129585 -1.425501650403016 0.357184324447553 -5.560238800715653 -8.544430752267825
156.33292198181152 0.7724437117576599 0.843881368637085 0.14823931953907013 -5.559318384742662 -7.865959072894352
257.73965465109507 0.7283368590829014 -1.2780497984559331 0.14051268172572573 -5.48328655933866 -7.847906702797015
201.835909487243 -0.5297440708647516 1.248794709228891 0.21796130930059002 -5.471247507663188 -8.045536034514633
309.95656148186026 0.7592321517150111 -1.2616124745112094 0.025810917640374652 -5.448948469212836 -7.612374120123784
180.35373985767365 0.22424614429473877 1.27238929271698 0.19201915047168733 -5.420754123996155 -7.974898433270608
139.41683027128215 -1.7723261905124905 1.6454245867192396 0.41753072794788454 -5.370938662206151 -8.873490064752268
199.9566912651062 -1.3778088688850403 0.33295154571533203 0.5318500233650207 -5.3691377472989315 -10.21353621533056
235.5236142873764 -1.147285521030426 -0.5769932270050049 0.14138602917194368 -5.314272111468653 -7.8499309151964045
248.8670568393044 -1.8720534200164796 -0.3128304308185461 0.07376237495987555 -5.305099768111464 -7.704191790074602
332.21418019004716 -1.4931499044594871 -1.2479404265205685 0.12082173138134952 -5.304709677536051 -7.803322709433579
133.4611490368843 -0.9530803561210632 -0.3034687042236328 0.4406270077228546 -5.29807993266277 -9.03499073305595
139.33964284373704 0.7403625517435777 -0.609985920781777 0.4009743866412023 -5.285028507989989 -8.771921988524195
256.6151657509105 -1.1683676003483834 -0.878186345187582 0.17679441346589958 -5.258302490193011 -7.9356536983665755
184.21792427777996 -0.7397691445345063 -0.7925536921017216 0.34323623510704054 -5.2342803458398 -8.481634541181903
244.8556560952245 -1.5772097327859633 -1.1364593967234304 0.310949978011744 -5.210770879882135 -8.349828274953758
301.93529654467847 -1.346286988875521 0.5852509802359984 0.15698929335615708 -5.208724342567013 -7.886803734280131
198.12473712776074 -1.8091419480658226 -0.7799780671580585 0.371616370436505 -5.1809644630891 -8.613843561273153
143.90470534563065 -0.8618455529212952 2.1008294820785522 0.19376700017452242 -5.165967116869485 -7.97950402194032
275.35506188869476 -0.8521561622619629 1.059356927871704 0.05123813045024872 -5.148839115276931 -7.660010736075211
210.65795421600342 -0.4907150864601135 1.0883718729019165 0.20491192173957826 -5.1306594424053 -8.009380541670081
317.7436873316765 -0.16920316219329834 -1.7766350507736206 0.2311019978284836 -5.109698703492347 -8.08331541737833
304.1104519550196 -1.2270599808555878 0.29407781893104445 0.21772872429885437 -5.100146317727328 -8.044880043142077
173.43085987916788 0.7627949521716806 0.6117341055137606 0.04716896600708843 -5.084866563720765 -7.652233189149151
252.9301564216642 -0.8124150811044166 1.2898327494107553 0.03492828535820728 -5.042657487690528 -7.6291952849942
216.65256366840654 -1.822751671213772 -0.3876954183838608 0.21296129128316443 -5.011217646761357 -8.031527747419624
254.50755208730698 -1.544489562511444 -0.5696260929107666 0.14008590602874757 -4.985803571331264 -7.846919026253968
274.651151222927 -1.4632937132280515 -0.07960519450999737 0.39364561945724613 -4.961184816885252 -8.730058731882359
283.9812758749323 0.7394279306390201 -1.9400149444124182 0.4382832788482086 -4.950790268611433 -9.017360945513428
127.66550539915382 -1.7906385797083337 0.5477000545465485 0.3035144328868249 -4.948838136509924 -8.321785531662211
275.62765566451264 0.4537472522394159 -0.3289542725293053 0.2713473854225953 -4.93996173947189 -8.20878637095534
278.10045033693314 -0.37075865268707275 -2.2740715742111206 0.4958645853996277 -4.883684789444429 -9.578317850025805
260.0753796350324 -0.8201219746592812 1.050591670747946 0.06660464643352308 -4.858895895346384 -7.689939271801312
162.5854328274727 0.6980361938476562 0.6848734617233276 0.11764236266613007 -4.8257166568126 -7.796306807854926
147.24755386358933 -1.7987490264982038 0.003586838730742059 0.3791479710756216 -4.7946535727660144 -8.652076233314812
147.24755386358933 -1.7987490264982038 0.003586838730742059 0.3791479710756216 -4.7946535727660144 -8.652076233314812
162.40749539791412 -0.9503575475655652 0.7314533463613166 0.4818536821543753 -4.790695004539099 -9.41020990050868
300.73622822929167 0.2847333671432426 -0.37355497950456673 0.2546486380704605 -4.751815307364681 -8.154802223461784
204.22110306977288 -0.922635158042397 0.5886509130767266 0.360951876427337 -4.733428437152467 -8.562091729904722
196.17639929056168 -0.5702393651008606 0.8103787899017334 0.30253234705924986 -4.732369240989173 -8.318139755158919
169.22999637448584 -0.9425860234603944 0.35547033036864306 0.5576567933279744 -4.724520682951672 -11.225289007604141
231.1106580030903 -1.4781422836494271 0.19278685979529975 0.008162964400627413 -4.708200519939506 -7.580596980596786
197.06169324014053 -1.2188996564764887 1.0314084447226861 0.271308443069009 -4.696141777880275 -8.208657025341836
237.55521327257156 -1.259373426437378 0.015355348587036133 0.02912320876121521 -4.6872627860374845 -7.618452485176236
158.34129311260722 -0.7252986555190324 0.13980502544015305 0.23547018286519392 -4.666068947004767 -8.096196768785601
158.34129311260722 -0.7252986555190324 0.13980502544015305 0.23547018286519392 -4.666068947004767 -8.096196768785601
221.969852579555 -1.086610890704867 1.545916891139953 0.02835865487277915 -4.631842183684177 -7.617046173649056
142.6980729308209 0.3844271240162258 -0.8585695122657331 0.5075797838670076 -4.626432774638255 -9.74445388762468
285.2693244814873 0.5835822224617004 -0.2888476848602295 0.1140479948759079 -4.619122359444285 -7.788433960633746
345.9556445479393 -0.14530879259109497 -0.9429627656936646 0.3730089701414108 -4.6091330426151265 -8.620803548837278
219.2821279168129 0.47140079736709595 -1.6173750162124634 0.43436862766742707 -4.5568533622894725 -8.988590424625452
219.2821279168129 0.47140079736709595 -1.6173750162124634 0.43436862766742707 -4.5568533622894725 -8.988590424625452
207.74825810254555 0.4250052709798955 -1.826036362497629 0.5377559133925366 -4.530930442768456 -10.37094436929663
207.74825810254555 0.4250052709798955 -1.826036362497629 0.5377559133925366 -4.530930442768456 -10.37094436929663
293.53490291040293 0.47935901460523844 -1.5765238791727514 0.5233318043602567 -4.519189154253304 -10.022860341411844
293.53490291040293 0.47935901460523844 -1.5765238791727514 0.5233318043602567 -4.519189154253304 -10.022860341411844
195.82494354447283 0.3224270020475468 -0.3022212791211141 0.4974756493023812 -4.479567791084009 -9.599592472555022
181.69117823909127 -1.180722150067277 0.2361378414584543 0.5162842001280694 -4.465914268151817 -9.88865400916705
212.43387655757272 -0.26019267687200287 0.9194159998851115 0.16675681870204023 -4.465194393431256 -7.910597510312696
212.43387655757272 -0.26019267687200287 0.9194159998851115 0.16675681870204023 -4.465194393431256 -7.910597510312696
156.31623411536455 0.6169765205380959 0.09943430590273827 0.24486794786472488 -4.415752315517548 -8.124485500287303
280.7629648222178 0.33200766095399015 -1.448920496963079 0.5592967409370764 -4.405172386034034 -11.343210436994159
193.44425095536366 -0.4600704647185958 -0.009342746972009763 0.5036200882213325 -4.399325452864172 -9.685159697345462
193.44425095536366 -0.4600704647185958 -0.009342746972009763 0.5036200882213325 -4.399325452864172 -9.685159697345462
146.47364587514136 -1.1865275350220932 0.7726312518207372 0.16508941594102822 -4.3992201018350405 -7.906495419467676
183.84962519656062 -0.032573770190485796 0.13124743662155502 0.44899131472804293 -4.380609073160038 -9.100569927615501
183.84962519656062 -0.032573770190485796 0.13124743662155502 0.44899131472804293 -4.380609073160038 -9.100569927615501
301.2180073206837 -0.8912872412155479 -1.539827741033207 0.32353701925029327 -4.356250579369444 -8.399168952796572
301.2180073206837 -0.8912872412155479 -1.539827741033207 0.32353701925029327 -4.356250579369444 -8.399168952796572
132.72127593371383 -1.1833168632531756 0.31879894464084213 0.3717522875375523 -4.3502770741185355 -8.614520723676842
132.72127593371383 -1.1833168632531756 0.31879894464084213 0.3717522875375523 -4.3502770741185355 -8.614520723676842
335.81148982048035 -0.1925358772277832 -1.622794270515442 0.23043724858760833 -4.32710427574551 -8.081369602556894
274.2778867483139 -1.5001991391181946 -1.0927414894104004 0.30110513548851014 -4.324218148573763 -8.31286512939064
274.2778867483139 -1.5001991391181946 -1.0927414894104004 0.30110513548851014 -4.324218148573763 -8.31286512939064
200.99507516123884 -0.984949550798476 -0.7242910365512323 0.3840225656891788 -4.323092692675694 -8.67762384014074
134.32034148525807 0.4873683989199198 0.5684337911064805 0.1687892120843301 -4.315155359180716 -7.915620402340711
220.51734598580998 -1.2656642295813176 0.34890885411892203 0.34720990839220367 -4.296026859126702 -8.49912652258068
220.51734598580998 -1.2656642295813176 0.34890885411892203 0.34720990839220367 -4.296026859126702 -8.49912652258068
170.19325768517288 -0.9461729161152301 0.9427176453381394 0.3332791210337339 -4.293498047380007 -8.439102225882644
170.19325768517288 -0.9461729161152301 0.9427176453381394 0.3332791210337339 -4.293498047380007 -8.439102225882644
270.91086107930334 -1.4227715895292914 0.868374040138109 0.060804400767020365 -4.292329852564534 -7.678536951989768
243.84644440767778 -0.7794252377064312 -0.07090200901499344 0.055287872443181646 -4.2763041539659845 -7.667811687541585
156.03438810466182 0.4999180091225841 -0.3037565504972184 0.3301430772971501 -4.274987942156774 -8.426072592637764
126.03192486940131 -1.283727299653697 2.1759940280687413 0.19391998079569953 -4.269696692768442 -7.979908137625598
347.01725490956426 -0.3699786958767417 -1.4635418820266093 0.190962326034476 -4.266043061499616 -7.972123953305762
186.25437063284335 0.511948858989884 -1.0520194101051858 0.4252157279735264 -4.264060675965105 -8.924386066749165
296.2988933299019 -0.8308425338407734 0.6296071010668189 0.03623412665746215 -4.259913299105877 -7.631627841301456
310.45742658063506 0.4790605712785725 -0.5381033124074506 0.14257331931971062 -4.2474623500433815 -7.852689360440666
296.98155904612986 -1.0315753378816814 0.6018203957978363 0.05153543653336069 -4.24341219694564 -7.66058136668833
248.66032379303311 -0.09201067783099637 -0.7267338945991888 0.18694415215523758 -4.240107373876876 -7.961644765424616
335.0023463865937 -0.5656882848689917 -0.9437361480067965 0.37348503767836394 -4.239399859970173 -8.62319401131085
335.0023463865937 -0.5656882848689917 -0.9437361480067965 0.37348503767836394 -4.239399859970173 -8.62319401131085
204.72098453740432 -1.208706227855708 -1.1342338835020294 0.514979870462156 -4.237635933414737 -9.8656764890279
204.72098453740432 -1.208706227855708 -1.1342338835020294 0.514979870462156 -4.237635933414737 -9.8656764890279
212.9140698094178 -1.4586025361055577 -0.13258772607451608 0.5110964073978749 -4.230037288262698 -9.800232971578017
212.9140698094178 -1.4586025361055577 -0.13258772607451608 0.5110964073978749 -4.230037288262698 -9.800232971578017
226.55600276863365 -1.199353997264969 0.8707037160261146 0.16384454869332585 -4.223308061837259 -7.9034437708885825
226.55600276863365 -1.199353997264969 0.8707037160261146 0.16384454869332585 -4.223308061837259 -7.9034437708885825
197.4173092926777 -0.7388153320178339 -0.9864614916623413 0.4711557046863333 -4.2101771751073445 -9.298535057870808
191.70574827613012 -1.0626411004116616 0.02620415624410022 0.21763644984011643 -4.205144163265377 -8.044619908015086
274.516512433487 -1.7989922875478408 0.8970813582750541 0.050569588596911276 -4.204998565088127 -7.658728766961717
274.516512433487 -1.7989922875478408 0.8970813582750541 0.050569588596911276 -4.204998565088127 -7.658728766961717
149.00763082403438 -1.5051294264425683 1.290373788067896 0.3380243776991517 -4.192128862893135 -8.459146367817649
149.00763082403438 -1.5051294264425683 1.290373788067896 0.3380243776991517 -4.192128862893135 -8.459146367817649
245.11408073952322 -1.556692600070901 -1.33087759406666 0.47505298118296796 -4.170117709999124 -9.337789311688192
304.5368804592099 -0.14007884487002253 -1.402898249166229 0.25020983994425383 -4.168545644658402 -8.140929489276788
311.00748032331467 -0.6973308324813843 -0.520704984664917 0.29955028960704805 -4.156648192953957 -8.307150287472279
269.0155155149097 -0.9960444790014602 -0.18463057970705066 0.04925433939741264 -4.1564183319638195 -7.656211484644423
164.18221783278784 -0.9389418557348486 1.427831971954168 0.19512769836062277 -4.150660427217495 -7.983104207448131
175.33619850873947 -0.2882426381111145 0.5560290813446045 0.3561530187606812 -4.149428819771257 -8.539650233561497
175.33619850873947 -0.2882426381111145 0.5560290813446045 0.3561530187606812 -4.149428819771257 -8.539650233561497
204.16615881609317 -1.3554380327138769 0.026238687415014894 0.47708810819869907 -4.149336607915625 -9.358916834008818
219.11258879381225 0.3590597267352771 -0.4264853695396269 0.40138064660115935 -4.146769726553382 -8.774294691819547
219.11258879381225 0.3590597267352771 -0.4264853695396269 0.40138064660115935 -4.146769726553382 -8.774294691819547
154.65296751452374 -0.49391683454840796 -0.3592809726804136 0.4456071467036005 -4.146290880914459 -9.073516741290135
154.65296751452374 -0.49391683454840796 -0.3592809726804136 0.4456071467036005 -4.146290880914459 -9.073516741290135
241.40048176050186 0.3378884792327881 -0.48974812030792236 0.11039433052539825 -4.142801807119493 -7.7804942570925935
210.96731987882094 -1.3219143209987672 -0.23498157900536665 0.2566325895563891 -4.138892490471983 -8.161065520014706
210.96731987882094 -1.3219143209987672 -0.23498157900536665 0.2566325895563891 -4.138892490471983 -8.161065520014706
213.33798322659226 0.49671976323285616 -0.9010425744712931 0.33008402950341237 -4.122044772007179 -8.425828881960346
252.82831839879526 0.11319024904402664 -0.535793215827578 0.11722576534831691 -4.10750849517549 -7.795391140737976
147.126297610577 -1.2628557170828323 0.9334669029979894 0.16158933562880387 -4.101466449227794 -7.897938981963856
133.28152296863635 0.5281738847366695 0.6017449344726948 0.25393324556004576 -4.1008958430345315 -8.152553331789205
133.28152296863635 0.5281738847366695 0.6017449344726948 0.25393324556004576 -4.1008958430345315 -8.152553331789205
156.35442136574784 0.515827520798616 -0.6783829777041595 0.5008550532313111 -4.0923813971294685 -9.645745541356256
185.57392209768295 -0.7888887524604797 1.377142071723938 0.09785648567676544 -4.080658434238085 -7.753718100210014
179.08165863283034 -0.0928645910142274 0.8850951069772126 0.21429909369829014 -4.072396924765508 -8.035256611825822
192.44535023919116 0.5180969263765882 0.08326158429411379 0.18498082540194677 -4.070886401635267 -7.956564174334311
133.5056871175766 -1.1750487089157104 1.5407347679138184 0.3016243727445603 -4.059894406350109 -8.31478088545094
214.62665498155144 0.12119106166115756 0.6284061952661304 0.14076834966602508 -4.049977637819173 -7.848498856431306
327.44629193464664 0.20941042969914303 -0.5816870331827584 0.17925018684440028 -4.045384661404283 -7.941880676501324
327.44629193464664 0.20941042969914303 -0.5816870331827584 0.17925018684440028 -4.045384661404283 -7.941880676501324
241.6255759053244 -1.0486096062954124 -0.3701396842020026 0.19927280455739996 -4.039150203767458 -7.994152051626262
322.21417419051403 -0.7469114782062913 -1.1379040685300272 0.43673239885071075 -4.034835059771705 -9.005863634860022
242.9905891418457 -1.180917739868164 -1.2479442358016968 0.45637556684017183 -4.03118540704399 -9.162270620074075
241.68653708966704 -0.6359405631131523 -1.1758780003523812 0.40453129034875157 -4.025506312980334 -8.792889235979596
288.27455413621624 -0.35232216024649254 -1.8181667435776303 0.4487694829333731 -4.02441948227202 -9.098774003307184
262.98983693122864 0.2543349862098694 -1.4744287729263306 0.5674286077737808 -4.021253305523826 -12.312371492808662
258.4259043535451 -1.333952820771449 0.07670076210160737 0.04894319072994159 -4.011155728579078 -7.655616896564241
295.24924157080204 -1.496941030448291 -0.8785365509821457 0.4609003801501087 -4.003129756458869 -9.202050238212738
295.24924157080204 -1.496941030448291 -0.8785365509821457 0.4609003801501087 -4.003129756458869 -9.202050238212738
172.7363869547844 -0.41875678300857544 -0.4162430763244629 0.4052392436027527 -4.001525648090846 -8.797115457130094
275.997058761944 -0.9961908647934936 0.1631007537232776 0.18080631224535323 -3.997618584447774 -7.945846628277438
263.21738564439914 -1.461120018820833 -0.8980699194357218 0.5400741882362482 -3.9976140291038638 -10.44020538277875
263.21738564439914 -1.461120018820833 -0.8980699194357218 0.5400741882362482 -3.9976140291038638 -10.44020538277875
179.40448864448518 0.45161056995563253 -1.1049247835691633 0.5178232429076649 -3.994082433033311 -9.916463321851333
144.639990253686 -1.253712859017861 0.4071106399176898 0.3458430533088146 -3.993867104520523 -8.493075086096642
162.34143295705633 -0.19893037583666984 0.3635259468590579 0.43662316767956094 -3.992956528347621 -9.005058820588095
266.47814363241196 -1.0938925743103027 0.21717727184295654 0.19279788694381714 -3.9848157924815086 -7.97694778643513
330.59885087086195 0.16922105105206997 -1.7838346898655488 0.30253933756545953 -3.9843980943021537 -8.31816565895537
159.16051248719685 0.15658689341870557 1.4598151074839834 0.07863485480439718 -3.9839555767567227 -7.714011430130306
159.16051248719685 0.15658689341870557 1.4598151074839834 0.07863485480439718 -3.9839555767567227 -7.714011430130306
325.95380858370356 0.07746591643095124 -1.6930610323701343 0.29691940629620045 -3.9798740685833627 -8.297554233853738
325.95380858370356 0.07746591643095124 -1.6930610323701343 0.29691940629620045 -3.9798740685833627 -8.297554233853738
163.92114568277796 -1.2450514166989812 -0.41724467381129404 0.5035298796908346 -3.977974172958901 -9.683849003231646
221.7602476477623 -1.3540414571762085 0.9332382678985596 0.12985318937301638 -3.9763915708968907 -7.823525174108475
221.7602476477623 -1.3540414571762085 0.9332382678985596 0.12985318937301638 -3.9763915708968907 -7.823525174108475
229.14929526681567 0.33271543403472004 -0.6897957845892764 0.41454912967493424 -3.9740859514926905 -8.85442069107934
250.39029914341512 -1.8386685797785394 -0.08638912842970647 0.1553715877326942 -3.9737420423180057 -7.882917065277775
304.175665974617 -1.979503095149994 -1.8214619159698486 0.5172827213287353 -3.9710383119687056 -9.906608165188233
319.1439035935042 -0.04529594540623272 -0.621113974643742 0.23578960814774594 -3.9707326796560216 -8.09714526540759
319.1439035935042 -0.04529594540623272 -0.621113974643742 0.23578960814774594 -3.9707326796560216 -8.09714526540759
221.46446704864502 -1.7333991527557373 0.5705875158309937 0.04685949912071228 -3.968013094877106 -7.651644161211006
269.17718780378425 0.2418262123022492 -2.0033258269703196 0.5038711863536728 -3.963548889147477 -9.68881712569126
234.35437381096358 -1.1457464657416179 -1.3513266055927353 0.5200678900285751 -3.960723863021093 -9.958461279624316
234.35437381096358 -1.1457464657416179 -1.3513266055927353 0.5200678900285751 -3.960723863021093 -9.958461279624316
229.26265657233495 -1.5003583212306477 0.2189210522042595 0.10976118883181639 -3.9570902264895325 -7.779124775511748
238.31710251249496 -0.5853198728222502 -0.616318008467152 0.26245375928004 -3.9559168668495373 -8.179672554280751
238.31710251249496 -0.5853198728222502 -0.616318008467152 0.26245375928004 -3.9559168668495373 -8.179672554280751
191.1910117257002 -1.1728180577650775 1.1621383499706859 0.14679040389812853 -3.953358944327735 -7.862548934683994
175.23834447956602 0.45704669363845785 -0.15478073722099328 0.2858554689788448 -3.9498371767735545 -8.258177464474045
175.23834447956602 0.45704669363845785 -0.15478073722099328 0.2858554689788448 -3.9498371767735545 -8.258177464474045
136.7129819248196 0.30496226747939303 0.4249391906616351 0.2747987723171108 -3.93866416539246 -8.22031699146013
308.78874361515045 -1.2849515080451965 -1.1830919981002808 0.4859567715883255 -3.938478390867431 -9.45658354016299
332.80791400238616 -0.15761932282005997 -2.1393011017804 0.4380939441737186 -3.9328832461320715 -9.015950225394803
130.63210025340203 -1.341678489130203 0.3740238320237754 0.4443771686417731 -3.93113682532041 -9.063862801689355
253.99095784684746 0.2837185895342693 -1.5713114392366325 0.43101646869191057 -3.9283589889521737 -8.964595141835025
180.65138442290086 -0.42509402771784854 -0.19809672522613297 0.519174993894138 -3.9283521791743023 -9.941543094191616
180.65138442290086 -0.42509402771784854 -0.19809672522613297 0.519174993894138 -3.9283521791743023 -9.941543094191616
257.385605952755 -1.4206233082668898 -0.2842786098023886 0.17719694878706782 -3.923687008506196 -7.93667173316468
329.0567134598649 -0.09175869577626328 -0.3448102117711036 0.13525102454435167 -3.9221991524325057 -7.8357973777555445
175.97621654529485 -0.10593171206813512 -0.1533563961605786 0.5043686579610702 -3.917018453535093 -9.696102908363239
248.68606608180136 -1.5340423665083098 0.801080307215237 0.08537208388569614 -3.9156886004518263 -7.727749975632733
219.27608745393474 -1.9670264829365616 -0.07085226375868015 0.2628866821548615 -3.9155253844392046 -8.181070298295896
158.766769095821 -1.6943423735102834 1.157679503871667 0.10612580300912773 -3.9143623944279273 -7.771297553046302
322.43437552242926 -0.25680464516494417 -1.664256661456323 0.5289160390444141 -3.909137585046461 -10.143679263250736
257.03548043966293 0.16741067171096802 -0.7614725828170776 0.20261607356071473 -3.9089823057263047 -8.003152567231593
313.40692939528697 -0.9960096581839422 -1.9923154806346925 0.49837952128507734 -3.906823616660061 -9.61172962537935
313.2605449726616 -1.5793367621576224 -0.4110101282971579 0.26733570468070716 -3.9064688314951717 -8.195548860972233
149.484821937207 -1.653288964091555 0.4667206337571521 0.34950548963801725 -3.9044709864667304 -8.509372807855442
215.7217502593994 -1.336940050125122 -0.26898205280303955 0.47757343890666965 -3.9002413063300665 -9.364021869361888
229.43979745038132 0.3736195690293109 -1.0988279070182787 0.49895888906364383 -3.8946216688238837 -9.61958754636223
231.8237746564335 0.2222345305562552 -1.4690972834825478 0.47478480651908794 -3.894604946493636 -9.335038267474513
180.66009646931093 -1.1647075360244017 0.12097464762797117 0.2824870629948263 -3.8916638305547604 -8.246490759006315
214.31565582752228 -1.422808289527893 0.017859935760498047 0.40176865482330326 -3.891181588432926 -8.776566066592538
224.37817752361298 0.4030638337135315 -0.42320072650909424 0.2010888288974762 -3.8871621616011156 -7.999030972498838
267.0717769733395 -0.7629248345182982 0.5165979419083913 0.06667681107383516 -3.884172401962208 -7.690081957550317
268.7288732326375 -0.4905215508028262 -0.330947723057621 0.28592189584745825 -3.8839114940311954 -8.258409311751391
229.01820788910334 0.08680800825492385 -0.5630024862073828 0.407122367411543 -3.8814020032108756 -8.808444738062299
313.4096587081632 0.36397533308080154 -0.9497020637617615 0.12422189411761625 -3.868895241506694 -7.810880708506074
204.7851492028439 -0.9893575552149718 -0.5265713533398753 0.3908333377527532 -3.8684354318781664 -8.714448548308045
204.7851492028439 -0.9893575552149718 -0.5265713533398753 0.3908333377527532 -3.8684354318781664 -8.714448548308045
199.95343613123407 -0.4743701830711018 -0.5174003316355327 0.36982498072433545 -3.8662110261874534 -8.604961136189075
175.37800213897108 -1.7826728397121347 0.46068161471927027 0.25607650542717286 -3.8641858201853068 -8.159306012740462
286.363135285659 0.32992906850368975 -1.8305074358161741 0.443763825524622 -3.8567873295304342 -9.059083352920627
220.21864654318603 -1.189329113048824 0.19588074504593322 0.31169343080839107 -3.856676078423911 -8.35267590078705
225.20123289420985 -1.118074350508773 0.17294700180456246 0.2979505736529052 -3.8562885167805634 -8.301304414886317
134.69818932504728 -1.3784851502378876 0.02218199658547526 0.5465151037431331 -3.855796718191635 -10.662411777190771
307.0660814642906 -1.2703665494918823 -0.4338878393173218 0.25945731954574586 -3.8537974900917873 -8.170051375458318
213.0327122530043 -0.40645550916772777 -0.3481187906461347 0.44365763485892973 -3.8537440479442453 -9.058258181778728
156.11525875822795 0.3344892275358218 1.1123233279486522 0.11670519682767694 -3.847943782191056 -7.794248125538865
194.2522696647377 -0.9678415545555608 1.001793578495482 0.1477862543426044 -3.84073507371252 -7.864891497751759
143.26855778981633 0.24661397084180692 -0.25684670401468956 0.4738006792761877 -3.837746479991913 -9.325007047315054
135.07984446484 -1.2361673601073426 0.15225573765580425 0.5024763206161349 -3.8360762461488704 -9.668667066959383
194.8471983272866 -0.9990730639432441 0.7977289459676387 0.2053461429620359 -3.8354939594019184 -8.010562832978913
240.91958757250273 -1.3212999662891878 0.9889996282084335 0.02075419735880192 -3.834315427694774 -7.603165241246968
209.6833609695056 -1.6371689996371348 -0.6530452934954587 0.4627594200818224 -3.832092613621553 -9.21886385897464
300.87352288906555 0.37856378961515924 -1.5412032122153274 0.33893565087736904 -3.8302083521703105 -8.463042034653972
181.38145324942528 -0.844260414260718 0.23932936183328568 0.39238854159782166 -3.8293636411194107 -8.723050913035065
274.6804804275339 -0.1371042498667383 -1.3572125617261896 0.523116226785496 -3.825707491667506 -10.018476536542153
211.10198514312697 -0.720545127902537 0.06657898704020937 0.19211216944786963 -3.8253975058121146 -7.975143004866841
189.56870261623817 -1.6665838051117063 -0.07866906665380569 0.36477382849313467 -3.8250370632449577 -8.580332209354372
349.6582195162773 0.05618000030517578 -1.0434263944625854 0.25016198666095735 -3.824730532925802 -8.140780975337268
205.36208060979538 0.3506358069353466 -0.6021639480572096 0.41364673114458916 -3.822509551402076 -8.848720190913093
304.2864915091495 -0.8727448590849964 -0.7053233230244027 0.16939525493052682 -3.822506722694079 -7.91712308344578
198.81240926506243 0.3911886710983734 0.7089649122657509 0.03877691538221133 -3.820027992030061 -7.636381663996105
251.47711116144268 -0.5610217532987667 0.48055567749286876 0.09263947879154556 -3.8191988005236004 -7.742784354435276
177.99031138420105 -0.5380539298057556 -0.6300419569015503 0.49028784284591675 -3.8126328259588753 -9.50798533679864
250.07074530529476 -1.6653141569176417 0.46580624921607594 0.1561944941916798 -3.8120277732078933 -7.8848922770608745
241.80178735395464 -1.2257449355752983 0.587647542584544 0.1220894988669285 -3.8118111404117183 -7.806134072349073
221.387227268265 -0.5444431119475888 -0.08220763221360983 0.2874921080035354 -3.695903624486409 -8.263905477633594
200.33872068090085 -0.9666338116146935 -0.2017021800751042 0.33398300120658536 -3.7866574678832086 -8.442050183376223
226.57814933541187 -1.806721592579587 -0.20977903513532503 0.38931223976128215 -3.7365968297016785 -8.7061058176558
218.5597123717207 -1.4044308870739322 -0.19630520599656798 0.4158868189334203 -3.7771327592466477 -8.862931189187922
188.9756605029106 -1.3773396611213684 0.07826805114746094 0.37017723526954655 -3.703447336255213 -8.60670153422505
162.59779709703534 -1.733896602236817 0.47388548805307806 0.32770636719117757 -3.791222620441376 -8.416064469976124
207.6262576592789 -0.9025837974467805 0.14353249902424636 0.2819571073292719 -3.6958852811403173 -8.244664445611127
207.27807758064804 -1.1112102289367494 0.5194973440040282 0.1769519812896463 -3.6968343980514518 -7.936052072951524
160.54714729107005 -1.292570760341846 0.8787420894554305 0.19094288174844354 -3.783610571039084 -7.972072978292601
180.19768290671942 -1.4513621177275078 0.5285126586590794 0.29914397289722927 -3.721122977343007 -8.305662235774975
240.84892747003173 -1.5682472535719092 -0.48086364215707444 0.43952717564449884 -3.7923529402066305 -9.026678956779074
196.33812014380152 -0.8230405502704359 -0.38528323623666694 0.4076024040679236 -3.741608045010267 -8.811353390110915
185.06173651249446 -0.19703188587436093 -0.4682263826108759 0.4462567679379324 -3.6916596256950163 -9.078653395965384
216.77000192020827 -0.23466855305973544 -0.3599591115346481 0.3687556947734669 -3.704612617173085 -8.599696549518509
208.69973956148775 -0.020678367398180963 -0.5038403713262518 0.4346265955112838 -3.7467085507608786 -8.990461080544154
218.7758509031641 -0.05232248616661739 -0.6888843954641786 0.4297528386970373 -3.6953129884598783 -8.955697241961452
220.05251357362184 0.027145381039650918 -0.16973987351182718 0.30727143278580343 -3.782104724293164 -8.335856552055729
230.69763954967357 0.34047011009248696 -0.49301938819683944 0.26283118851763515 -3.7847275211432665 -8.180891021153993
209.9583528932286 0.02876572871941585 -0.596854317246339 0.4428988472320178 -3.736277014915726 -9.052381636905851
204.8068737517748 -0.9401255056082103 -0.4310001047912406 0.4038585219523699 -3.7338981734824572 -8.788889539669137
239.21839743852615 0.22100389003753662 -1.0021501779556274 0.39733471870422366 -3.7410472606983385 -8.750912479350326
239.23507648665694 -0.7007443399182538 -0.5968342780718503 0.4034593488791676 -3.719781560020924 -8.786523943242832
223.50780521547432 -0.8158296889554704 0.10106243415150207 0.2945630807334021 -3.808801522104055 -8.28903709947124
175.13007261225076 -0.8614937449497051 -0.319882427646057 0.48073979396598304 -3.710678243833154 -9.397983092803335
166.415877368577 -0.5435554504061266 0.3674304421509582 0.38566558975908427 -3.757476992597869 -8.686384078459728
170.06906626723992 -0.6335918527513202 0.40175505335454886 0.31017333996067 -3.6863831771869986 -8.346862175270054
144.78940460284392 -0.7401883612727373 0.2943680545226073 0.4594092690510369 -3.687874980242581 -9.188765631341468
184.35322803444333 -1.4960627027493942 -0.4154468441224317 0.49574728582479033 -3.7419738414846937 -9.576786405015014
146.41494282720507 -1.3635741890723896 0.2329585542848589 0.513327978395655 -3.703420533837547 -9.83731401507974
151.91547125577927 -1.1965718269348145 0.727231502532959 0.36370166194438935 -3.729987755261744 -8.575181568955266
125.8494444012604 0.17499086946810793 0.5210487490968152 0.4422097967300272 -3.754533925912792 -9.047074936447771
141.957088118898 0.02492481013845893 0.23937385973682002 0.4059870499445042 -3.7060384429090374 -8.801599069477433
134.0258523751616 -0.3725701021153598 0.09312086454661106 0.5260157060203413 -3.6924010641454115 -10.079110509575862
147.15386504323186 -0.0037277451940718187 -0.3384985274118879 0.5514752329904068 -3.7045461623153866 -10.87513793792305
188.54262244572726 -0.825589600436508 -0.4873581845294783 0.5521955535731179 -3.742900344184895 -10.910168719362131
137.28950269385095 0.02475138309549596 -0.10256588345678974 0.5491246402868587 -3.696348174852992 -10.768676141730609
169.01068673138514 -0.7243763070250233 -0.2614088807268473 0.5691660748321641 -3.75734060212187 -12.742374797999187
193.28211722614526 -1.182021948733936 0.002550732035837555 0.37979801718310285 -3.6990537625817046 -8.655445625378587
147.23692140853223 -0.12729416230888524 0.8242245407276991 0.2474065097509893 -3.684315306806524 -8.132266267562994
140.57184958354193 0.2830412603372494 0.779699766852815 0.22168688603617726 -3.769560964594138 -8.056102869561375
148.75424352223422 0.24498936604395638 0.8718285223398583 0.16663578182776184 -3.752279762212277 -7.91029917220226
166.0460369735518 0.2603909266807225 0.7545667848658351 0.12627393431645517 -3.757453203835593 -7.815469849126119
180.13273166412193 0.2921769527221558 0.3673692245381268 0.19898066930128822 -3.773597829425088 -7.993369420508726
146.98173208443475 -0.8684959179770502 0.9665015162846249 0.23323808646593303 -3.7065227054353 -8.089593805288814
190.94138422130078 -0.6521027801863855 0.17459714202612364 0.25050663964751074 -3.7380846993692782 -8.1418511080261
161.0506880299223 -1.034280096244569 1.1229499123478686 0.1257480097728492 -3.7249334707268633 -7.8142916736524715
149.8551102260177 -0.8050368192305775 0.775576793927427 0.27743371366014474 -3.6987632118216482 -8.229210353473842
225.0657960029545 -1.1031374926975226 0.01730657571477323 0.24161132237852356 -3.7057299435757636 -8.114591684388081
228.0196886400792 -1.4620296521690594 0.5317787052218019 0.07706928714951496 -3.7586625321378238 -7.710845773435707
216.59891871333963 -1.8701209197330106 0.5921660969134868 0.11195048688015102 -3.787030183813285 -7.783868204922965
213.23690779389756 -1.3462005537232553 0.9105796192999227 0.08254172870651293 -3.719438874091551 -7.721955312681212
222.16765120909366 -0.6996688075282513 0.6391336541514461 0.09725111609720649 -3.709490026225099 -7.7524432249710795
236.87849130875094 -0.9556003704495208 0.7420807552886117 0.057280255881749675 -3.756058012543535 -7.6716720332013
224.67502151541987 -1.1822981071410967 0.6221573697957004 0.146811866436508 -3.767354492934599 -7.862599363715078
217.71948457347492 -1.246004697044371 0.8566310118503928 0.030066466959391303 -3.7115603061518634 -7.620190232901084
242.0303274230822 -1.3637665598713276 0.5680729477863631 0.07675284462662821 -3.705462399960449 -7.710207126410806
270.09636841129577 -1.2957566057990002 0.1630563174367321 0.15274536708700093 -3.765581806594415 -7.876639349275997
266.0652166878239 -1.221077912755996 0.13640752887079 0.16611943797027834 -3.76145897236776 -7.90902745926312
292.7951945266292 -0.6523073314444796 0.11673199619451236 0.0963570907103943 -3.801172047944108 -7.750563423954134
294.8387493363359 -0.8421406157898659 -0.2435573799482036 0.11785076605761803 -3.6992181388512932 -7.796765186432544
260.13811371438885 -0.815729658575338 -0.207699457984301 0.19508075546270606 -3.692806364925176 -7.98297978808983
274.31192364552555 -1.0342726520930965 0.15314853371283021 0.11164762794778574 -3.7211008998651804 -7.783210674911027
309.32812676332094 -0.17542692194514897 -0.18955561314579583 0.053267842506114986 -3.689021746135761 -7.66391293022159
280.13560455609354 -0.4811247801133809 -0.3989394647468725 0.17119830074820186 -3.691934144102995 -7.9216071281870475
229.0748399685782 -1.589251124851117 0.09501729470665321 0.21588297852678276 -3.742218096380696 -8.039689434906611
212.44416676582904 -0.8741485337292196 0.5111163630374431 0.11758580802593128 -3.709123057493402 -7.79618245343134
259.0282453407502 -1.7423811163922274 -0.1662220068728928 0.2555762529741191 -3.714696632043214 -8.157725803511761
260.60607731342316 -1.4176207184791565 -0.3037130832672119 0.232644117808342 -3.73480357450113 -8.087844053513642
268.52949258822605 -1.5661873984948644 -0.14288380966862668 0.22157823378269934 -3.7139470626941167 -8.055793113746187
264.0888238911318 -1.5750140572152498 -0.4620067824988361 0.3184138288576692 -3.7108247879752376 -8.378791598474226
292.6304250352513 -1.871114041022007 -0.3221855279944874 0.2747192991733211 -3.786985918416237 -8.220049981358008
286.3848314438928 -1.6436289756448788 -0.29955609237111425 0.18940597834614803 -3.7324562440357973 -7.968052039889137
329.2535194894896 -1.3261111156600618 -0.8293320766408954 0.2153144252670982 -3.736561891085091 -8.038095961499952
280.6891995989922 -1.2590924896966502 -0.6690157136595651 0.2705199486024928 -3.7429295815788564 -8.206041662014357
318.5523686356263 -1.5306664831479606 -0.09270036142648674 0.13489855987266072 -3.7893094673895487 -7.8349914221772
319.8966193939938 -1.5115475145436243 -0.1904473227832586 0.1591085724248235 -3.788900897731971 -7.891918439796674
298.50688543870575 -1.2694866405102023 -0.4784061688918566 0.15641242228150484 -3.7941448060442626 -7.885416021127295
327.0937200790719 -1.1525769932453809 -0.5305401819292612 0.19369021159302596 -3.7211305355424824 -7.979301237724368
328.3558690551942 -1.592922027739136 -0.5469772951311116 0.168360678512717 -3.7220406747225234 -7.914559216050165
294.6491798439444 -0.6807681192272605 -0.5964692722945522 0.18264968087178202 -3.7361385039720676 -7.950565092949178
309.18253330806897 -1.2477728022988135 -0.3937748106872032 0.21597534448608624 -3.768143712849734 -8.03994854715324
232.19386739835028 -1.5378688041298605 0.028458538104763065 0.31876327515786906 -3.797608834339673 -8.380168393564297
314.2089856362621 -1.3376371284692699 -0.07289786861332992 0.12282258783184621 -3.7754641451698867 -7.8077633622111815
242.77245244733854 -0.9949115952224692 -0.8386353503864257 0.4399069474060805 -3.694549468670045 -9.029541208890917
245.6583525389807 -1.2822959521853496 -1.048565082317669 0.5083040739303554 -3.702105005033453 -9.755690613637997
318.041309424774 -1.3197819953544068 -0.8966981224113022 0.34812338002973026 -3.77897160233334 -8.503191219127388
298.41071568790073 -1.2211098474663817 -0.9597827478926684 0.3408145959779778 -3.702202710670817 -8.471122698333653
300.53649026263014 -1.4271494474316717 -1.1407694293347523 0.34800215337851753 -3.7919136588347238 -8.502650842247538
321.32535200039945 -1.3390288361061067 -1.4362073965375117 0.3914084972900928 -3.762554338012651 -8.717621335879377
247.71707660529495 -0.6419855162240169 -0.8913882063077461 0.3875440736884634 -3.722618162905562 -8.696494674709259
282.5573564230939 -0.5898429935139231 -1.1428847385950416 0.450638875289254 -3.7450030832728682 -9.114010288506462
285.49459604571234 -1.052738102608806 -1.1974159694438886 0.5066880973552444 -3.804232048817144 -9.730791344020362
253.13518975076337 -0.7945271444984856 -1.0756148770185177 0.49711759149254153 -3.704433089406067 -9.594824930935202
276.80768596099506 -0.8443892405123392 -0.856816604639806 0.41688450247662934 -3.808247034579602 -8.86932603050606
288.6431578056056 -0.4375768959595121 -1.6645401176737318 0.5261486058799647 -3.6842009788526195 -10.081979813049047
315.77076659077596 -0.6584622684133024 -1.6755181391645886 0.44100759067794 -3.7190254613716744 -9.037883083023631
277.1232143868332 -1.5423675099640322 -1.2402083712859313 0.5092298275845432 -3.7127887522919103 -9.770239185393933
289.2339331581783 -1.1537847127134233 -1.746442311132074 0.5443234911487086 -3.7599153144010016 -10.581138176918635
308.5897721738478 -0.6100533661708987 -0.9179308872982963 0.21379336369925672 -3.7801521866755095 -8.033845352552246
245.20200144472184 -1.7800870011095071 -0.5694109251564008 0.44673930584526766 -3.754390223491865 -9.082486048658776
283.41146368553024 -1.8266794338755992 -0.9139116117626109 0.4082428507932807 -3.71666209891747 -8.815247223800943
298.75699392182514 -1.147268764616458 -0.6203745518310981 0.18282068153727046 -3.8107043358419466 -7.951003933357613
280.677234059587 -0.2708831564997216 -1.1616134834301817 0.43276852354156037 -3.731730987511951 -8.977064778713398
266.59508628406854 0.33498323128728646 -1.1276479071330585 0.3253781536228279 -3.7910275112088456 -8.40659464010116
305.18816737463567 -0.060581042184106426 -1.7615544415347237 0.5146602942043418 -3.716142316555885 -9.860126340797063
295.8501658939051 0.22841824395345212 -1.6702015585003327 0.46260257966941387 -3.7527237813998604 -9.217434385146605
309.74690642047096 -0.29212765656744977 -1.8625234244624167 0.4620407789722312 -3.756623454413424 -9.212330728830217
291.08349912881795 0.05780636794598415 -1.3565676259639363 0.33639619360234485 -3.7737939710372617 -8.452223485989919
284.21581441354743 0.08857381109676332 -1.8183861834369548 0.5099832621566633 -3.7178769761129615 -9.782237945613332
344.72261483408056 -0.14248673456185545 -1.6230579490196382 0.3664414170227044 -3.685325621896615 -8.588396324621742
323.33983849803633 -0.3860602879901194 -1.300451273002845 0.3660928968043087 -3.7015217613148454 -8.586705568814944
333.8984499272748 -0.13819605524359924 -1.2807560136045821 0.24224862791643131 -3.750547752857965 -8.116520167117208
327.53413081008773 0.020300162496343255 -1.3149916255011185 0.23871544386971794 -3.7870273612500567 -8.105875315703125
272.67219573259354 -0.17052870988845825 -0.43714284896850586 0.18620658638477325 -3.6851783628201003 -7.9597331041766415
343.26565774276867 -0.3778557680427137 -0.49007632969142456 0.11316682505720344 -3.7187512076241207 -7.786513332208791
314.48647867786076 -0.2397219879345185 -0.4370568884913233 0.12137736479136331 -3.69222461232999 -7.8045538925131535
305.2403239172759 -0.5845275721562178 -0.6261921620154132 0.25168398805851977 -3.755693679389759 -8.145515386136934
298.40141177724547 -0.6165208492238454 -0.5618914866902305 0.2291796597296614 -3.704963993305831 -8.077698787309503
345.70645543203506 -0.42703473593461005 -1.1117951970055362 0.2321289602706315 -3.692015012490306 -8.086328943980028
339.3753292956718 -0.3644764041421422 -1.7981545316225622 0.46575283638303927 -3.6949098443712636 -9.246545570371886
335.9904475184588 -0.6781899545151691 -1.5333923873375062 0.359896170395074 -3.7217303385449507 -8.55711140981676
282.6557551512444 -0.4132342413208532 -0.6804518297755076 0.19556140449087744 -3.783720593026548 -7.984254452537316
313.3673512593699 -0.36040904660372197 -0.8759634251108732 0.22954637210175338 -3.684766783864155 -8.07876780442436
