luminosity_distance KNphi inclination_EM KNtimeshift log10_mej_dyn log10_mej_wind Ebv log_likelihood log_prior
8.403522908687592 33.82314234972 0.7642907059199381 -0.9057860374450684 -1.8871577978134155 -0.5136153399944305 0.48665993735790253 -12.842328943905208 -10.16935644150308
1.806168836356603 42.61121919322843 0.15002244844903048 -0.9233029431844453 -2.0614051103804503 -1.6520212076437022 0.34136037097460403 -12.002871064897473 -10.710678686754873
5.6157947182655334 39.7717222571373 0.6388181205234281 0.9950547218322754 -1.4491398334503174 -2.9402600526809692 0.4008356722354889 -11.358183549192383 -9.624685565511363
3.2860392332077026 16.499448120594025 0.6860097694226015 -1.2820937037467957 -1.2767462730407715 -1.1514382362365723 0.13319726972579957 -11.207432690855665 -8.624149380757025
2.667545437812805 42.43171513080597 0.41146367553006097 -0.6142658591270447 -1.5946635007858276 -1.211706131696701 0.41383304836750034 -10.924744770118341 -10.102779314121818
4.202010042795598 24.178011374523933 0.19763226676966214 0.3669495586833653 -1.9377134896074188 -1.5623092721258862 0.31907959069416203 -10.82522101830844 -10.34575399112718
3.3925835490226746 18.277184069156647 0.6048612762841707 0.20533782243728638 -1.21071457862854 -1.8957980275154114 0.4585045794725418 -9.645903030305101 -10.081756710541379
4.883747051595105 41.387468087423876 0.5110474875645974 -0.1484482143754584 -1.7909429598283007 -0.9856955098246254 0.07272338629271786 -9.327573025832933 -8.753788909155475
3.7196626493186034 38.97927473597966 0.1909247059440224 -0.7617985555866138 -1.5180893164897262 -0.6908491975566138 0.1449116808474553 -8.761823281168295 -9.856575603355884
6.432132826853036 20.899127956700937 0.6460220973308162 -1.2890142699853173 -2.862570103729697 -0.8933829790804593 0.46569329279297617 -8.737454780698904 -10.089932752472297
6.235325455665588 33.340621292591095 0.4374318308358036 -0.5245168209075928 -1.8481425046920776 -0.7711951732635498 0.5105238687515259 -8.65151728477991 -10.986340570142236
2.767450749874115 23.139670193195343 0.4286836903124179 -1.4192035794258118 -2.0174938440322876 -0.68309086561203 0.15248502831459046 -8.572331452434351 -9.090345487016284
6.257828652858734 17.0308855175972 0.5860196299519683 0.8185986280441284 -2.217769742012024 -1.2184591889381409 0.18560417017936706 -8.556483539824622 -8.886955035085276
3.5473411143030034 23.906079825814416 0.5929574329843156 0.5678929753479576 -1.8317024177179755 -2.706841667670098 0.3333781020536236 -8.442053759920771 -9.357923437266233
8.323053607166912 40.033477046505645 0.6345703050962452 0.30096455389910304 -2.7101011427557378 -0.8867172212401409 0.4558760624169798 -8.319727077388507 -10.017291959197593
4.165652513504028 31.15710586309433 0.5638633075734822 -1.1720006465911865 -2.8884496688842773 -1.0850990116596222 0.5535756621122361 -8.143353987703454 -11.943899988201856
6.95917830874779 25.599628568492278 0.4153130231655508 0.10700746778914105 -1.4218622948507689 -0.7473821362452782 0.3930705853874753 -8.139464082238593 -9.97095660898848
4.656627393587442 20.77802099634874 0.4903583255745769 -0.36455367891016244 -1.6737676455559913 -0.6320371573606947 0.15501913109501309 -8.078418391883613 -8.971564788203066
2.6693384348099034 28.6065120509656 0.6936080316326027 0.4740492813707595 -2.9136657313175025 -1.6010830295214815 0.0875088150041262 -8.035816576108445 -8.515976024411533
1.9661710903261578 39.06636484474667 0.612288024736254 0.08602284334855881 -2.6234381188634157 -0.9383639308107621 0.12030343577821245 -8.032747280567365 -8.692483055109488
6.702123165130615 46.47470861673355 0.265796342704265 0.3233725428581238 -1.3367795944213867 -0.7714087069034576 0.5562185555219651 -7.980840799515077 -12.80550583483468
2.003004550933838 32.21055120229721 0.7045590906893122 -0.018288850784301758 -2.9918882846832275 -1.4034441411495209 0.49930440001487736 -7.902846886544939 -10.395106277876515
5.849436241225074 37.09228039621099 0.4568678707841579 -1.606950772720743 -2.813671668993325 -0.8398399489103721 0.5004249451302781 -7.805641190093486 -10.794618452589242
1.9489592572604937 45.988139901707534 0.7360402091810895 0.06687771341841486 -2.523541581700959 -1.0794428876005229 0.4184547881974907 -7.792512480383353 -9.614398963906195
9.092935753096695 41.453416534576654 0.5786886215390485 0.41964353855742464 -2.8553321944510444 -0.7752620461066364 0.21867495230882586 -7.701525742822241 -8.987464515742499
4.71393330615463 26.022228830023558 0.5475994864237582 -0.49846088062610505 -1.9702741810105069 -0.7319222566259183 0.41177628755572476 -7.6514243620057085 -9.82617715391674
1.4088229428206054 39.695970424943354 0.6108976010371278 0.800740828583844 -2.458665495842901 -1.029459028097157 0.3812967067370399 -7.576423417606407 -9.555547425509422
1.557279348373413 27.012979388237 0.6701876094170034 -1.7643293142318726 -2.604128360748291 -1.1570449471473694 0.13325711216926575 -7.573957240285225 -8.64392881489731
1.8102345380669647 29.051626057507637 0.6185950400845321 -1.9488924328902781 -2.4381630011586855 -1.1774329864955106 0.011741971088740111 -7.435531286800849 -8.468347426523444
5.925846166942511 37.74631154789968 0.2661264632897798 -1.2790983860749983 -2.493236234600343 -0.5243441851700106 0.5125174039271547 -7.354809610574265 -11.495773275101753
6.511315289455603 40.330445370321 0.5677671327441962 0.629415191497908 -1.8125312295761444 -0.6112552367067194 0.16074779510248366 -7.347848892817121 -8.85272475287539
4.654683117513864 41.218563729744446 0.22199776528760892 0.10990619791719647 -1.5977403826164946 -0.8116187390563105 0.5224046594224032 -7.3130985441407805 -11.853929177531736
3.5556263523248433 34.19401791917293 0.35505186896281055 0.1278194095650158 -1.418099974342448 -0.5242140071618855 0.3749444317205903 -7.243632627687338 -10.023620763355456
3.5950109362602234 42.66003519296646 0.6661715346192104 0.3313555121421814 -2.0145150423049927 -0.9671050608158112 0.3396368455410004 -7.241334226589855 -9.283820422727135
4.160613028482972 19.687971274460274 0.4687785461291039 0.6157166986841673 -1.6205739947748208 -2.884673930558179 0.5079414781927631 -7.234626795298578 -10.881044163830222
7.099652212091747 18.75329043374412 0.7022711735059672 -0.489539620641112 -2.3575173601543957 -0.7699961364666392 0.24609859693030145 -7.164050291185831 -8.901750510266483
6.148993730545044 28.102619647979736 0.3800648097248926 -0.11396217346191406 -1.8095834255218506 -0.5851590931415558 0.23354595093727112 -7.017864089591978 -9.41857953560584
4.1981885810414745 31.79798348589379 0.4190312999608618 0.17610159822372307 -2.160667452373005 -0.9031207639796959 0.3287879887029198 -7.012439428162527 -9.656214230571685
5.507879207944729 38.07292450946082 0.6993985464187483 -0.43632481420426905 -2.2945662357370002 -0.8017258784336425 0.27020006558466775 -7.0084597064045155 -8.981887916710779
2.037170020928329 32.66254150336007 0.407383569331213 0.7813255519056352 -2.4095114783318223 -0.6801057578287999 0.308098795579145 -6.99168990468144 -9.601269263383895
1.1273710376257142 37.467229950494115 0.7514376278796772 0.9512974914685572 -1.6739453927387313 -2.489380506358519 0.014851478595247086 -6.9822745454874084 -8.310708596163737
3.081541252068535 43.356605556529914 0.6255620861090407 -1.40683610062412 -2.3319703579056483 -0.9158309411715608 0.34819453648992504 -6.940644360337108 -9.375179336377892
4.2491323612165335 20.60211189921593 0.6310731330358508 0.6714771310698975 -1.3316370898333145 -2.1133935075849397 0.35745566787766 -6.924091139921127 -9.409777765775196
3.6028321407747534 26.299974114038662 0.3999856294622306 0.9209569836970779 -1.5154057044871359 -2.734860783337134 0.3243766908549017 -6.9057905644403785 -9.68215599939771
5.213660691966107 20.526803128186764 0.5693245982642259 -1.332742277946397 -2.6239469351993616 -0.7679481835775261 0.45386828701803617 -6.88540649421752 -10.095285378697165
7.763228729933473 21.024237240007487 0.5136456025832267 0.18531310577279525 -2.19818286755724 -0.8519691841434134 0.16823222262791077 -6.836477712454201 -8.961300597585822
3.7589678767396117 37.93519392217125 0.5586148505695784 -0.26959182831585693 -2.3206685432130785 -0.9249182960546567 0.513575349396635 -6.822045250424298 -10.812838077808742
3.4438071341460708 45.354101469949256 0.45745969183779733 -1.2853803855359716 -2.393936415915045 -0.930375966731213 0.3473711305534705 -6.821738618835904 -9.653506267843932
1.3228133362596415 41.74300148307997 0.772601902651475 0.6817967589887579 -1.7068286378360609 -2.300391402207273 0.05168832288283117 -6.779149281190959 -8.356882180885059
6.847361415891008 37.444211853624886 0.21427452315252862 -0.36695717178204346 -2.605275189087741 -0.8451085418581816 0.47887264957247677 -6.776097991898273 -11.262451020008003
4.000049710273743 45.053216218948364 0.6166622859710926 -1.202567458152771 -2.983543634414673 -1.024616688489914 0.4017569865703583 -6.75359011089653 -9.660605745604526
5.7744036482760235 21.25388116253297 0.6943304292596179 -0.9523725838697881 -2.418248365913728 -0.6225991130941257 0.38596866116076667 -6.751075581549709 -9.470969280347648
2.280907505341778 48.330915704081654 0.6412647843085062 -0.8097202075050429 -2.549838803267608 -1.0711230115972405 0.2583862712095524 -6.723037380490115 -9.016921298723148
7.104446969463044 32.77086818101719 0.5715623382555773 -0.11100957419452673 -2.4221497830375145 -0.777108486093987 0.3060932476912853 -6.657209660682628 -9.282329290213074
1.6853487609369835 31.012997603435235 0.48736642791057366 0.7876011736773028 -2.5716270705635753 -1.1099396417834402 0.08991193507525735 -6.5939355865441565 -8.832232413936305
6.491271931008249 47.936123107185374 0.6898685459673606 0.5278134642187546 -2.5259516681317837 -0.5485033754825186 0.4924492241021328 -6.580960380316673 -10.323004252951085
7.0412127537489475 24.00778470533156 0.6240718838875366 0.5410203913201466 -2.4886816577939426 -1.0150877869924353 0.23889881699610277 -6.554177799460923 -8.980162067914115
6.716157590787467 25.122095274772406 0.3961155755734037 0.3845229447169154 -2.0775180043218926 -0.9220433458510646 0.007211573480010551 -6.552374292842618 -8.86772315003402
4.550086267057319 38.80179172328637 0.7550167524173544 0.14333171434450076 -1.7358246268140267 -0.6498919827358467 0.5230489579692151 -6.545873430850129 -10.731482088064455
3.5727063481783317 36.47121070116051 0.637234792909173 -1.0586026886617284 -2.4016825788207017 -0.7775646766221178 0.3140999349023928 -6.523163730322734 -9.21765725895355
3.0360546950458955 21.894471601181987 0.5960503136933669 -1.9300335968411155 -2.213725401580861 -0.7253270293748928 0.24692414206782243 -6.509964512777675 -9.044615705441192
3.103733925136756 41.93168676101633 0.7685552404216044 0.42761391083289446 -2.293281505701602 -0.9661347231182162 0.0909050830604901 -6.474269935358951 -8.439351419108023
3.4776894433256853 48.15754167626165 0.5783345570819858 0.08357152069757134 -2.9114002179626306 -1.250962033047919 0.2395222593583891 -6.46600625383569 -9.048751324474702
6.048054948399196 41.529192206153965 0.4857631865007908 -0.09068978383867199 -2.158485848338006 -0.6652617871755226 0.44524228535882904 -6.355011321399113 -10.168791233474037
5.719120220760864 38.6900315416124 0.6673853497378422 0.26918874291571004 -1.803987284494922 -0.6804231304356931 0.5371226266145513 -6.306397281862577 -11.169057791512481
2.2139897448252532 47.229707863065855 0.57993767179841 0.8879979207274906 -1.9482187331069438 -1.2397020196385362 0.4827539593363944 -6.287135292476465 -10.35820607388424
3.637001131940765 46.613772101305756 0.3089091121484465 -1.6121865071620527 -2.515787403754117 -0.869739415178179 0.33898433653664917 -6.280316031324521 -9.990386046520474
4.013957130930318 16.12072650845024 0.4508960382554399 -1.208310982924982 -2.416407292733017 -0.5085309412347327 0.3138863526183915 -6.275244841468227 -9.528230831236403
4.483651787631608 36.23801967829591 0.7067763882845389 -0.17001427182322426 -2.0284027145215164 -0.6398663028176377 0.3707731955324307 -6.272567526954031 -9.377853572885325
3.6684644942247444 26.75050220279375 0.7707829400419689 -1.9322168865746918 -2.597189419782811 -0.7903904573825793 0.08763472259889728 -6.2582786655222264 -8.430283377155595
7.5429496631373105 36.46089733862888 0.3804197113381226 0.16490884672261696 -2.416668893742079 -0.6919864066560923 0.4619373063928853 -6.244161285471424 -10.538583232872366
3.4868093645388885 44.104508612066255 0.5228263012589636 -1.4893426689026836 -2.9724574013825853 -1.0119894262074667 0.4404463654950197 -6.23484320279906 -10.064579389040254
6.138584859024148 25.061905744383502 0.7139756992106525 -0.24828444462180244 -2.205674301116097 -0.6459123846402788 0.553520454336518 -6.221908816570485 -11.73782336453859
5.853113972252082 18.55780669780333 0.5551312021660258 0.08740493806638527 -2.2892956503595103 -0.8689394191365198 0.22798369411452155 -6.202298238537545 -9.05114328169191
5.366197966615899 26.934243772713987 0.4847410258104774 -0.7795794898711543 -2.863592111808706 -0.9167527070353465 0.3520430296517398 -6.1900814887196365 -9.620909036580246
2.9016393181950293 19.794484079355986 0.6880066017999014 0.05331631551624216 -2.845600935640929 -1.1511146542690527 0.4833859898592452 -6.176604212357141 -10.217882495386993
5.398640219502571 34.8250259884675 0.1675691909095356 0.5254712819978646 -2.7775099310803997 -1.2132177030362783 0.22685305155397523 -6.159852168374511 -10.198458363524416
2.983488276142117 30.837062805281946 0.5483904515235215 0.9341504974539889 -1.4461312428658517 -2.774740940272799 0.24404364300416093 -6.14826571574995 -9.109846199703666
4.244078555012912 37.42822091544532 0.556347109692938 0.014136865791944064 -2.1974760598212892 -0.7894842408601588 0.2542421392121395 -6.110407416269485 -9.128488831288696
6.047113239765167 32.192562222480774 0.41093287655281463 -0.6730979681015015 -2.5059887170791626 -0.6009863615036011 0.208542147231102 -6.109810898242895 -9.273410220082106
3.5472802268752686 18.260887275934525 0.5208039568612665 -0.7334240780246635 -2.3339452262425318 -0.5302080953608428 0.24274778029565056 -6.100622893255065 -9.152509058508512
2.3601592482381104 34.05145552556482 0.332081237541245 -0.7766005061289543 -2.6478697330849217 -0.5264091972137588 0.38815527296369556 -6.0664140550118955 -10.157102090211051
4.11243926248307 43.66006100542199 0.3728152756366645 -1.8773469369378064 -2.627486325377398 -0.7603028406988233 0.500942890382875 -6.062395651128162 -10.993391961102862
2.9302502784364575 36.89381306409116 0.6751919622819473 0.734448752117034 -1.4675220143392076 -2.5586500933275245 0.31875914404109407 -6.056268690170727 -9.186552500476246
5.14818956052333 16.0287364209191 0.7142565130224283 -1.2766499311272417 -2.8263661186955997 -0.6070982488554026 0.2971352593682446 -6.027472737265836 -9.05784513344277
2.7498552404991203 49.780999343942334 0.38813211780112933 -0.4082216444681035 -2.849950320849055 -1.1671897116253138 0.3184067743808803 -5.96472889809691 -9.686880604392359
3.9828850767999406 38.255790092043036 0.38662894784928886 0.7011854081153528 -1.972812226941508 -1.3253057236571346 0.5569045733836411 -5.935748266343289 -12.487327556742555
1.7383074194057064 27.093480376967058 0.7193180668189106 0.549559002326589 -2.980778521152605 -1.3152954551371825 0.4035134571704254 -5.934696941112774 -9.540542754829756
5.950268499925103 23.588114858110245 0.5832640985744171 0.6951039140257653 -2.5566760461240836 -1.0271439550249553 0.2660800414026227 -5.925836951349524 -9.124385400713939
1.7221381068229675 25.43293446302414 0.7612326366302785 0.9592525959014893 -1.7439768314361572 -2.694492220878601 0.069803071475029 -5.902207627357797 -8.404087873116401
6.0576342137889 16.107630216845394 0.544517718875819 -0.1041590936471033 -2.575665918498614 -0.9094919970048996 0.5278474420395326 -5.89151835212414 -11.113643276596052
5.0056657197046714 38.400930174617116 0.37202413461186745 0.030335802198236728 -2.317832833726926 -0.8712318473222869 0.18010978983694145 -5.880581241002001 -9.2925126621768
5.1700471987704075 26.066654590473142 0.4278929387095686 0.7055479999499994 -1.9036215987038252 -1.1022842804592283 0.11157855438728677 -5.859507121547551 -8.999119093481752
3.1938267108984397 35.82606651469332 0.4373309292122241 0.8251618071269786 -1.598541953539506 -2.8815388573254697 0.30709821884945177 -5.8577876004852065 -9.530822891726253
2.4408491340257905 44.77073620314714 0.6865319251126739 0.42348535434624557 -2.7136214192816013 -1.1299999142831034 0.339409146223741 -5.824832748999752 -9.257473802908121
4.773916355109 18.909669426115705 0.7251999595995882 -1.075643971163881 -2.684789100230225 -0.6459746045878987 0.42504373437586895 -5.820800020459095 -9.670240793556209
3.0489345685253326 27.90380597197891 0.4944700938032536 -1.8406844031187342 -2.7207795892545783 -0.8092407943209836 0.45722760503930937 -5.818041581845401 -10.25146964998851
4.00285633520126 15.032042970103747 0.6921400421159443 0.6071548273207164 -1.1369973056785019 -1.8995202953846733 0.4723777891145862 -5.807105360025098 -10.096276539849558
2.875954401354554 21.933691262778133 0.6249876335869774 0.581474920767588 -1.8583203488389073 -0.9616880655753244 0.23379341462259662 -5.805530062187355 -8.963699045460755
4.459448724890455 21.83045555661718 0.6649714816690919 0.23504880813893392 -2.0310387268215715 -0.5384320119205421 0.3461208342156902 -5.803808431434871 -9.313600962687936
3.01707481349344 25.66224177595042 0.4104429221476436 -1.5975963392250696 -2.9823954070116367 -0.6542608382864517 0.26128277148457923 -5.802418847669441 -9.431128885317857
2.1554063985020253 27.58349085434584 0.6396933702666039 0.7886738132971507 -2.563655083711742 -0.6156373499415042 0.2177317538028292 -5.78480984929826 -8.897283635782257
2.1554063985020253 27.58349085434584 0.6396933702666039 0.7886738132971507 -2.563655083711742 -0.6156373499415042 0.2177317538028292 -5.78480984929826 -8.897283635782257
5.35576480562704 18.83935589625243 0.6284682898155286 -0.9989294882644977 -2.83416859556199 -0.7027203046413524 0.4653391961924919 -5.77685758322272 -10.110334245083886
3.3409149939118126 44.889741630798156 0.6710893631047968 0.6734858606071112 -1.0293539512137841 -2.6951517002867122 0.30343475737941794 -5.775708484664191 -9.133034777206243
3.3409149939118126 44.889741630798156 0.6710893631047968 0.6734858606071112 -1.0293539512137841 -2.6951517002867122 0.30343475737941794 -5.775708484664191 -9.133034777206243
2.9689159211830405 32.605360309263894 0.7072195622000358 -1.1227128839690854 -2.683077243717834 -0.7578782018389463 0.25238830938506346 -5.755953061241919 -8.915395787293482
5.300774185346819 43.4849485400337 0.2729118070889498 0.3934732750610803 -1.7083719509438788 -0.5311155179509575 0.44332703711120863 -5.749938985962487 -10.70321683617587
2.633835844112446 42.692801739656296 0.5438696929984076 -0.3199716043144387 -2.614172915862528 -0.9713319883265585 0.2544269212569495 -5.734041644129091 -9.149416986810312
3.4657196871189555 39.5196115365499 0.2742530704479438 0.8983769259590684 -2.0777141969004935 -1.1905759986142712 0.5550176019587072 -5.702805699204561 -12.703356924285206
2.178887676101876 37.36835908841107 0.6163554596774895 0.9375385368081712 -2.1818665008153184 -1.5621121168061756 0.32649956653492496 -5.7008631754497 -9.295685739163442
2.6886352214488225 44.46693673253822 0.40395943682832136 0.7311854405184279 -1.4305812982175496 -2.817376700581281 0.35063487525503645 -5.695955790393814 -9.784712334894987
3.763712473141547 22.88449295746732 0.26300726481343445 0.9631135342437029 -2.6693414924013563 -0.5139502339756739 0.2249158157708395 -5.6936396960596545 -9.74895363324981
5.364219360656906 22.264937717397615 0.3511215320039801 -1.0543628525024642 -2.968824830395296 -0.7401225704363745 0.4056280555340858 -5.665785505059715 -10.20317208023597
3.666843877270383 39.110352500619875 0.6812475224745123 -0.12550333395026714 -2.5271450425296735 -0.9460678325362966 0.15019982511037536 -5.6656315851421075 -8.66947650410038
4.068424299434733 38.45981490268369 0.43189170487799683 -1.356001963198548 -2.6352996360759726 -0.7283630076269154 0.36390128082097184 -5.665230375360313 -9.783475190488378
2.393998380900451 41.197935312135684 0.6001527517015409 0.9048693460663255 -2.3374331671401367 -0.9585118547961198 0.3781567508890846 -5.640524115408416 -9.554771719905814
4.018150484515978 21.38773951458468 0.5689399682320881 -0.08756304563447026 -2.761206747165515 -1.0627956517948263 0.15001765385020446 -5.632627823782147 -8.825156210184153
2.385530737221118 36.988831742268985 0.5121336988529462 0.6979606840526289 -2.9626385433947795 -0.8181287725865847 0.3456989004513618 -5.629533398679587 -9.542182959566384
4.925690639286568 26.54814160850816 0.1290506926718275 0.5093121845680049 -1.2332780061282174 -1.0821741417237367 0.5404491703466117 -5.623147444628836 -12.838672716669654
6.149683047889321 38.55834685338228 0.3481126593495907 -0.21418858164319232 -2.498495331409849 -0.6891820688499366 0.3388790882490647 -5.621483725388549 -9.874780431639973
2.3181145284130027 42.077169862284016 0.5102655483706054 -0.7371465088876576 -2.782450251490163 -0.927620801397393 0.1908488535167294 -5.6099871602363365 -9.024900886757164
5.28319690605806 32.24108707316145 0.4126933383190736 0.237011601616135 -2.4673247035638215 -0.9194715421707853 0.25045121702595213 -5.607070562038093 -9.391750549641559
5.28319690605806 32.24108707316145 0.4126933383190736 0.237011601616135 -2.4673247035638215 -0.9194715421707853 0.25045121702595213 -5.607070562038093 -9.391750549641559
4.684487072044183 45.424060998697996 0.32937917463801775 0.49597754304021624 -1.4898268215799348 -1.0248035086500749 0.4943772561580036 -5.5888141756789445 -11.02423658742776
7.965375070830972 34.97901182991678 0.4004744233058065 0.4994636932421628 -2.872952159010846 -0.8046100269465666 0.2225749912207515 -5.58163741622867 -9.337090309814894
5.130557130031278 23.134941256359312 0.708322883705594 -0.1709761706452988 -2.221140275495677 -0.628695671317697 0.5031676335398932 -5.567959890687788 -10.444995400488754
5.130557130031278 23.134941256359312 0.708322883705594 -0.1709761706452988 -2.221140275495677 -0.628695671317697 0.5031676335398932 -5.567959890687788 -10.444995400488754
3.7730458195783854 40.28943612087167 0.5209710834905288 -0.09628393467579222 -2.1884711238788706 -0.635079225419716 0.416055117812055 -5.553237870266825 -9.898191634379469
3.0930711703250156 44.69171208021737 0.47446105329535165 0.8953022932854209 -2.650211651566668 -1.3147720620838859 0.4157101626207261 -5.544419664652951 -9.981655615082516
5.212308943271637 48.688919842243195 0.6573039757662437 0.6116159558296204 -2.3240238428115845 -0.7343696355819702 0.5112146497964859 -5.528833456779278 -10.631319088020792
2.2434270264448775 41.598016734482684 0.653073448118634 0.8616110110941313 -1.3678110343059717 -2.7277289118124637 0.204749287777782 -5.527756439214333 -8.84359901786407
2.6861530827814093 41.430365270687744 0.536983615159266 0.4079594195847376 -2.7949264103892224 -0.5328884870448038 0.2948175341277879 -5.496363283694053 -9.296742426235873
2.7523190494690266 27.330942385826056 0.5639521503105633 0.6940299601947779 -1.6097641245353866 -1.42472406466911 0.5376351807330305 -5.490932229541206 -11.330304170915246
5.547505858621719 44.413035192209406 0.6696959008295184 0.21028518367998394 -2.8217732485156986 -0.895869618076754 0.43815093240816877 -5.483045478154003 -9.829677591069117
1.9321755320107268 20.57426123543822 0.7376079895846032 0.7313987225092564 -1.5523774907054946 -2.0102203216118437 0.17280544430888656 -5.457429451429671 -8.658817316767218
4.692892806994413 27.344161922758047 0.774898391984372 0.2194587882755923 -2.4624430953016314 -0.851607228278092 0.34727394376505405 -5.449064503266183 -9.19306754783527
3.119612455368042 32.05603748559952 0.511508923466382 0.5696427822113037 -1.9598133563995361 -1.1824472546577454 0.09410794000625611 -5.423837439081675 -8.796706007503989
2.680185899439948 35.08723038250231 0.7072835934648999 0.7100300741964327 -1.300421841392468 -1.8798551471822833 0.3438471346898196 -5.422142650313481 -9.251910862675615
4.514744613229603 32.19203797879358 0.5431760605712596 0.6354681821731898 -2.904589618803387 -1.2137775746402706 0.26435357299327555 -5.40761130958854 -9.182281163299601
3.9004901095459488 25.338232696814547 0.6334033730620139 0.31514333341787815 -2.623818308935665 -0.9179012766276009 0.038444250918300886 -5.396231580767182 -8.49666286267297
3.9004901095459488 25.338232696814547 0.6334033730620139 0.31514333341787815 -2.623818308935665 -0.9179012766276009 0.038444250918300886 -5.396231580767182 -8.49666286267297
2.508864223760372 44.35686508695093 0.20788141498874493 -0.7286015195000601 -2.54739918775271 -0.5805982133468301 0.3415222933796049 -5.396223068217703 -10.388655827376716
6.535281828212497 31.43222149784106 0.597674473958207 0.4880567117393979 -1.9467342803552534 -0.8021559974850381 0.06125072872683693 -5.377934265109121 -8.590852243976702
5.601971352993096 24.254183602162882 0.7791301524189015 -0.3029907678046455 -2.5515506106404224 -0.7236180864712902 0.5021790780945571 -5.371601029650202 -10.353778411267683
4.652910473948467 21.35188721812608 0.4582125517971282 0.6021776300718855 -1.3188316296148792 -0.7842855432716394 0.4882340314638653 -5.356698716422381 -10.635416451099491
5.6914683216685535 31.74058430265838 0.6028239161318819 0.20370497098162943 -2.196043723588077 -0.5336317942631963 0.014429135077533873 -5.3535761636409 -8.495684212451957
5.6914683216685535 31.74058430265838 0.6028239161318819 0.20370497098162943 -2.196043723588077 -0.5336317942631963 0.014429135077533873 -5.3535761636409 -8.495684212451957
3.803111963853674 34.920756929831995 0.39171927366212644 0.4756087263429647 -1.0607731110805212 -0.7064306630714938 0.38516665112709964 -5.351067549626892 -9.983103890129353
7.496163375551259 21.101102176005806 0.693970612656019 0.501045874130992 -2.5513436655635 -0.6104516696270172 0.4739310346964097 -5.3454403156986 -10.109723166136401
7.356918228435671 20.243443177186442 0.3722580665212571 0.28035319926952296 -2.5181764577763124 -0.5172411617915058 0.06257611116361389 -5.326732954420214 -9.029849889283009
4.263327753333653 25.303852147362136 0.7299980590087908 -0.37998139025303845 -2.7120790682537788 -0.9316725479986108 0.07620050542807924 -5.3182525390076165 -8.450728474498847
4.081504041210422 18.294245882170216 0.5086261281376742 -0.4171186745780264 -2.844305623286079 -0.9767893987417295 0.17377991209480279 -5.260414738396959 -8.984071703788421
5.647489524470291 19.165712264041208 0.7736240198709399 -0.5793797016067126 -2.991504235815738 -0.7395198423817249 0.12166140538127454 -5.24656911339077 -8.500143563064082
4.8542098369395745 36.17453088309148 0.689264938439273 0.21239253814133896 -2.810915587950683 -0.9955185083092251 0.15472078581170062 -5.244556743466026 -8.670433682612597
7.137127175902011 18.895250475985243 0.3802588566855967 0.19407420015985233 -2.5876723936489574 -0.7234922526129641 0.4345524674047521 -5.199311355948785 -10.317515175883358
7.137127175902011 18.895250475985243 0.3802588566855967 0.19407420015985233 -2.5876723936489574 -0.7234922526129641 0.4345524674047521 -5.199311355948785 -10.317515175883358
4.088916746281921 41.09300316107809 0.43553162868641554 0.2506757475922612 -2.4666943251444575 -0.8598846644753269 0.3096946510239632 -5.196724746784811 -9.544515430018366
2.5144422960304036 32.240743874049905 0.5106473912004197 0.6149344179447365 -2.4349959642884045 -1.2066215023360953 0.3522977434824598 -5.192499969287464 -9.574371641395707
2.301477414688404 43.33057131451776 0.4564962645999391 0.642599177852524 -2.580539071836869 -1.4272807127321459 0.5323452941403184 -5.182302442118935 -11.3814482228676
3.5268946118484226 28.128562336528255 0.4610938452295123 0.048612154135493135 -2.405997577533138 -0.5391600916486081 0.30057914424030613 -5.177058505190103 -9.457243269310192
4.002900482665876 37.335683727457976 0.7652715797243291 0.21523301719170007 -2.8645734829389866 -1.0683642396591835 0.4887203999922276 -5.1768181890157905 -10.19265923623585
6.184869339153787 21.192493820964135 0.6606700810829106 0.13666420164844206 -2.374735997792975 -0.6627787617504044 0.043764152212708324 -5.164232080681052 -8.470580785117326
5.526972599456015 37.953389952261304 0.2676938760488845 0.2991607128628986 -2.2844952762623425 -0.7269266597582345 0.4877586530974305 -5.163167279699608 -11.144003974271884
3.490733869519122 37.91829437469814 0.4842716998581436 0.5508086134066459 -1.4537604763022756 -1.1985340529130428 0.5409879126868452 -5.1399505878954965 -11.569856753192596
3.490733869519122 37.91829437469814 0.4842716998581436 0.5508086134066459 -1.4537604763022756 -1.1985340529130428 0.5409879126868452 -5.1399505878954965 -11.569856753192596
3.7162871132337854 33.325862762545064 0.5235276617579222 -0.6113027467983723 -2.732112598375933 -0.9222896536758372 0.2964024921937993 -5.137514105408778 -9.32542218378138
5.174126793497554 27.11690042495421 0.5323892765833337 0.22426564821393757 -2.775668882125195 -0.9807456193042801 0.17649236616672684 -5.129928232141118 -8.949437303142545
5.174126793497554 27.11690042495421 0.5323892765833337 0.22426564821393757 -2.775668882125195 -0.9807456193042801 0.17649236616672684 -5.129928232141118 -8.949437303142545
3.823025551559673 37.646705904288666 0.5806689357463548 0.6191651311921085 -1.9872393150130419 -1.1071825272521507 0.5480878571820296 -5.112564557145257 -11.66198377013635
4.2734352090088255 44.486648112498415 0.5548248595086682 0.49837315527621273 -1.8819873506138431 -0.9402362213691164 0.5381679567735232 -5.106923786832968 -11.360326377636017
4.155264920332238 19.327545741990892 0.45945565078157685 0.40729113151068397 -2.742702559323628 -0.8216152468228155 0.3006697641125981 -5.074068671415761 -9.460880913147799
4.405094289980308 26.839452004227837 0.5512802290897244 -0.011200521300519739 -2.4715766814769804 -0.7775956229782777 0.5203241801718327 -5.065758629625624 -10.946529841257341
4.405094289980308 26.839452004227837 0.5512802290897244 -0.011200521300519739 -2.4715766814769804 -0.7775956229782777 0.5203241801718327 -5.065758629625624 -10.946529841257341
4.514917459859696 45.08567635702878 0.7720432393361126 0.5258612776558986 -1.7677030632681876 -0.6033845311456236 0.4827827319983299 -5.060254932296846 -10.117104109433345
2.3561356453636604 40.47849565255097 0.681905758758036 0.6789219186937432 -2.4516518897305337 -1.4217837278739804 0.20709133427590845 -5.057915315902173 -8.81340203506108
2.3561356453636604 40.47849565255097 0.681905758758036 0.6789219186937432 -2.4516518897305337 -1.4217837278739804 0.20709133427590845 -5.057915315902173 -8.81340203506108
5.031365513801575 33.31631749868393 0.3557367559882051 0.4676169157028198 -1.8892829418182373 -0.6775400340557098 0.22481547067165375 -5.042342297950407 -9.456281173555965
4.536247541034129 20.708994484775953 0.27529859901332054 0.21683650607817384 -2.4503961015843303 -0.6328778763125711 0.4606878929650268 -5.041313235649386 -10.839181141812496
5.648128791222699 36.58291014658073 0.5314184216374159 0.4013264195044073 -2.5729970388236603 -0.8196266570555468 0.2095063301964387 -5.029224961628154 -9.038158143741367
5.648128791222699 36.58291014658073 0.5314184216374159 0.4013264195044073 -2.5729970388236603 -0.8196266570555468 0.2095063301964387 -5.029224961628154 -9.038158143741367
3.6669673302602415 43.532535812602696 0.7713066749347804 0.1951999426084048 -2.969385148216284 -1.1075579522129586 0.3645482703278086 -5.014153162227306 -9.276584209797539
5.14154362186779 39.390982760768615 0.39151553644577103 0.23216199916372426 -2.9224060865573045 -1.0186450490210879 0.38953923347840175 -5.006850787044489 -10.007227933355239
5.14154362186779 39.390982760768615 0.39151553644577103 0.23216199916372426 -2.9224060865573045 -1.0186450490210879 0.38953923347840175 -5.006850787044489 -10.007227933355239
4.215458793237448 35.02954819185513 0.7135632709874626 0.26951253312425383 -2.424647399572284 -0.6840730304177502 0.10922186763759949 -4.970714463465022 -8.538266933015798
3.3506056357457403 38.04278812839595 0.2773725320370038 0.5974293058415725 -1.776760223412863 -0.9385266645070347 0.437871638413335 -4.9674898617955385 -10.646018040251091
3.086718633885244 47.72309424227013 0.24852010760717427 -0.8072483529228613 -2.4954450524029763 -0.6799858845826261 0.4780933073932787 -4.965779890758606 -11.10853800143072
4.186521159904066 24.143668359408245 0.5599496135961424 -0.8981528127508356 -2.886056868337365 -0.8006122852697279 0.5415019777154206 -4.95294941157288 -11.454574514235638
1.4669594251647082 43.16861564481993 0.6494984971380348 0.9198969617856707 -2.750914510704325 -1.3047870913242037 0.04696837027396235 -4.943348634690543 -8.4912023776603
1.4669594251647082 43.16861564481993 0.6494984971380348 0.9198969617856707 -2.750914510704325 -1.3047870913242037 0.04696837027396235 -4.943348634690543 -8.4912023776603
6.100107095838261 28.731327782376184 0.37508237319492216 -0.25275737266578036 -2.800868027059937 -0.7641609738081501 0.03676000544907889 -4.935698116649697 -8.973249738459883
2.2090114946619908 48.04773985178889 0.4872750267932659 0.5906806058211647 -2.662999266243798 -0.8041919505242534 0.38167367755017156 -4.928780831352761 -9.760521535461876
2.5863226486951563 34.810037413830976 0.5668317657487897 -0.2942149885559999 -2.736216943997844 -0.739415594188702 0.31625049372637887 -4.925373124866817 -9.328610313915204
2.5863226486951563 34.810037413830976 0.5668317657487897 -0.2942149885559999 -2.736216943997844 -0.739415594188702 0.31625049372637887 -4.925373124866817 -9.328610313915204
5.471978096440004 28.10881937189574 0.6300132289281125 -0.4014859293180726 -2.743243271499289 -0.7269321410620719 0.1583453828522934 -4.924074591777658 -8.755610978663238
5.471978096440004 28.10881937189574 0.6300132289281125 -0.4014859293180726 -2.743243271499289 -0.7269321410620719 0.1583453828522934 -4.924074591777658 -8.755610978663238
1.9809253217861966 42.73793323662008 0.6880246458971526 0.6284382411415348 -2.912157826367666 -1.3988019475294282 0.36010019519588476 -4.882069290437982 -9.348654869456983
1.9809253217861966 42.73793323662008 0.6880246458971526 0.6284382411415348 -2.912157826367666 -1.3988019475294282 0.36010019519588476 -4.882069290437982 -9.348654869456983
3.7651888037997945 27.067445803338664 0.5508084827294117 -0.33945128131912483 -2.748753201292719 -0.9283672902971323 0.5439884898577144 -4.879231831818622 -11.553203859390173
4.131213165337114 43.014347054110885 0.1931655710942283 -0.49615708464413943 -2.46871831146395 -0.735726706468049 0.5096435550670161 -4.871701430136291 -11.763716528110534
4.131213165337114 43.014347054110885 0.1931655710942283 -0.49615708464413943 -2.46871831146395 -0.735726706468049 0.5096435550670161 -4.871701430136291 -11.763716528110534
3.186626927649802 40.937318225279206 0.4448316148136833 0.8474205437750668 -2.8572470918601067 -1.302971698299486 0.45761771381189204 -4.865663249319626 -10.352765441735663
3.186626927649802 40.937318225279206 0.4448316148136833 0.8474205437750668 -2.8572470918601067 -1.302971698299486 0.45761771381189204 -4.865663249319626 -10.352765441735663
2.8609106974035576 28.402997989354866 0.2767045316709461 -0.29619858556898926 -2.729132072671211 -0.6077323084600521 0.4694500003563473 -4.862189091570906 -10.915898868052047
2.9027945408317066 32.986537955808174 0.6720244245311985 0.8350459796754421 -2.426175087751645 -1.099567682358192 0.13924184529084524 -4.859425945392431 -8.655337537388387
2.9027945408317066 32.986537955808174 0.6720244245311985 0.8350459796754421 -2.426175087751645 -1.099567682358192 0.13924184529084524 -4.859425945392431 -8.655337537388387
2.0724607534069737 40.44002857280647 0.4081917034722304 0.7216018900473733 -2.706491330377383 -1.0755370143484193 0.06616813184658904 -4.857927949413814 -8.94949317357975
2.0724607534069737 40.44002857280647 0.4081917034722304 0.7216018900473733 -2.706491330377383 -1.0755370143484193 0.06616813184658904 -4.857927949413814 -8.94949317357975
7.152340281673911 19.783599111201752 0.5894657611211267 0.5445697116459431 -2.327198088268354 -0.6323102851098481 0.42272957400326855 -4.850599070408537 -9.831244175112225
7.152340281673911 19.783599111201752 0.5894657611211267 0.5445697116459431 -2.327198088268354 -0.6323102851098481 0.42272957400326855 -4.850599070408537 -9.831244175112225
4.596958078016529 40.02999260000041 0.43399391304072266 -0.3611493794534961 -2.563551373589098 -0.778311462747586 0.5462901717787644 -4.848586745498727 -11.856547888584593
6.205359818442087 24.73518490197645 0.45176943857687696 0.33488131077168415 -2.7372800654045033 -0.83328443902835 0.22091744952103393 -4.843802446405638 -9.21921731013014
2.881171729039117 32.060495054670554 0.531429722931159 -0.1299993033764626 -2.8964241447919665 -0.9926323659138037 0.5046587043801721 -4.8333702059293895 -10.716552815481062
4.501424533852219 27.927837272567018 0.49357728443072413 0.5603049279082448 -1.9801979517183128 -0.813977015647493 0.468597543432135 -4.818505156410927 -10.357067853754414
4.501424533852219 27.927837272567018 0.49357728443072413 0.5603049279082448 -1.9801979517183128 -0.813977015647493 0.468597543432135 -4.818505156410927 -10.357067853754414
2.6085350223110804 18.235117272751562 0.6358022418686657 0.8612019873701171 -2.9951628755316815 -1.0518161334986948 0.3618290373599799 -4.8182652211687085 -9.423894616545336
2.6085350223110804 18.235117272751562 0.6358022418686657 0.8612019873701171 -2.9951628755316815 -1.0518161334986948 0.3618290373599799 -4.8182652211687085 -9.423894616545336
3.3038162553153696 26.888098122371773 0.7118782021142279 0.5261379384846743 -2.4531966717558333 -1.0276955848263967 0.39055851741553127 -4.814132126803489 -9.475193017229767
3.369687128612342 41.669492707222815 0.4763543256338793 -0.6664420145144345 -2.761376953722307 -0.9190408549635722 0.07860457760739069 -4.812557455990875 -8.830124823581848
4.384589407194497 23.209616655170084 0.4030316865524896 0.8596177638175617 -2.625301400052847 -0.6245215963527282 0.19202451284846941 -4.804845482470622 -9.24734539786087
3.856293241931815 19.74010463976382 0.6537540329878185 0.5266708471394859 -1.2692179517894466 -0.627682185150578 0.3242221538631899 -4.801298475375574 -9.23569779258272
4.401642462812825 17.70225557100773 0.3035105349834962 0.35233322792407673 -2.8058792135206607 -0.8122952312550527 0.025049703522626626 -4.800952033753459 -9.155194149251797
4.401642462812825 17.70225557100773 0.3035105349834962 0.35233322792407673 -2.8058792135206607 -0.8122952312550527 0.025049703522626626 -4.800952033753459 -9.155194149251797
1.8914318225182676 42.03977048347548 0.5790138588450169 0.8002534593373443 -2.8464931378931047 -1.0207031601282215 0.44642928666115445 -4.79265572023957 -10.019437315465142
3.1652357031447362 44.67477675676259 0.5704517225388995 -0.5300486248473995 -2.942393515099031 -1.0161572895312074 0.1486441277506241 -4.781295207900773 -8.819549503078843
5.242303904570268 19.372028219026532 0.5855074824351396 -0.46857893431086994 -2.609540361277955 -0.5333396470785949 0.377495840783066 -4.776917532226945 -9.573116031574223
5.242303904570268 19.372028219026532 0.5855074824351396 -0.46857893431086994 -2.609540361277955 -0.5333396470785949 0.377495840783066 -4.776917532226945 -9.573116031574223
4.345784514983793 34.124557039468016 0.3781313400222385 -0.8498044654977202 -2.6732851513096128 -0.6039252469020253 0.5229823718006485 -4.775677004741191 -11.348695306015486
5.950009720787623 20.723579229961413 0.5576801849939158 0.34866888785983896 -2.4552942911591256 -0.6097578351764432 0.3134353870781001 -4.768138190113357 -9.332204619803207
5.316339415451303 18.588925263744706 0.5054681341608885 0.09194013183725813 -2.6561317177318795 -0.8379170928252773 0.2584823031780977 -4.755280933640192 -9.2286347640689
2.1525406960067928 36.873193181561646 0.33465767590305306 0.9079979896325581 -2.828866956098125 -1.2227414306441342 0.32283883812132286 -4.738357203225834 -9.846222909289448
2.6852184461268034 30.398717195288924 0.5392369207235768 0.8195834668194482 -2.925737243980766 -0.8425580608974435 0.42117745015615765 -4.736624623518111 -9.90033264913507
4.625696552538959 37.11589739337144 0.4728745736131212 0.6467104932759797 -2.109665530426728 -0.9854134966330985 0.5260992808981967 -4.719793041931114 -11.203861453295644
4.572626233100891 21.733903288841248 0.5490316141010239 0.10570573806762695 -2.3906641006469727 -0.5115124881267548 0.03333493630886078 -4.709516272324509 -8.613060602861676
3.91282983184745 31.09038467739228 0.6218821901613124 -0.7263356520840523 -2.6694608789842724 -0.7235989080533245 0.3200744281931662 -4.703039469852532 -9.262136238623867
3.1833276669486947 24.44712140030212 0.28454062087365617 -0.3767967491063011 -2.6432158956322445 -0.5167202512405216 0.31414316746154414 -4.702699262464882 -9.968998846863165
3.1833276669486947 24.44712140030212 0.28454062087365617 -0.3767967491063011 -2.6432158956322445 -0.5167202512405216 0.31414316746154414 -4.702699262464882 -9.968998846863165
5.653424862579946 28.2536950882619 0.4351324758123493 -0.23944969443465114 -2.6731956446537444 -0.6513707793660544 0.48833605926912643 -4.687697291814816 -10.684829005960076
5.653424862579946 28.2536950882619 0.4351324758123493 -0.23944969443465114 -2.6731956446537444 -0.6513707793660544 0.48833605926912643 -4.687697291814816 -10.684829005960076
4.3478279504276856 29.31876421418496 0.6086096409034449 -0.8229759923839124 -2.762882845317959 -0.6808861227263305 0.5649216002595344 -4.683470790472458 -12.799617972238922
4.3478279504276856 29.31876421418496 0.6086096409034449 -0.8229759923839124 -2.762882845317959 -0.6808861227263305 0.5649216002595344 -4.683470790472458 -12.799617972238922
4.61401634044783 18.614926194637537 0.4959550764284799 -0.5744793973148905 -2.8338789523951617 -0.8311908303197453 0.4104878978421881 -4.6831650574059225 -9.908096685348564
2.8843466397515867 26.00618677124641 0.17625308784637814 0.6421049737737645 -2.755732482181566 -0.9898078045512282 0.09307672600134233 -4.667320571086867 -9.821185607874993
3.9597435201310445 19.46346501893084 0.5315587819666049 -0.4707374355021854 -2.7313741012618182 -0.810286156322654 0.5423180918321583 -4.663376198928872 -11.52810533976753
4.10724204066622 23.996128370339655 0.6969149054763425 -0.38330460966294266 -2.56070491860884 -0.683570309949074 0.12228242477396856 -4.64748432326656 -8.586427663881867
4.1023662817613475 33.92705973051551 0.526446982683215 0.5476946664701541 -1.7060372054913409 -0.7309300216648218 0.4993061151622519 -4.646959323371899 -10.64902906040841
4.01267860504441 34.31595814169137 0.30833000664344584 0.751487510177185 -2.1520759874794413 -0.9626693845550358 0.35537504665012587 -4.6380579803474005 -10.065011017243135
4.01267860504441 34.31595814169137 0.30833000664344584 0.751487510177185 -2.1520759874794413 -0.9626693845550358 0.35537504665012587 -4.6380579803474005 -10.065011017243135
3.8356956994528484 36.48990524792679 0.4374339325334342 -0.8170644213133365 -2.8198803849608325 -0.8343224848901487 0.3611464269953119 -4.635044899013131 -9.758411399756703
2.8390506043281056 39.63298740037252 0.5789497440147205 0.8406709864702009 -2.4668349326849306 -0.8416236534874328 0.05890129473281566 -4.629801911730387 -8.614337331378461
2.7939090162293505 45.16366150909552 0.41640049537442914 0.772664366850893 -2.8707235750211604 -1.4107283216939388 0.3027250796070904 -4.622085696993631 -9.560501287076132
2.7939090162293505 45.16366150909552 0.41640049537442914 0.772664366850893 -2.8707235750211604 -1.4107283216939388 0.3027250796070904 -4.622085696993631 -9.560501287076132
4.020807835884764 36.97823587972158 0.3241662596812708 0.07030321040634568 -2.7933552390933087 -0.9889137474767136 0.28467562334176666 -4.616958045661732 -9.734615128529326
4.245717224412102 47.09921495188462 0.5927661969149954 0.36692079789586396 -2.6024708798882785 -0.7979939009120001 0.3835714283945079 -4.616293548228396 -9.5939228891425
3.1374644626437744 41.17607644462848 0.24853684506989177 0.6185061897533246 -2.2559883608918536 -1.0386858771403666 0.5376182204135368 -4.615960186259693 -12.105930531490294
3.329469424175192 48.06162074894576 0.5333264713576543 0.5249822177915577 -2.2384820134971806 -0.9248907125785353 0.3720450153295223 -4.606916260910584 -9.62893841669732
4.565259440480414 20.268945830011784 0.40789683872266413 0.3221206027700947 -2.632691824903441 -0.613904053752774 0.17841325249451992 -4.595945623982299 -9.200852773434113
4.503220068681331 26.11136054980603 0.5723471313283252 0.237720803422238 -2.673841984411006 -0.8018789680595368 0.45614012447258323 -4.594962417840174 -10.109931012662111
4.503220068681331 26.11136054980603 0.5723471313283252 0.237720803422238 -2.673841984411006 -0.8018789680595368 0.45614012447258323 -4.594962417840174 -10.109931012662111
3.789742183883465 31.941580720592704 0.6858928601689479 -0.7826674719790438 -2.6829481818181264 -0.6704448347577134 0.22792736511967968 -4.592348047267595 -8.867238658853841
4.296551024437903 40.60503141502221 0.5996934011470669 0.6947236132146197 -2.8704035665457464 -1.065853150198837 0.31108847643508303 -4.589483155073124 -9.258841224207796
4.867360439400173 35.07825051525799 0.7734239932232073 0.25300745895145305 -2.5191597593911887 -0.5446191832903429 0.27666514932672764 -4.580534428291753 -8.921772677838833
2.4974041562626477 33.217254139401184 0.4571905365368127 0.6584027094905514 -2.887276697962449 -0.9979608430388707 0.3178503449402583 -4.575996657824185 -9.530785973589643
2.4974041562626477 33.217254139401184 0.4571905365368127 0.6584027094905514 -2.887276697962449 -0.9979608430388707 0.3178503449402583 -4.575996657824185 -9.530785973589643
5.424100354286332 15.643873092641313 0.6303833449651133 -0.1535259593259899 -2.5608992174926857 -0.6201821609276994 0.31127682738668916 -4.570916542803667 -9.216109235043525
6.396520861098253 24.298838040771184 0.35215717210794545 0.09773680092835635 -2.8980348370068865 -0.6549894915035699 0.3265223458524258 -4.570844705504486 -9.812142510168941
3.06184757376035 48.97965127628469 0.6562804268315013 0.8116790131307177 -2.9237200648374015 -1.0268981825071446 0.17298569661874508 -4.567040180128895 -8.756555239584255
5.755229392865628 18.6207784585247 0.5939353022145694 -0.20526627663586994 -2.8875883940265 -0.649139094275232 0.0866062998167036 -4.5643455368230645 -8.647244916162334
5.36755002247798 21.385269885862595 0.3152044458579982 0.26800264881575053 -2.5579630022621194 -0.6492549783152404 0.06799021598726492 -4.561387392007061 -9.2003026335399
5.36755002247798 21.385269885862595 0.3152044458579982 0.26800264881575053 -2.5579630022621194 -0.6492549783152404 0.06799021598726492 -4.561387392007061 -9.2003026335399
2.8230339913021627 31.201068578368165 0.5048630309263257 -0.7666127115278552 -2.9905954796104117 -0.6458179758655187 0.46544574834890945 -4.552193164441868 -10.306458577678667
2.7591056083092766 27.418706163383867 0.6299519204468218 -0.6291136809691473 -2.95089111129818 -0.7544839567933606 0.1741478928282877 -4.55083826800408 -8.79460771868111
2.7591056083092766 27.418706163383867 0.6299519204468218 -0.6291136809691473 -2.95089111129818 -0.7544839567933606 0.1741478928282877 -4.55083826800408 -8.79460771868111
3.549689265366592 35.25229806618512 0.5698894182435804 0.6796182385096943 -2.425961854854806 -1.1760910163909242 0.4683807280816595 -4.547087847237751 -10.225007774242174
4.92551894769902 33.87001097041517 0.43980576401203114 0.4304743324817295 -2.647226362701784 -0.8691932227395114 0.4005820956247289 -4.5421103430429035 -9.959979166286821
5.5939778672384035 19.094852542086265 0.6920064657937453 0.15903080855274254 -2.7544212763347886 -0.7851827429633986 0.509103614904222 -4.539562953938459 -10.554001752978149
5.797329500047553 22.79922880916297 0.3041105135147559 0.26029664973667677 -2.8219833493661364 -0.8604322296100757 0.04638805113815555 -4.537325925952147 -9.19304550553886
2.1987350953694635 49.634864328425046 0.705485863877159 0.5725263471669679 -2.495109283296402 -0.9965622445067757 0.3961706578567277 -4.517911458710085 -9.513999069195904
3.0048837673708415 23.119662180368756 0.7196410180160554 -0.6086679556293726 -2.817579613898593 -0.7283035219724336 0.3548298684942691 -4.515536673873632 -9.286880054145389
3.0048837673708415 23.119662180368756 0.7196410180160554 -0.6086679556293726 -2.817579613898593 -0.7283035219724336 0.3548298684942691 -4.515536673873632 -9.286880054145389
4.113666820091806 16.373705790256814 0.5812210998292872 0.6976094424572672 -2.226117245584258 -0.771829493320983 0.18582392466963218 -4.5149580959711315 -8.894789973077073
4.113666820091806 16.373705790256814 0.5812210998292872 0.6976094424572672 -2.226117245584258 -0.771829493320983 0.18582392466963218 -4.5149580959711315 -8.894789973077073
3.0841241332133964 44.73992094415126 0.4636547524628953 0.6957545819494038 -2.2620139474017664 -1.1798674865045897 0.1323064573876193 -4.503698454389534 -8.970261024567622
3.0841241332133964 44.73992094415126 0.4636547524628953 0.6957545819494038 -2.2620139474017664 -1.1798674865045897 0.1323064573876193 -4.503698454389534 -8.970261024567622
5.447082873778855 23.35267348749097 0.49495832591010247 0.5968659823699358 -2.7717337376661186 -0.9886580802960165 0.24252944311775498 -4.4966068999393 -9.198294376279506
4.49703821209785 43.213136130335 0.06717448772772328 -0.15035803413833504 -2.4326468442722122 -0.5853740868647419 0.23882867198232333 -4.495749229761416 -11.143900868942088
3.379018873675069 20.938895037340814 0.32188290703476813 -0.3095101943083838 -2.718489515420767 -0.6134105252361746 0.34765358118834006 -4.495284023813656 -9.988466493328263
3.379018873675069 20.938895037340814 0.32188290703476813 -0.3095101943083838 -2.718489515420767 -0.6134105252361746 0.34765358118834006 -4.495284023813656 -9.988466493328263
2.2518201803733477 37.69143690381672 0.7184108679749315 0.7572039538856052 -2.8519588679262706 -0.8031664380711256 0.45532592411880235 -4.494180512291958 -9.90799976518488
2.2518201803733477 37.69143690381672 0.7184108679749315 0.7572039538856052 -2.8519588679262706 -0.8031664380711256 0.45532592411880235 -4.494180512291958 -9.90799976518488
2.8534489763169133 43.36950956604284 0.3774292138996345 0.4832779887255265 -2.9071672089430676 -1.0716476627196578 0.45007742581380206 -4.491845835005328 -10.444110194687672
2.8534489763169133 43.36950956604284 0.3774292138996345 0.4832779887255265 -2.9071672089430676 -1.0716476627196578 0.45007742581380206 -4.491845835005328 -10.444110194687672
3.692659195659641 25.020858245505828 0.551284683032672 0.654505496584437 -2.462412787226694 -1.165621932848052 0.3798978247625922 -4.491690105538698 -9.639115874200083
5.172248596996308 20.243248251235418 0.5823328747867744 -0.18507439183701235 -2.6291657521501186 -0.7008743457770858 0.5714608523204479 -4.4901387653962805 -14.913210821863412
1.7413215355940803 41.560251448942225 0.5922529199720682 0.801027002603353 -2.702160564818475 -1.4241011710475404 0.04235920343266944 -4.476199956393535 -8.562570933447606
5.763661368403773 29.445300905483 0.5687553860123205 0.20542532980997485 -2.7177159580792645 -0.6363538472128565 0.00032850855936338296 -4.471271029852378 -8.522091884585345
4.583775677727741 30.190986720668743 0.530837802017014 -0.023139094971058594 -2.463340042132332 -0.5824128778253725 0.2148702924762859 -4.467881003948289 -9.054037958654439
5.147747416462851 23.793214128194357 0.6302346479541259 -0.4516274011627148 -2.954181801038249 -0.774667829877036 0.5551812943544435 -4.461880324481871 -11.935308935890799
5.147747416462851 23.793214128194357 0.6302346479541259 -0.4516274011627148 -2.954181801038249 -0.774667829877036 0.5551812943544435 -4.461880324481871 -11.935308935890799
4.267351891185918 26.5451161489814 0.6040402397669226 -0.39797520936254127 -2.6388163120612056 -0.7209477196510834 0.1013477429513007 -4.459832870237183 -8.663257055352837
4.329329128688901 35.95431842093084 0.6229006627115611 0.7229271815357019 -2.2223635773825823 -0.8625224087700776 0.12627633359267415 -4.4581748666133345 -8.690840827408003
2.696796259861272 23.68089976750049 0.622468912791723 -0.6420990880753765 -2.978776154647223 -0.568225505427491 0.4265076885981314 -4.45669954423656 -9.809169611736486
4.669602625170065 34.37823716811249 0.49708566413480554 0.5470267030755323 -2.0923043036499136 -0.7793756527804532 0.14071469561228664 -4.453479466614937 -8.925366679945741
4.669602625170065 34.37823716811249 0.49708566413480554 0.5470267030755323 -2.0923043036499136 -0.7793756527804532 0.14071469561228664 -4.453479466614937 -8.925366679945741
2.2977463971698 32.308198779268935 0.633029941120734 0.8804249835605953 -2.87463419593005 -1.136237323828694 0.3082353235932959 -4.450644849859067 -9.200911874518736
5.464609386741727 25.64607836326696 0.7193966675137297 -0.08668363955877068 -2.832615417804926 -0.6988585719714573 0.244381728293404 -4.448857724024066 -8.876610853010497
5.464609386741727 25.64607836326696 0.7193966675137297 -0.08668363955877068 -2.832615417804926 -0.6988585719714573 0.244381728293404 -4.448857724024066 -8.876610853010497
4.994690682753384 23.35605557468162 0.7482086167680189 -0.46737512061478537 -2.8108938045420793 -0.6244302140990512 0.1584943599576621 -4.443894279093937 -8.612087445290278
2.951245565030558 28.098518482981532 0.6160486888222928 -0.6947949969285143 -2.8116192541152403 -0.595657596205259 0.3263659015521912 -4.437260738339012 -9.295575488640987
2.6181269849172826 41.716868515648386 0.530831441277273 0.8536998899779524 -2.590238628528767 -1.2259356994916448 0.2656573570379989 -4.43620098185559 -9.207258151123732
2.7855848553920177 49.98049532160209 0.38256955566792633 0.01064805339765229 -2.6691594794856193 -0.7912997198475944 0.3327300526905454 -4.4350777746252845 -9.758639064752506
2.7855848553920177 49.98049532160209 0.38256955566792633 0.01064805339765229 -2.6691594794856193 -0.7912997198475944 0.3327300526905454 -4.4350777746252845 -9.758639064752506
4.5208623096652785 17.11676552743168 0.4497475389125428 0.2817085498129357 -2.941712498514593 -0.863284991394691 0.4200509949164478 -4.432999099887165 -10.059380967005167
2.684501651571608 30.733328909525298 0.7259686712934331 0.685126944684344 -2.529910643309247 -0.9257526731419938 0.3890502813573688 -4.424625924224154 -9.450832018288212
3.8749067737216816 27.841558371871784 0.6007014485838185 0.5533611926238229 -2.6119058441635574 -1.079302952325886 0.47993307511789524 -4.42274651469194 -10.296230649721092
4.265718872783139 22.687917918118597 0.7118357748760333 0.24269667579582155 -2.80178819485421 -0.8197867855056034 0.037814013365895176 -4.41717118578719 -8.396884935441737
4.0729929476960205 27.13533925760125 0.3033336566458367 -0.7102505557185785 -2.711574082355247 -0.533869741316741 0.43206926675284163 -4.408278334198577 -10.516846070010466
3.3690329639285506 30.466892580568903 0.6715021068254795 -0.543970375931853 -2.647680625192375 -0.6691863268574534 0.20758497749885482 -4.402684202333144 -8.827706912128807
4.653609575782111 39.92152948346238 0.4366896555105425 0.5763893908709212 -2.689572173297293 -1.0153384740513987 0.28102405946190284 -4.401215332437928 -9.438449326736691
4.302192320835074 28.077912600319237 0.3803067489058234 -0.8028163640460317 -2.830823424433327 -0.5665724714007601 0.48304352195530503 -4.388477455766232 -10.75090986489291
5.919205766646907 17.984790770620634 0.48976784997437095 0.23060812238873263 -2.744883067694151 -0.6139426126137373 0.5221482645216338 -4.381737413873973 -11.089625724562282
3.3898645805649297 46.77197760581204 0.0945272979803203 -0.4519443750827803 -2.620177474564175 -0.7771388586820795 0.11623948090982654 -4.374807927390413 -10.49005519069681
2.1474103847816375 34.2004221637453 0.717660103540141 0.7568861577914281 -2.869194670898418 -1.4395423242238088 0.4085761257649157 -4.37242882842873 -9.572874107108797
2.1474103847816375 34.2004221637453 0.717660103540141 0.7568861577914281 -2.869194670898418 -1.4395423242238088 0.4085761257649157 -4.37242882842873 -9.572874107108797
3.8334108352425154 21.168292939031996 0.5219655019845828 0.16159128715089377 -2.727787227001155 -0.5610572406329428 0.07695657295942662 -4.366630243122523 -8.743071921231266
3.9673740342285804 36.776899844849254 0.7631239434374382 0.6506891286600021 -2.1398515344659534 -0.8364377226490514 0.4753230153267478 -4.3654614933566585 -10.046390822557287
3.2796531475651856 44.69975926551072 0.26084111895598544 -0.48673964355451815 -2.4937391784881404 -0.5059016480106542 0.4266702325060203 -4.344979440464715 -10.625998964771554
2.8904382079756115 32.5268035280688 0.5996063826488047 -0.3366247960034172 -2.739575705252599 -0.6589502997618859 0.2984470414592487 -4.337227749335007 -9.21172537936349
3.8987360243613054 25.93402516835211 0.7280881416938294 0.08306400239714407 -2.6978590425604434 -0.7530956520748053 0.4623331418443004 -4.320196611633087 -9.958756842530905
3.106906482301182 37.764490846973054 0.4590047392415759 0.8640292492661992 -2.8753907821199283 -1.1347230346106578 0.5593507208568212 -4.31732879875606 -12.497869684619033
3.106906482301182 37.764490846973054 0.4590047392415759 0.8640292492661992 -2.8753907821199283 -1.1347230346106578 0.5593507208568212 -4.31732879875606 -12.497869684619033
3.579390375340639 33.272277418853434 0.4518324365958576 -0.810438354677812 -2.7708898393167356 -0.5678441581151401 0.48377211570138057 -4.310450983145539 -10.59680102946508
3.823111154672608 45.96568603876821 0.7077378782281897 0.570776132748259 -2.091258583516546 -0.8370331096054704 0.3909396322924273 -4.308507678065736 -9.482109937144232
4.091978574416162 48.42929753197677 0.6370495368067669 0.8163328744975735 -2.874147473995851 -0.6597860806451297 0.41062198418547036 -4.3026736785211614 -9.685804396757868
4.859208606442573 37.4835261592476 0.41099688075082635 -0.06213620799772035 -2.5957346834068047 -0.6773980121614089 0.25332093787686816 -4.296322738935016 -9.404587708231748
3.6911844870064154 28.892635653306783 0.5666120215820302 0.05511860666394064 -2.7304463171395303 -0.7550197496396982 0.37467989185619804 -4.293509341534368 -9.587864479266862
4.328283124854503 18.852957956968034 0.5422533885286956 -0.2430157491294469 -2.7368145263408192 -0.7854891296922899 0.47302448013666537 -4.291159271347759 -10.315155684928225
3.072056143884036 36.63779672061381 0.3596949075990896 -0.11034955596134544 -2.6323170537489333 -0.5694727418006491 0.504583672080538 -4.290336575157539 -11.079896923250534
3.072056143884036 36.63779672061381 0.3596949075990896 -0.11034955596134544 -2.6323170537489333 -0.5694727418006491 0.504583672080538 -4.290336575157539 -11.079896923250534
5.040995018472327 22.067495293403994 0.5464881367187935 -0.28547090469470104 -2.6982968016804585 -0.5526276294238688 0.4355764149776235 -4.285996376610269 -9.98837393994548
3.9949884438298233 22.03166068725437 0.6978597405610663 -0.09765506620864062 -2.676124739355647 -0.7706620860832909 0.386614223541221 -4.280680875139328 -9.470214505779639
3.9949884438298233 22.03166068725437 0.6978597405610663 -0.09765506620864062 -2.676124739355647 -0.7706620860832909 0.386614223541221 -4.280680875139328 -9.470214505779639
3.6114677689264276 15.381030035824146 0.5199205019396923 0.5757620243628594 -2.761019477018621 -0.8486496602304312 0.5192776839645805 -4.2743719445466555 -10.979491864386315
2.5846688570791256 37.46272911702957 0.6813101718168761 -0.24265031188722475 -2.8045599397921297 -0.7008582032287864 0.025793844621842064 -4.267780517349493 -8.411150248523528
2.953539244539953 39.19938435592336 0.4401234569334847 -0.15435552669390384 -2.7212430520560495 -0.7515497217163802 0.2709853143212565 -4.267308293794459 -9.397252493189855
2.953539244539953 39.19938435592336 0.4401234569334847 -0.15435552669390384 -2.7212430520560495 -0.7515497217163802 0.2709853143212565 -4.267308293794459 -9.397252493189855
5.10950094461441 30.864790678024292 0.5523624271308402 0.777775228023529 -2.8020983934402466 -0.8330299258232117 0.4889847514629364 -4.266996308545403 -10.47364152543514
3.385524426923633 45.31125600618395 0.5001964170273816 0.521609569443839 -2.8485947244504204 -1.1260879099396133 0.5211287428760011 -4.258648362785757 -11.050220582467391
2.6234254818160387 28.088708154848053 0.46547789617911767 0.609867470436996 -2.907907108005348 -1.2664108991080452 0.20282432416359414 -4.255651083492518 -9.141254867200418
6.156577364712891 26.69757000718848 0.4067528905067523 0.5133942154736606 -2.7179036656318596 -0.7653307780985834 0.3181443184918488 -4.255353295146403 -9.64148104421102
3.332809724337407 21.95732205956289 0.7289101683287128 0.7766413475103748 -2.563880667504365 -0.8374942619128398 0.1747184660694981 -4.242607494279826 -8.67327197697789
3.882554004942696 32.750869237936584 0.3124011025413919 -0.08947271139465252 -2.5725446471712248 -0.6498248992309161 0.47255218546813366 -4.2363874147248115 -10.828682802613603
4.226874688037155 23.856759168429832 0.11333059622618338 0.13107131197293764 -2.715626212170162 -0.5944240837839363 0.3492180671046162 -4.234218679067137 -11.024144030719652
3.3559960365499832 20.21968498715806 0.7165285775549879 -0.21741216739188585 -2.8924522580858762 -0.881641047134397 0.06002858950872481 -4.231233837841367 -8.433913958061307
3.0438466086012697 39.3380368667846 0.43366105573167946 -0.828497635689994 -2.929837794583716 -0.6470447297540578 0.014193322513505897 -4.229359530786518 -8.794848916823021
4.647831955654972 20.593254348256387 0.3737445923719606 -0.168522208086463 -2.7615661491313084 -0.8173127079877798 0.3817712484836223 -4.2291501294228535 -10.009788659771038
5.639178883314142 21.396923776052777 0.35960596970740594 0.5037083126193593 -2.3872005938416017 -0.6564848542065809 0.022814717778337414 -4.2277153127532285 -8.987772487043042
3.585827753822113 38.061603075432636 0.46030359917984687 -0.1023216407451204 -2.6326872296260113 -0.7798227941202653 0.17637266017915712 -4.227532591218992 -9.082495464678647
4.99991541037622 17.380007469726184 0.5199923229332043 0.42090943901219546 -2.843946197289514 -0.6894184442771376 0.32229575030580315 -4.2270516821379855 -9.430085688298576
4.777195504811139 23.158443756099246 0.2838186575397765 -0.1036172578924861 -2.862680494623242 -0.9005616114156467 0.02719228805026855 -4.2216760918512595 -9.224258325360465
5.0979596572272765 41.647138159613014 0.35426722266761373 0.3532893917501596 -2.7250728423281334 -0.7255236668669434 0.16124849381383516 -4.221117813792718 -9.2922914227336
4.0957564046487756 45.018570776062695 0.6376502649411254 0.5806202259299367 -2.68444573626548 -0.9717761149291992 0.37094091102053395 -4.220590139088099 -9.46563187076316
5.647945508541183 18.91315301178083 0.436492732044838 0.12351873196685048 -2.9261239965517527 -0.508916673532894 0.27843868103652314 -4.211768737292737 -9.430037479956246
3.1549901412350954 33.376768034295026 0.7269474514587235 -0.46711898966606613 -2.628955407496117 -0.5847256480627392 0.4067538783282374 -4.211696352257657 -9.551272125964555
2.9220520985452025 46.058488784508896 0.5893275236952112 0.45794535438995965 -2.8434125590648325 -0.7385162735106774 0.33397278395220065 -4.206882214918423 -9.365822533083866
2.8700900089296857 42.785653866728545 0.32040168187724016 -0.5756105099810362 -2.785551171695932 -0.7161430908738855 0.16008422665609007 -4.2022810736047616 -9.386102446331172
4.241873462643912 36.33830839846252 0.5806559648466394 0.06889511185266706 -2.9209208035476815 -0.9419929860295775 0.22731127187073616 -4.2017248070388 -9.009177902393857
2.363163978385112 37.36060265574082 0.7281540549892387 0.7829095204773546 -2.616972805035898 -1.0020129556876987 0.48276750958760206 -4.197113459039212 -10.164053022646982
3.7231383401330134 27.261946045035536 0.4139040337948135 0.7718538521051745 -2.5393125024171255 -0.8989910801931984 0.4114112673533817 -4.192544392669334 -10.08204801865407
3.628711489905346 33.86922283004317 0.45139179694001075 -0.7436021490573674 -2.925212964720419 -0.814068195609639 0.4213596448824483 -4.1885510852399435 -10.06460895655376
5.452364135691335 24.27969309729488 0.6086164692911104 -0.0027143731368868274 -2.9653826549851368 -0.6189842979611635 0.0033125781694650107 -4.182926445821286 -8.467592940549011
3.787000628808127 40.64993852863956 0.7650781831783225 0.6316479684915937 -2.33436091812025 -0.9026754704182745 0.06960834210801294 -4.1784514205208705 -8.399679952585824
3.793824471050746 26.409411527101064 0.3021991201927489 -0.20207060535088406 -2.865658123950099 -0.9015444590672237 0.05702176118668589 -4.178337262420067 -9.219579044018005
3.1092727729606797 40.858129182232005 0.6424638448597465 0.5500664073212795 -2.488375070312277 -0.761488703966315 0.16621988459308676 -4.174390341033449 -8.757957099129818
3.5561160530705314 48.495263387893566 0.5044672691799063 0.5840260720433368 -2.5369409702225028 -1.0260056763367964 0.4299337960416371 -4.1706818362280185 -10.020471432070416
3.009198500965811 24.379263984097395 0.600909326543725 0.7100692554707151 -2.8929896542917035 -0.8794063357498461 0.3135382725759634 -4.15314622842318 -9.266484283401422
5.525753214091521 30.05877462402988 0.6744983173146744 0.5065358885843216 -2.8510584981109344 -0.823033854023929 0.31103911417400876 -4.152240023608893 -9.15743652853556
4.649294774767565 39.13661815297792 0.6572553363257924 0.3011216937234029 -2.8916224171105833 -0.871837834935111 0.006374710821308001 -4.152126227355552 -8.406651139835535
3.8497564494503265 37.91934073041845 0.22445191160560282 0.20834402608101232 -2.872562418687237 -0.8794248998543663 0.07138130236208014 -4.151378497941465 -9.538404620995756
5.08465566766623 20.941322704746177 0.7569109854028812 0.586182321790131 -2.9664681261649997 -0.9650500697800313 0.058608324557989214 -4.144655707325558 -8.38661392516449
3.416296060204768 23.21135943431017 0.5076115567612635 -0.12434500581491892 -2.809611779662204 -0.7477054462106416 0.21571993159782135 -4.144068292668152 -9.09706314131576
4.833070198230349 15.715924784433126 0.3654079380172269 0.5969640455674856 -2.605587027601503 -0.9749326040909514 0.16797747616283557 -4.140901196661969 -9.279178106482838
3.9965930479349834 17.996243654947147 0.5455866999985016 0.7896821408468213 -2.708843850727452 -0.8677294875422192 0.17130215053744566 -4.140262749756762 -8.914344365010685
3.2493721498043433 25.289092257904294 0.3581961601586451 -0.23454778643915497 -2.91962566583744 -0.7741015080471594 0.559460211154458 -4.136521332881607 -12.740387484159259
3.8421788105775603 37.908542598015686 0.7026454819425885 0.39483963639932274 -2.8454219322338434 -0.704084160786044 0.46962776514754856 -4.135124129932109 -10.056614602339526
4.370039733093826 34.21565498680622 0.4630551195261564 0.41861022690565086 -2.8897214580860586 -0.7137191267895249 0.011941156234299697 -4.134518494205503 -8.729692657678866
3.945862828172818 19.025567832437993 0.6188042199139159 0.731196897508938 -2.4744975344976234 -0.8706172091043096 0.32236256319080747 -4.132792449220888 -9.275554104679339
2.687420083175138 40.582542070158794 0.7337195246840448 0.5961684722590039 -2.614669157897957 -1.092066184185165 0.2829516076467334 -4.131261301181887 -8.985586577215058
5.517552278340793 23.655285467441907 0.6050637487675485 0.3310036331934332 -2.995517979076886 -0.5875528156847318 0.07962052062160101 -4.130294478556614 -8.616682779267366
3.8528859028505846 35.18095800518845 0.6851674179548133 0.5304734531396251 -2.6931547232938886 -0.9931173663558504 0.5269699409927187 -4.124988419388749 -10.893966345679889
4.577353444783176 41.94078249895826 0.40425466974795704 0.46093732573317814 -2.800813084061646 -0.9363724108736835 0.21116214424269134 -4.117669235404734 -9.296104165842074
4.120058172868122 27.322032897091795 0.750784051172512 -0.42427461659209165 -2.694889825228061 -0.6214595270881453 0.2478601021013713 -4.108912957324413 -8.852549654784596
5.539449436866599 31.913316664244107 0.5818813769407886 0.2077177192012778 -2.934270664426864 -0.6903707500942744 0.36681270361890017 -4.104490052373801 -9.525243514228082
3.2739319901057637 36.07142340798844 0.6989149645443414 0.7753750862469833 -2.629221130004039 -0.972111340452344 0.239648339026483 -4.098584667276397 -8.88615541280727
3.4862771881072585 27.972702890575206 0.3158591060647894 0.5908774011310469 -2.7373416947334595 -0.6769031446067943 0.42320798976499724 -4.096940707180884 -10.416452031388825
3.712307706826141 36.39771608565168 0.306614116600023 -0.7813814928835199 -2.8604996720205476 -0.6378117917369654 0.4245343733482037 -4.096377843150704 -10.45412309376511
3.8948798208064943 17.403231113769902 0.4036217699309631 0.5564433680801453 -2.7086640281638124 -0.7054424901046472 0.12786205246874308 -4.095084917759885 -9.090086029372339
3.449292037773065 31.711806889135097 0.5804668551394898 0.70923845698759 -2.45692382587112 -0.7921813247741558 0.4480729734247842 -4.093888825045985 -10.030352353929477
2.0645560131555287 44.672801243915444 0.5459272478381855 0.8383716050907521 -2.825931319501717 -1.2949141565334017 0.21601797611285775 -4.093206989479805 -9.031985746375208
4.716976435686364 20.05905854691504 0.4406405264498874 0.7327477477273519 -2.728001650521098 -0.5316183857870507 0.3815300776690904 -4.080361573520403 -9.853050105709942
3.724817648431221 34.860490583494965 0.7199940602321828 0.5609055614501628 -2.604599719156218 -0.9814825026733986 0.3485982040361953 -4.078074960104328 -9.258237801978163
4.752476212207702 18.948830477637713 0.05046487796067157 0.47078501782876936 -2.949021420524555 -0.906742597156144 0.18950692168294714 -4.073532629195558 -11.29169003226893
4.891333404452201 28.53170747270206 0.28485750382576774 0.2166328536281079 -2.7341182833425046 -0.5747015209991324 0.2035719840186188 -4.069701253288278 -9.61154014798744
5.532448602387215 18.56358744148259 0.23178943403530147 0.13711152549834393 -2.900410875359035 -0.7054796505970353 0.07549289523761692 -4.057172573149705 -9.515036972426085
3.386035273397712 33.28633487734106 0.427011263111458 0.5901307327928169 -2.6396662977251637 -0.9632637640144273 0.49553916024136013 -4.05357560486545 -10.792068679679737
5.616427907427236 29.01154503811398 0.45408669270188834 0.588701813088516 -2.5578876163272173 -0.6395442795635846 0.3122979651413982 -4.05285280117231 -9.515541936399346
5.068176696549912 28.297651058594617 0.14252196717398527 0.3082037400723179 -2.867083420576574 -0.6795853668190226 0.2277999098233211 -4.052375729256062 -10.361805919772337
4.508778782562597 30.382367937760137 0.5370146690453852 0.23436364951319621 -2.7857490578837365 -0.6686234136190312 0.34368400286355016 -4.037722935438303 -9.490327282843257
4.807209046784004 23.59850690190079 0.700619123938082 -0.2333228877280895 -2.8192650263550725 -0.5537300488854977 0.2536706240423676 -4.035887266840887 -8.927185262884548
3.927802639468708 31.08422083867924 0.4716383668170336 -0.7097545484127181 -2.962765321658091 -0.7921440721498243 0.15845759755993197 -4.030846389164813 -9.015712208841437
4.298195605039279 27.988975071480567 0.528830957910157 -0.6574035835551495 -2.960606945199045 -0.7685964019345937 0.34633762642796867 -4.028317814648641 -9.515871903975796
4.443523519001435 28.396278451016446 0.42722181640192647 0.43685246145163825 -2.751405240139685 -0.5449507725874518 0.3031273195362813 -4.024031406955052 -9.537878025835585
4.205211867345453 31.494948526664267 0.6734888324541749 -0.11483762683403276 -2.793755453480995 -0.8309375206137446 0.06327036926227486 -4.023951034895214 -8.491899815159801
3.76282298489134 22.366882346487394 0.622605088610977 -0.07484416740402988 -2.8780938948611143 -0.8625248947453792 0.5707941651812909 -4.01527121435683 -14.318204883488626
4.295502208186811 36.82264247691259 0.6490819404998533 0.6026469008217865 -2.4448578787244752 -0.8522787614917293 0.1437250677846437 -4.013928801855359 -8.695272317908948
3.4209962306689445 19.72622802576222 0.6373327235937724 -0.4166749449243443 -2.80919906062777 -0.5335798179345081 0.45470705284173984 -4.007021949451128 -10.00356784108731
3.8026839562053336 27.99187513618648 0.46755032301586724 0.879773969423868 -2.785176189900616 -0.772930044642937 0.38084827761004963 -3.998500229997756 -9.794337202582176
3.211953030378407 34.78436327555272 0.773686477886093 -0.7177244238325513 -2.7822338254516903 -0.626306532377003 0.3973728987659649 -3.9984661726679347 -9.446026353187138
4.217072437944192 22.417094958367244 0.3684895215178503 -0.5376355248192572 -2.8318421260076954 -0.5702538921522318 0.5539510089875725 -3.9933800904140835 -12.358611055207582
5.268685917351497 31.119371262387745 0.5591986133197778 0.5105502196676355 -2.6610570238287092 -0.7221746586702675 0.21270688894551673 -3.9917902659471896 -9.001214492274858
4.110792351365493 18.403718033112778 0.4343476602783178 -0.362182600226582 -2.979674352634287 -0.8430346550168171 0.26278317417792707 -3.9914904772408057 -9.382761290518795
4.613604795343422 23.480509305824594 0.49149066824837206 -0.09552469111731265 -2.7032445391879074 -0.5193630335567647 0.0487580412952687 -3.9127511782856645 -8.742637574863284
4.996627193451758 22.63540468910802 0.77582437601366 0.5619728892719755 -2.8225303335090492 -0.7755105481280049 0.25282560748189115 -3.7664686469444937 -8.841793194892762
4.338238151884713 19.96787302979651 0.7339958157773379 0.10295757054703625 -2.813533729365273 -0.6732178240572346 0.11233544381384714 -3.944473866586658 -8.521890427229962
4.745422087967432 25.480090361193692 0.6628354643751986 -0.11088135524792442 -2.9135701159304586 -0.7404430141201095 0.01946143623553237 -3.866643404552624 -8.422853708151127
3.980127427205465 32.165700412941604 0.736442844339636 -0.35321809719922537 -2.8285237779927637 -0.7715776221705033 0.29677286829680893 -3.89616068035485 -9.031502453977756
4.289247224913853 24.09750681619154 0.7362525541376247 -0.22477523640962538 -2.8468200421159704 -0.7306489920568113 0.005764210532670931 -3.8362869137272995 -8.311044620810813
4.139423626636717 30.82055952501172 0.7720963388505734 -0.39864905993292066 -2.83554874207552 -0.7476298540436765 0.11089290184419974 -3.956593341446644 -8.478100165452874
3.9928761374144144 31.094075052842967 0.6848408248240666 -0.3704515470895804 -2.9764158005899715 -0.6749261891710545 0.059317887233099456 -3.555798972787847 -8.47010418879788
4.0454051258774815 23.965254162213373 0.49206735636593085 -0.3065670376149048 -2.819892881107841 -0.5769416546855402 0.13484277735625622 -3.762482745650831 -8.921161686233699
3.6175975960718083 26.638239955430144 0.6716875809670748 -0.49234286307556685 -2.930034262157011 -0.6873548499065549 0.4104150743940015 -3.7042381974505396 -9.639360726638007
3.9820104568212225 26.25385945523179 0.5609071175202607 -0.18422856829300782 -2.7290724486415487 -0.5828982126370321 0.3355555258352664 -3.8092278632208396 -9.416337203617136
4.254328486934673 27.175499912766732 0.5089103628546432 -0.22486481156469695 -2.862090692774498 -0.5432666020215682 0.24824365782447502 -3.6591055853846814 -9.19034495322362
4.901940166927515 26.85337580596376 0.6671905717264384 -0.11116653272864596 -2.9669753347067016 -0.592587892591935 0.003368371086973219 -3.947873511085735 -8.388610777420451
3.4396515491203 28.172089838603434 0.5118808865972891 -0.5279303518371781 -2.9221222299688825 -0.7187856433110436 0.2522443865249746 -3.884584539252063 -9.197458043869492
3.7360032920534736 33.764066603604235 0.588802732901928 -0.7965035509628273 -2.9612584656126533 -0.5381846878616487 0.16373522186217665 -3.9048735155705314 -8.827776793333205
3.3415439089809214 34.100603115483096 0.5693201415711564 -0.389048230596688 -2.8251380210099066 -0.5809791292028161 0.12370035958943981 -3.658865643349023 -8.764119175432773
4.27844735336611 39.640329543582745 0.5629240075944439 -0.6324982125631511 -2.982346335471752 -0.7184484417378902 0.42203166375672296 -3.776107143094034 -9.867449700683766
3.8597923466067194 15.14480364457517 0.6520334050458585 -0.20303247977076633 -2.8499062013906387 -0.571387430497468 0.10210268342411406 -3.794094980250679 -8.598728153965197
3.5080822146418704 28.965351640081053 0.573549892029093 0.007136274290614253 -2.969037564190791 -0.7053300351454141 0.3161911263694064 -3.7838938193159715 -9.317901627864858
3.5625914935140663 46.640363465265814 0.53271823520977 -0.8094105799835503 -2.842209989451035 -0.634738376252947 0.47534639739285917 -3.837026444196188 -10.354796639754149
3.3413424882581997 42.13823173254622 0.5671735084531635 -0.49625003460282446 -2.8146863152891175 -0.5951808062089872 0.3506693744274781 -3.542472605954422 -9.472371649792342
3.3413424882581997 42.13823173254622 0.5671735084531635 -0.49625003460282446 -2.8146863152891175 -0.5951808062089872 0.3506693744274781 -3.542472605954422 -9.472371649792342
3.2954187521876244 27.62502034827204 0.724187400947837 -0.35392986492498446 -2.890531372773658 -0.7651437816101918 0.5550118701729807 -3.8576714455321817 -11.80844985322769
3.1681921693066535 39.33881720344252 0.5898595116901628 -0.5946927507236643 -2.8035753992248718 -0.6057810276533049 0.11353610078500583 -3.703851661220887 -8.710337734843247
3.8509993510892437 21.590646624300312 0.592540533657421 -0.05792680599096034 -2.778720325151192 -0.5660569761346936 0.28860600638702616 -3.81139118016023 -9.186848971314987
3.1982827158761133 30.849910135513007 0.6719327263306605 -0.42657331776452967 -2.807880536046282 -0.66681625664887 0.10905488251383966 -3.9049647562241354 -8.588083555608664
4.249737348255357 17.04702343176658 0.4894297866174616 -0.03806322995348932 -2.7710960889946166 -0.5359751736011282 0.2945232489481572 -3.875782319558219 -9.380127550418631
3.3478561788014147 39.713967522455874 0.5034940256646135 -0.6089110387496413 -2.773738143853236 -0.5509072834102713 0.359469866433975 -3.743104928352915 -9.620376915552583
3.971864447899285 18.695956912129702 0.6988553308944395 -0.12330111521297149 -2.892554424610282 -0.5673430673372151 0.4195045234327533 -3.603701761497009 -9.663868293453813
3.971864447899285 18.695956912129702 0.6988553308944395 -0.12330111521297149 -2.892554424610282 -0.5673430673372151 0.4195045234327533 -3.603701761497009 -9.663868293453813
4.218433842475754 44.831662262642695 0.47121735323141306 0.3164760171061314 -2.9456936502194133 -0.5612613076785231 0.13470725448016893 -3.6783166463135535 -8.960747778377339
4.769367061385771 44.94867920300988 0.4711333007038618 0.6554381798117914 -2.9153095420156734 -0.5051100842429737 0.27258529439639617 -3.85640302553087 -9.339265300801666
4.882190955176668 32.64204327203903 0.23237199231876282 0.2010532375995755 -2.8271281552858794 -0.5986565113358195 0.20473022457000356 -3.8987581017368944 -9.813789957561882
4.867457818916986 38.89865017700269 0.43022159788228354 0.28708250310852534 -2.8399983509761615 -0.7859139541765159 0.3527763955054462 -3.984449313920324 -9.735124353598396
5.2625680564361135 41.347775643787735 0.31985947725260877 0.6371590143466417 -2.677500156631537 -0.7187152814776101 0.44268930097403464 -3.9870217721435646 -10.54422080454844
3.89326708261454 42.39400522115888 0.4839390654422254 0.005597192445412791 -2.6970499806991906 -0.761867429359937 0.2291326830342485 -3.922901311080178 -9.179172602028936
4.243677711310803 35.450683453924 0.2934945468734623 -0.1232662609823354 -2.9673857786367406 -0.9137976515906256 0.1068878521794324 -3.8244998486962425 -9.34969964013754
3.6596557521734194 49.22648544011276 0.17455458317542208 0.20760276675089306 -2.8977209264085344 -0.8263313478672178 0.40451957526806037 -3.7854030687915983 -10.879892861301395
4.226463556289673 36.3795405626297 0.19446315587537744 -0.6359915733337402 -2.8630956411361694 -0.6327651739120483 0.38817821073532105 -3.905605787523079 -10.680226428942602
3.424093914951323 36.846752176816416 0.43660459096784915 -0.5586247167193987 -2.871367732088777 -0.732938990991185 0.5037713167671132 -3.783586676954454 -10.884535353414185
3.1389635556493256 31.887743936812544 0.4606298268988803 -0.1662319810844961 -2.846788483831779 -0.5849453667923501 0.5134536537500922 -3.8272487593885804 -10.986693391745721
4.45755895940777 35.725067187969046 0.17853690748647352 -0.18994033663984178 -2.930258666520031 -0.8339515462015306 0.4274766221541498 -3.633184335437556 -11.004616644068221
4.995609410533338 31.03486149412813 0.43583709727901926 -0.3005135125606577 -2.964295898955208 -0.761440505023494 0.49734563399507326 -3.923414494130255 -10.796679567772435
4.11120263331891 32.345407631104166 0.34169214749744437 -0.2590856875370744 -2.8837692944989426 -0.510256103273178 0.3569827823116316 -3.598431123538858 -9.973347278912941
3.7960799295896557 43.62098917776865 0.21456023025691617 -0.37763339097695736 -2.7956640995826985 -0.7159541014837716 0.3640120674096036 -3.669951192796692 -10.459991530046684
3.4976118080756353 19.061935743419724 0.42308227965863654 -0.21442976289271787 -2.8362557232148173 -0.5265865887316732 0.5706118898203898 -3.9485705361215 -14.561586119963138
5.216808225634102 45.7683245886155 0.30562301290258026 0.21988176913787205 -2.9795883571759756 -0.7116388655740953 0.0741773416005468 -3.828696715603436 -9.242515824847647
3.6497647816486607 41.34631330314956 0.4161480056063541 -0.1505979706782925 -2.7546609783483293 -0.6652596838373865 0.2892709756585244 -3.578416952140092 -9.512386912174392
3.6497647816486607 41.34631330314956 0.4161480056063541 -0.1505979706782925 -2.7546609783483293 -0.6652596838373865 0.2892709756585244 -3.578416952140092 -9.512386912174392
4.915618613335782 34.83441556070232 0.3099893106054367 -0.2520602236936027 -2.909294582520431 -0.6244018376352458 0.4975694438283391 -3.883284142869224 -11.124601990813936
3.4504963358942207 33.01011017132724 0.4813932687144459 -0.49222944637618893 -2.8597854897207937 -0.6190280417310379 0.24573424758722606 -3.7153108682879 -9.233602973652873
3.2596516267096645 44.40576254046722 0.351321044715598 -0.40973327201225995 -2.845205799557264 -0.8833860345992108 0.45266713584965956 -3.968489959750099 -10.53399172609021
4.68513916625675 46.56543886726267 0.391205869189537 0.013248380026305018 -2.823074585654442 -0.6366740164168974 0.43165777855372883 -3.852370857501327 -10.269773399637705
4.38072527749335 38.677858390452904 0.0941861314772147 -0.40084733297697883 -2.830761709607709 -0.581458411841659 0.3586849033634697 -3.847482257532146 -11.251861126889878
4.407953962458274 47.61873785282404 0.23386883543086015 -0.25872441254799705 -2.746730177634974 -0.6734805943742623 0.17817028675442942 -3.9096567208905806 -9.73773719093628
3.787444757181495 26.999667056034315 0.4129926297358561 0.6345818244894108 -2.7661950412631406 -0.9477517523352375 0.17929140795530255 -3.782476476049365 -9.191373844416008
3.5794342249337765 18.316711080770453 0.41567884477604966 0.7181504960540779 -2.8422142885666424 -0.7998721486782725 0.1882353106924229 -3.89777957716814 -9.208280502499921
4.416441752882363 32.673770663610284 0.23672198665169344 0.7619032948698554 -2.7792877098748177 -0.7424441779765267 0.47067851935396493 -3.58796346917087 -11.080531095877701
3.681152902942913 19.48646521203831 0.2606941589142228 0.6861455595227413 -2.8120385219561896 -0.7673711804400609 0.23865433419443038 -3.898807578003264 -9.79792447518786
4.847792217610131 25.029274020283594 0.46039627916853776 0.6394406094091516 -2.8920740640088463 -0.7862044157810977 0.063428204856911 -3.5660570651181827 -8.831399212509757
4.847792217610131 25.029274020283594 0.46039627916853776 0.6394406094091516 -2.8920740640088463 -0.7862044157810977 0.063428204856911 -3.5660570651181827 -8.831399212509757
4.8598219625318215 26.08792528514861 0.46590836007918995 0.5551787572859999 -2.902176960855938 -0.6081892334576677 0.18879210350586728 -3.5258476141655097 -9.103132921457332
3.7871203773077915 25.589580643761174 0.524248453704828 0.8264420594983286 -2.8883691236225473 -0.7436534997872482 0.23469978471304725 -3.644460882036323 -9.122407840010968
3.7871203773077915 25.589580643761174 0.524248453704828 0.8264420594983286 -2.8883691236225473 -0.7436534997872482 0.23469978471304725 -3.644460882036323 -9.122407840010968
4.670318193248301 31.651320909067145 0.5905602117034674 0.696020201176689 -2.891018284289725 -0.6997082072090377 0.46435532079128816 -3.484185714668415 -10.15550050690687
4.670318193248301 31.651320909067145 0.5905602117034674 0.696020201176689 -2.891018284289725 -0.6997082072090377 0.46435532079128816 -3.484185714668415 -10.15550050690687
4.744711009598941 30.796432487543157 0.53371505348433 0.9782478197885629 -2.9742627467290847 -0.8069904281699123 0.411168321755576 -3.4564571780298725 -9.845528925294875
4.088966710705726 20.863007387717886 0.6486358150789183 0.7171448279368438 -2.916413062474969 -0.7716521940704801 0.23247790424851286 -3.549892874426479 -8.927842996040734
4.784137590729149 20.859129032272158 0.47225855464259475 0.6408021152970274 -2.662182948899 -0.6421654673904178 0.41460089711919673 -3.664626242851666 -9.97890127002952
4.553517029173493 22.73011359285167 0.5296011236580048 0.789920869104435 -2.828640859316964 -0.7280366898250001 0.430836987380721 -3.8870988585603055 -9.982621089479196
4.885319541392592 28.853489980116024 0.4829123844462326 0.5870672480273269 -2.7541443151138343 -0.6192161861559375 0.3735176729443509 -3.5815751101122055 -9.72692445166398
4.3009212638377345 19.371626970433894 0.6343936604416669 0.7150601345178607 -2.8343447779562823 -0.6443576392180561 0.3348877754408144 -3.7173478860071825 -9.305409595632687
3.389428874669353 26.129577156718273 0.6402371661139523 0.7047782366168622 -2.9155933270317957 -0.5507523508890295 0.40180949535870775 -3.47991259270977 -9.628470068124768
5.84968795142959 29.94891724663349 0.434893852112911 0.540258112724795 -2.8678476994217528 -0.7163765021008346 0.2741557742661449 -3.914948360136772 -9.419007511730317
5.0191628547125 16.799091196481807 0.6383892808639722 0.6851002940373698 -2.8849945046343435 -0.6167507102920231 0.2701699032379474 -3.9853022863989036 -9.059032872244423
5.031798398388481 24.538560079855074 0.5542988726432022 0.5187919614290033 -2.8251139423718565 -0.587910127653303 0.12292288116050722 -3.6618167661253533 -8.786252758896978
5.031798398388481 24.538560079855074 0.5542988726432022 0.5187919614290033 -2.8251139423718565 -0.587910127653303 0.12292288116050722 -3.6618167661253533 -8.786252758896978
4.049388650465868 31.78540046591137 0.5879571304804633 0.5973113020267782 -2.862988999655309 -0.5856527319190912 0.4443716744230906 -3.3315852308023204 -9.989687834434692
4.434694382282924 38.56182982376549 0.627189158880504 0.6412533900225927 -2.8310102126600247 -0.663961852761263 0.46813043686583994 -3.4821987499296627 -10.13851406704178
4.434694382282924 38.56182982376549 0.627189158880504 0.6412533900225927 -2.8310102126600247 -0.663961852761263 0.46813043686583994 -3.4821987499296627 -10.13851406704178
3.7297111594923438 32.98534044330509 0.6319953595463754 0.5866013871938955 -2.9783822183299433 -0.564392875358632 0.45474187434548635 -3.271157676034721 -10.011112870709201
4.7118150317361245 23.057029885731907 0.4571067904165821 0.565690185464657 -2.3331324655529686 -0.5593450427161097 0.5721922281471349 -3.917658403007829 -16.64176681076234
3.5502788322715855 37.56617301770076 0.7586786519215724 0.28998347379661027 -2.926702633195179 -0.6225481777343003 0.26046962886369074 -3.8381073238294388 -8.883783763317844
3.7782938224505083 47.22314900705386 0.7724574522359036 0.47484272984377585 -2.522030939980542 -0.5239105590155959 0.277055100923465 -3.8785492387348524 -8.924083060587611
3.769014399870537 47.60940078363551 0.782302978489436 0.2846320296755236 -2.7449235801853087 -0.5875167704282003 0.2782306869060223 -3.881411520758788 -8.918066535045199
3.402211327433181 48.910071700599886 0.7820735508660124 0.18883637684313115 -2.807082725403779 -0.5479965954667403 0.2444746168427289 -3.606253564394506 -8.80966684461987
2.968905504504418 38.55707451786717 0.7542945009748563 0.5347319557473433 -2.8399869423991095 -0.5224955106630591 0.18516841195244177 -3.574345546893881 -8.67218611865668
3.422801858752476 45.984419346212334 0.6814405058403883 0.711174439564187 -2.6475561118231323 -0.5861257672583706 0.19620430298131036 -3.555157297225234 -8.784608584418987
3.6615208484587414 40.65739237793427 0.7731242407573693 0.731486388068582 -2.7463944438620245 -0.7552193125972084 0.18393070269495682 -3.7935979949970164 -8.649328928560928
3.3189873259859093 47.07727280848945 0.7317726934863429 0.6339655453009776 -2.1920224622350917 -0.6794966768020916 0.17326033374506056 -3.9899128002034834 -8.666415644668572
3.775716715841483 36.98791113794871 0.6933647401018466 0.6230276381330131 -2.7516432852182686 -0.5671479857624857 0.05575790885542034 -3.318299041963546 -8.452842868876088
3.775716715841483 36.98791113794871 0.6933647401018466 0.6230276381330131 -2.7516432852182686 -0.5671479857624857 0.05575790885542034 -3.318299041963546 -8.452842868876088
4.428562374812408 37.19859507828667 0.6208037812006059 0.6441972090341097 -2.5546977600037284 -0.5150539250908333 0.17226047356385046 -3.8528546879308117 -8.80254942928205
2.3117331061681896 48.16761463375254 0.7234513673334936 0.6491662211097502 -2.623050550294049 -0.7263018962835286 0.11783580383465456 -3.6677600126927943 -8.54573124387425
2.8888477131260744 41.92779529535622 0.7319738140928351 0.6119305435106255 -2.521992521520129 -0.6505564312045276 0.10156912459468578 -3.6445760589197027 -8.501004196017991
3.660160238635781 27.551407762230497 0.5601327360590179 0.7116355803137595 -2.905601637482616 -1.0599515204988237 0.20357476625486284 -3.8542416828523445 -8.974651723660944
2.825526173754766 27.388850221291694 0.44840352478100703 0.7258286581827376 -2.9137500053681986 -1.207205093467317 0.07899198520524124 -3.991459024437269 -8.88700739683464
3.4907624052190576 22.035565634244303 0.6874259490289385 0.6864874893021429 -2.8929710262471744 -0.95958837704161 0.02715548006637188 -3.6882261584003238 -8.406148732373191
3.268091062844491 37.20892469207701 0.5948736468128104 0.6497140393109464 -2.9161943127107945 -1.0157957170293153 0.2640565088656802 -3.5807730861039726 -9.100426392820717
4.098422681410271 37.644307589063 0.36085486336099404 0.6560126624022997 -2.7182969619568698 -0.8690399515471987 0.1426106545097806 -3.564479777151898 -9.230325597312078
3.6962065195095883 26.038965753478273 0.6279462925550484 0.6435087454657471 -2.804341818442665 -0.9493955662673903 0.4669230629126697 -3.7108476716540046 -10.125957490554216
3.234959555890165 22.983515904499836 0.6925841736366142 0.6997328551226754 -2.73764913548848 -0.983774436384377 0.29803141709731545 -3.916570678984888 -9.086660874304425
2.374745364460823 43.75880899780726 0.6252347652885473 0.6996954353377345 -2.767189560668246 -1.225802823981443 0.10163400423013877 -3.959453398994662 -8.633834365509651
3.8265157534294647 35.76578075963991 0.7606364248918198 0.5155861080070112 -2.886736127140374 -0.9429914080435724 0.2229970347433373 -3.723528061734709 -8.768276623089072
3.6581157504194266 28.154883515712363 0.7066472410522089 0.6255553192288836 -2.8873339143173977 -0.9582685994311615 0.09576980509608655 -3.618702748851283 -8.517682398298357
3.6581157504194266 28.154883515712363 0.7066472410522089 0.6255553192288836 -2.8873339143173977 -0.9582685994311615 0.09576980509608655 -3.618702748851283 -8.517682398298357
3.603960927702791 45.77729901619575 0.745154157427741 0.5472664831584115 -2.7981833444666377 -0.919106340260619 0.08480175815689446 -3.6440694764087773 -8.45153431519744
3.158969771997485 35.23256505160412 0.660076176151331 0.5537876444568046 -2.9022580700283367 -0.9938508534278787 0.3092906668593989 -3.824391955608899 -9.169075589089662
4.308707421128952 36.03798210563314 0.5929944250162117 0.4901298956946052 -2.9159502585929093 -0.823292764768742 0.17738647975773866 -3.7811396163942437 -8.855503720873614
3.1402217619544395 48.47864930108578 0.37152801586831413 0.6821424132339704 -2.7519940894327255 -1.0047698207940676 0.22075608639892116 -3.5292424556421436 -9.40316790584647
3.1402217619544395 48.47864930108578 0.37152801586831413 0.6821424132339704 -2.7519940894327255 -1.0047698207940676 0.22075608639892116 -3.5292424556421436 -9.40316790584647
4.6863382619936385 26.191345440679484 0.3353683588457231 0.545642450959841 -2.9748699269290975 -0.9204421284726481 0.13381008135452566 -3.7499338886804363 -9.280320684740953
3.4625080096785763 46.59757574005822 0.6570774108403561 0.7180034142612772 -2.8215697400578192 -0.6739993162575515 0.46056600495297906 -3.3048306102227425 -10.028504913426323
3.4625080096785763 46.59757574005822 0.6570774108403561 0.7180034142612772 -2.8215697400578192 -0.6739993162575515 0.46056600495297906 -3.3048306102227425 -10.028504913426323
2.7096231355977283 47.70735131318649 0.6507673943439078 0.6932860367804361 -2.82700509158187 -0.5101855320958344 0.5120409278340821 -3.242796812601449 -10.653442499451689
2.7096231355977283 47.70735131318649 0.6507673943439078 0.6932860367804361 -2.82700509158187 -0.5101855320958344 0.5120409278340821 -3.242796812601449 -10.653442499451689
2.562655400125604 40.24534347716031 0.6167581228325804 0.7477394130654886 -2.761028699628422 -1.0094820149251946 0.5115300879515999 -3.810105823969552 -10.691305300965892
2.9054760704347924 45.755978173392705 0.5880277207724043 0.7197175716723754 -2.7949231130128833 -0.8092108379016532 0.3465229210810434 -3.339788407038822 -9.421842526951906
2.9054760704347924 45.755978173392705 0.5880277207724043 0.7197175716723754 -2.7949231130128833 -0.8092108379016532 0.3465229210810434 -3.339788407038822 -9.421842526951906
2.9141616341665753 43.42955028053499 0.5839094445766325 0.5202542998934163 -2.804380485341269 -0.6391337458518236 0.5270928796594596 -3.9759355107178282 -11.034574028088668
3.196277663000119 36.258181964873145 0.4939126449933452 0.6776836183166091 -2.913830220429055 -0.5582837030863872 0.4425340053941803 -3.4263255509638064 -10.132431276839021
3.830555157709064 46.75841763191391 0.47817983733137953 0.16716091572790415 -2.8755106993363984 -0.8862620895776674 0.3426125416082689 -3.802219451926166 -9.591561337971239
3.219738191602162 41.43155283307441 0.5979319858909172 -0.05701559878149931 -2.849342454579493 -0.8324204101991235 0.4452179262450803 -3.6778128231487104 -9.981516011936911
3.0205308711392567 42.74851402057601 0.39973654800259684 0.9834661103792501 -2.9425601796137966 -0.7575739356105968 0.35514943209846106 -3.4439096676968357 -9.815216712757344
3.0205308711392567 42.74851402057601 0.39973654800259684 0.9834661103792501 -2.9425601796137966 -0.7575739356105968 0.35514943209846106 -3.4439096676968357 -9.815216712757344
3.6996223267052044 30.43938759097663 0.7512573028003465 0.20594192145235013 -2.980897395855207 -0.6730823063736375 0.3192323805857791 -3.8479503905469947 -9.100399376394014
3.572917776651161 42.5852387566197 0.7359907389872242 0.7070320838733619 -2.8074576733960104 -0.6998305200942738 0.3835725037670859 -3.4309484489612805 -9.410216469920016
3.572917776651161 42.5852387566197 0.7359907389872242 0.7070320838733619 -2.8074576733960104 -0.6998305200942738 0.3835725037670859 -3.4309484489612805 -9.410216469920016
3.435131471683638 42.01742890889956 0.6961807433527798 0.8098750426679837 -2.9323386078485685 -0.7530944026344613 0.3826988384191727 -3.4126593684216586 -9.45136425074512
3.435131471683638 42.01742890889956 0.6961807433527798 0.8098750426679837 -2.9323386078485685 -0.7530944026344613 0.3826988384191727 -3.4126593684216586 -9.45136425074512
2.6112268118100204 37.31228331883629 0.7413349837268048 0.6397428862076131 -2.9211656388146237 -0.5104709523997744 0.4590143941727181 -3.6111408849179796 -9.914387203199547
3.1346593130931857 48.27357979604507 0.562129552055921 0.4978318537820985 -2.6584701943741464 -0.8166347897945623 0.24516826834474165 -3.9239339732748597 -9.091129070830965
3.9663312145883536 43.33824623563845 0.488020045689242 0.6760059104967189 -2.856103813709237 -0.8128671634674678 0.21002012203746806 -3.2932909921846676 -9.117263305781773
3.9663312145883536 43.33824623563845 0.488020045689242 0.6760059104967189 -2.856103813709237 -0.8128671634674678 0.21002012203746806 -3.2932909921846676 -9.117263305781773
4.338072337636646 37.38406509313704 0.6629785997575038 0.47266965708707565 -2.8476693351018234 -0.8329264234085971 0.2655303360694879 -3.816133338390447 -9.011494172149634
3.6664060564530723 49.316387711584625 0.6441509816205454 0.43654824577452445 -2.8769481013880736 -0.8841645577277304 0.20719666378777898 -3.7534657218564735 -8.862049085229755
3.4946395007881463 48.020195313488465 0.48721508511007394 0.5067718603704514 -2.7739905239052023 -0.7896948423038666 0.3164135402930383 -3.5959395553393723 -9.4663496464594
3.4627092146849257 37.09062726927164 0.4264111114994132 0.8760122084125541 -2.8328838858883594 -0.6109076564669476 0.5187140311282955 -3.7289889872583237 -11.152233551003505
4.39060033956792 32.04250702492878 0.5588172608478249 0.7625711004390867 -2.8660365540148627 -0.8322451418041537 0.358241759991228 -3.5467548288515025 -9.520360119401591
4.39060033956792 32.04250702492878 0.5588172608478249 0.7625711004390867 -2.8660365540148627 -0.8322451418041537 0.358241759991228 -3.5467548288515025 -9.520360119401591
