luminosity_distance KNtimeshift supernova_mag_boost Ebv log_likelihood log_prior
256.24495455253737 -0.01911081720325125 -3.7273395719183076 0.07961713826611629 -7.3758974534799915 -7.716002785400242
127.39228904247284 0.6239480376243591 -2.6738977432250977 0.07575838401317597 -7.373820877511155 -7.708202748300129
278.4742961034491 -0.08683778089544503 -4.313187038271681 0.1935940524136392 -7.310649446108645 -7.979047357374866
283.6941033601761 -1.8302701711654663 -4.0141355991363525 0.1742583636045456 -6.800305700973961 -7.92926360737114
140.9864118628784 0.9827822502299783 -4.840747719941725 0.2623047276627723 -6.653902829558617 -8.17919183930603
193.90993011047158 0.6282846608975183 -4.0450405932978795 0.13391805751807814 -6.52098766434144 -7.832752788925637
227.67675022698853 -1.1627162440114662 -3.3389943067479715 0.06165921765006418 -6.2438659780881824 -7.68020923343774
183.79839831913483 -0.5896662119617868 -4.232353184889968 0.4166860435066748 -6.18292373786451 -8.868050707786493
197.93507009744644 -0.08295601606369019 -4.667365550994873 0.46230160639286044 -6.095473033381738 -9.214696966374433
132.06562517446542 -1.3332826438866192 -4.1653628932894495 0.037291273611713104 -6.001195511079761 -7.633601466546872
196.39850915016365 -1.4445563199947662 -3.0737346566772077 0.0844451445072314 -5.98235159359204 -7.72584852735131
143.86601448059082 0.28388524055480957 -3.0361658334732056 0.13311849195957184 -5.8679653994945165 -7.830930963742143
284.971143232425 -0.6363803184925689 -4.68613888725724 0.23885051594481854 -5.846703990474672 -8.106280187363772
141.67021206675804 0.8810063557553507 -4.459186042819748 0.1486317106123591 -5.8248472754681995 -7.8668846011290325
153.7415480708308 0.47773867660065816 -3.0837121643733223 0.03577394236903209 -5.748570655895723 -7.630769922252348
222.39768518526057 -1.8529591841651942 -3.48668540385126 0.11942757871145836 -5.701506851670561 -7.800240176217067
141.4989502192351 -0.9590818009492441 -4.635390453620518 0.12691421150261673 -5.6999164932468585 -7.816906073405147
275.98339107191157 -1.354216364984789 -4.9583354810348235 0.36339307181628117 -5.699549476522228 -8.5737040190693
169.00379928012464 0.7780994964115071 -4.411575972135832 0.14096949417309124 -5.683134450425391 -7.848964974680779
134.88107712042654 -0.15324850206004714 -2.9906328469246564 0.20791078814285296 -5.6371478966419515 -8.017574465778107
201.4055176743504 0.21276681127939057 -3.9611224429846326 0.16850635509411788 -5.595482674522029 -7.914919831569123
197.22734116245522 -0.3865400891878621 -4.737083168996941 0.4666197238923946 -5.515751852081033 -9.254707343848517
133.70685279369354 0.8153363466262817 -3.83716881275177 0.033209349060058596 -5.442581777629296 -7.626002199002541
231.31030811530832 -0.8512836791902716 -3.8897188994850986 0.1291865151962145 -5.38073128736635 -7.8220198587175505
173.1276993436923 0.034292801746404145 -4.622330765780862 0.46539560442164113 -5.32573498670005 -9.243201505899368
198.12784850672278 -0.3922730803674461 -3.9441847895222457 0.2166523513396307 -5.280087553240591 -8.041849792269092
215.9696266055107 -0.8767201900482178 -3.4620344638824463 0.047690708613395694 -5.248962501031195 -7.653227041155101
289.29962323103916 0.05141554393175163 -4.49894988719411 0.07391186548662315 -5.219403114211 -7.704491632950861
191.25450551509857 -0.29578715562820435 -4.8178452253341675 0.4759451035022736 -5.194296483768093 -9.34699591441262
139.85799763603873 -1.817021545893267 -3.87456514808263 0.5043974387599738 -5.187998403195146 -9.696526049927794
166.24589999326903 -1.6907316474895338 -4.526667337492737 0.07531900044625982 -5.134749257212427 -7.707318429902463
173.04806499580246 -1.4632568884387647 -4.090437548373714 0.39772118097123943 -5.131382605155715 -8.753122451864211
154.68961221839302 -0.7486003095867961 -4.796087372997084 0.1445856075221772 -5.123220306025028 -7.857381980601029
126.42865797405179 0.6897901303886247 -4.461416599405958 0.36486372943520395 -5.1213462886124335 -8.580765297391073
171.90090717980362 -0.5619320295739079 -4.429842449914896 0.4486085655307721 -5.1036598685697685 -9.097473250287567
294.51260566711426 -1.6972544193267822 -4.533714056015015 0.17437279436588288 -5.089526915803299 -7.929551060876187
344.4080267406538 -1.6585098470735447 -4.513788437664882 0.06243944683214162 -5.0598298218393944 -7.681738043691815
180.46895414590836 0.049076080322265625 -3.883201479911804 0.1871347583770752 -5.042857530979866 -7.962139383330699
269.91153281031734 0.23926278907034026 -4.426491477211231 0.04874162751696711 -5.033146820733906 -7.655231908897217
237.67960497478123 -1.2841429196576297 -3.6487431555188303 0.03596761263460385 -5.020606165221609 -7.6311308909741875
157.21094360949436 -1.4183853147996883 -3.8173423559463133 0.37133291772089155 -5.016270469220219 -8.612432824627579
329.6904742717743 -1.5784924626350403 -4.447556138038635 0.05722080538272858 -4.985611082000039 -7.671556628833011
134.88181137692456 -0.37041755321379854 -4.26190524726167 0.5423946533995244 -4.976887363154464 -10.514695833890377
314.05693152342127 -1.2899726322179985 -4.671120737046989 0.13290885542397524 -4.960198129995182 -7.830453851626856
252.29332793506597 -1.2256756279593328 -4.108383620114415 0.12043247342880467 -4.949885793521493 -7.802461086306785
125.87467915179612 0.7101382549996345 -4.204592780482369 0.23291184985676275 -4.941722336517564 -8.088632377148567
149.79130923748016 0.7265212535858154 -4.955137372016907 0.18415379269123078 -4.928256515896699 -7.954431726391146
128.1911566307273 -1.3100500076628758 -4.271615324434801 0.1738059501853447 -4.9196234911392756 -7.928127939732158
266.3026064634323 -1.6333906650543213 -3.7805193662643433 0.004489718556404114 -4.9028990480692585 -7.574107968649107
130.9896945953369 -1.8533101677894592 -3.583781123161316 0.4400228515148163 -4.891569436115289 -9.030416385605108
190.428634569383 -0.06478250200338609 -4.350473424125398 0.2903034875951967 -4.816653057717281 -8.273822164732376
145.09553909301758 0.17707699537277222 -3.0762147903442383 0.06875610165596009 -4.813053391129628 -7.694201952247125
166.63802105280084 -1.9946506844077154 -3.656607915228041 0.295823283572052 -4.812638620312692 -8.29358318177472
166.63802105280084 -1.9946506844077154 -3.656607915228041 0.295823283572052 -4.812638620312692 -8.29358318177472
174.4461404932334 0.7029776434266704 -4.8250362723588776 0.1407422211996467 -4.771320513078262 -7.848438324087217
154.5226885477254 -0.7484265856955321 -4.434230974319942 0.5000897643648479 -4.742104393902567 -9.635105728827515
201.64920538663864 -0.8936789035797119 -3.688742518424988 0.10990672037601472 -4.695074112300613 -7.779439393384909
149.56526408836422 -1.904479718671272 -3.7211800371093657 0.36671372772606226 -4.656108438405239 -8.58971936189334
127.9836418668819 0.6756970633552721 -3.906496784787447 0.09528921039502967 -4.646093032046171 -7.748322692446904
127.9836418668819 0.6756970633552721 -3.906496784787447 0.09528921039502967 -4.646093032046171 -7.748322692446904
263.6300831088196 -0.7775135439725886 -4.906545709669963 0.2608273564960968 -4.645925186108528 -8.174438903179752
136.77739202976227 -0.20511579513549805 -4.742766618728638 0.22444474775791168 -4.616741567646821 -8.063997533693676
157.46718885605327 0.4145348807062814 -4.418426514811747 0.33647448284722686 -4.612001747491498 -8.452555269762163
297.90618946580076 -0.26761489389666915 -4.658585488331113 0.0739396702107184 -4.61140527661855 -7.704547412612694
297.90618946580076 -0.26761489389666915 -4.658585488331113 0.0739396702107184 -4.61140527661855 -7.704547412612694
130.1869871517412 0.5986620901964046 -3.5293810205251503 0.07534767363936078 -4.607641380420178 -7.707376114706626
131.59327679294898 -0.33104955818580795 -4.052938117028375 0.059749748903870865 -4.594138875418997 -7.6764775787727935
131.59327679294898 -0.33104955818580795 -4.052938117028375 0.059749748903870865 -4.594138875418997 -7.6764775787727935
191.955004632473 -0.7232373952865601 -4.774512052536011 0.04396642062664032 -4.586938053148989 -7.646154299905346
191.955004632473 -0.7232373952865601 -4.774512052536011 0.04396642062664032 -4.586938053148989 -7.646154299905346
126.2635305151065 0.01870261576830501 -4.745051053806828 0.2656426214238094 -4.553727368819149 -8.190014282349246
156.26706632084662 -1.2113313914933577 -4.111252408058298 0.02546057674215199 -4.523846584444937 -7.611733366986742
235.68682439166054 -0.06928808600792191 -4.643752277931375 0.19924817247549692 -4.516756636386946 -7.99408603856371
195.3649640083313 -1.243276596069336 -4.075010418891907 0.24044031901359558 -4.497651115492105 -8.111057900959405
243.31569972938058 0.3972611403833177 -4.627646875747918 0.09600909933259814 -4.489229792038072 -7.749832682584721
133.53378948702067 -0.1240315479626064 -4.561268819960635 0.19849502603528824 -4.467221102018872 -7.99206973486668
290.1184303201208 -0.658739827658992 -4.865596723011649 0.16360224016696098 -4.466648057067138 -7.902850860675076
290.1184303201208 -0.658739827658992 -4.865596723011649 0.16360224016696098 -4.466648057067138 -7.902850860675076
203.7394558668655 -0.4658777504276994 -4.354742551574609 0.24292952395831113 -4.4585964120438195 -8.118584672062449
238.1679068662016 -1.3469076856879125 -4.343941256347115 0.17964874276238152 -4.451657158527699 -7.942894941444235
182.6769495364471 -0.4040438436381395 -4.178581681639975 0.2474454984417439 -4.448908931407338 -8.132386242364957
182.6769495364471 -0.4040438436381395 -4.178581681639975 0.2474454984417439 -4.448908931407338 -8.132386242364957
166.39315551462994 -1.0344250131498014 -4.2724959114102585 0.032649253005877045 -4.434045550975679 -7.624963966331952
166.39315551462994 -1.0344250131498014 -4.2724959114102585 0.032649253005877045 -4.434045550975679 -7.624963966331952
130.37053917306426 -0.8674838454811511 -3.5521741173686427 0.3334813303038039 -4.43190154275151 -8.439948219828945
158.37805672481463 -0.5706608665168786 -4.617014637580213 0.49087502573122277 -4.426018912042424 -9.51516201363746
212.9200976176782 -1.9741085153990825 -3.45845076037111 0.02840201874638346 -4.398549477543991 -7.617125883770879
212.9200976176782 -1.9741085153990825 -3.45845076037111 0.02840201874638346 -4.398549477543991 -7.617125883770879
280.2994376115862 -0.048040565328376195 -4.785870595653778 0.10658808049833807 -4.395215095062199 -7.772289473253961
135.89136547399977 -0.26748886681359085 -4.701122712198877 0.24632681518961788 -4.395175884286056 -8.128949570233843
135.89136547399977 -0.26748886681359085 -4.701122712198877 0.24632681518961788 -4.395175884286056 -8.128949570233843
198.8939892135501 -1.614692536107862 -4.456271805652322 0.34516348516773526 -4.393354292111077 -8.490080029064327
199.0496809873876 -1.1365592162897367 -3.8026609417518715 0.13131015857503836 -4.387819523560893 -7.82682284293869
229.86210970248982 -1.1802081382321652 -3.8144616352883145 0.03292122147528727 -4.357553466200233 -7.625467971214577
206.47960304909378 -0.6676153588720188 -4.757798318500607 0.016526230168735147 -4.35169303488925 -7.595530183891903
206.47960304909378 -0.6676153588720188 -4.757798318500607 0.016526230168735147 -4.35169303488925 -7.595530183891903
146.5892929302614 -1.3973685659436348 -4.193137312039466 0.45836743446048556 -4.347629833857468 -9.17958734946107
146.5892929302614 -1.3973685659436348 -4.193137312039466 0.45836743446048556 -4.347629833857468 -9.17958734946107
127.08205384775441 -0.6227731547199911 -3.708417505749651 0.37231583990496553 -4.344588039737049 -8.617333341177567
188.59608035738867 -0.3114815278046268 -4.754012259837337 0.047492754038867005 -4.3259569500031985 -7.65284984706596
149.28465238994644 0.20555762243399567 -4.401642878585809 0.37637230488060225 -4.324581290049874 -8.637815468811121
149.28465238994644 0.20555762243399567 -4.401642878585809 0.37637230488060225 -4.324581290049874 -8.637815468811121
176.9763711550146 0.346877300850879 -4.908157632479825 0.0731638570775916 -4.311731638021511 -7.702992203567225
176.9763711550146 0.346877300850879 -4.908157632479825 0.0731638570775916 -4.311731638021511 -7.702992203567225
303.15161149298444 -1.36719074222582 -4.512179776648227 0.04694833017922497 -4.2978617577989136 -7.651813203495432
202.22629606723785 0.21543043851852417 -4.214431047439575 0.11329846315383911 -4.297017183647188 -7.786800020920102
136.64133697748184 -1.4177051186561584 -4.495640397071838 0.2706397705793381 -4.294542122748174 -8.206438659969022
277.5266319513321 -1.8204329013824463 -4.62196946144104 0.15740070633888245 -4.288848771781803 -7.887794601481238
277.5266319513321 -1.8204329013824463 -4.62196946144104 0.15740070633888245 -4.288848771781803 -7.887794601481238
176.27060570332185 -0.6674767923262752 -4.290744729501371 0.30645661498391535 -4.283856386685113 -8.332787971846063
160.82238842689588 -0.8645811244974546 -4.518163883893313 0.4502419162265307 -4.272729422818861 -9.11075544510451
160.82238842689588 -0.8645811244974546 -4.518163883893313 0.4502419162265307 -4.272729422818861 -9.11075544510451
155.9703165046915 -1.4348868267229093 -4.709504906043807 0.5566400051986355 -4.267740733180833 -11.158596665122065
255.92498825698115 -1.2773239901993723 -4.383206723177221 0.1172251336558038 -4.26344128735232 -7.795389752935181
255.92498825698115 -1.2773239901993723 -4.383206723177221 0.1172251336558038 -4.26344128735232 -7.795389752935181
140.81039165556135 -0.8716876754628538 -4.09748593301482 0.4176320990890992 -4.255550378955605 -8.874144838491908
181.07456365483554 -0.9652708810609876 -3.407517990935177 0.03872108293711105 -4.242664193540391 -7.636277040477994
168.6027422722657 -0.4315442131396332 -4.785275533618369 0.15940763905250913 -4.229317054013484 -7.892642323394293
168.6027422722657 -0.4315442131396332 -4.785275533618369 0.15940763905250913 -4.229317054013484 -7.892642323394293
180.9036336492386 -1.8067554536554096 -3.977857798435802 0.2445776148221461 -4.223968763393579 -8.12359946657778
180.9036336492386 -1.8067554536554096 -3.977857798435802 0.2445776148221461 -4.223968763393579 -8.12359946657778
318.6014219531882 -1.4741462004761023 -4.736536168919271 0.07272123874538251 -4.216142535605177 -7.702106005234763
318.6014219531882 -1.4741462004761023 -4.736536168919271 0.07272123874538251 -4.216142535605177 -7.702106005234763
176.59646261492492 -0.15801245523272356 -3.8756073747924225 0.13777417281539855 -4.1981638511307064 -7.841585926148372
176.59646261492492 -0.15801245523272356 -3.8756073747924225 0.13777417281539855 -4.1981638511307064 -7.841585926148372
172.46811244051815 -1.5191326013492221 -4.452128526474213 0.11936803751146104 -4.196888854554384 -7.800108739325261
172.46811244051815 -1.5191326013492221 -4.452128526474213 0.11936803751146104 -4.196888854554384 -7.800108739325261
141.16466600717823 -0.07958261583690218 -4.399600769515733 0.4398602040904263 -4.180571443697084 -9.029188472870436
141.16466600717823 -0.07958261583690218 -4.399600769515733 0.4398602040904263 -4.180571443697084 -9.029188472870436
129.87893043339514 -0.0005849230210004386 -4.082255296361269 0.392750430111259 -4.1793934155502015 -8.725063300294734
192.2467322639177 0.5500341837924352 -4.7861980092982295 0.05243790156261314 -4.172054149279132 -7.662315498390453
192.2467322639177 0.5500341837924352 -4.7861980092982295 0.05243790156261314 -4.172054149279132 -7.662315498390453
144.99787827050503 -0.8487892818401779 -4.036000656086019 0.08053305887001386 -4.149965725509765 -7.717863184631334
245.27968669272548 -0.9280274477772066 -4.475020612618889 0.1359968752550883 -4.137197105143942 -7.837505005478738
262.77771267525065 0.22886249722470264 -4.725145813934103 0.05103686081712206 -4.123878208234915 -7.65962461654054
136.43747484951763 -1.1865820838058423 -3.696892115063672 0.319996138810345 -4.123500936089018 -8.385040991240247
260.3356938778551 -1.530821601349653 -4.3815524035288265 0.0966107206452344 -4.123114384316524 -7.751096353905167
213.9157452391218 -0.1169623092534402 -4.291015987709812 0.12314057169813883 -4.120977172194667 -7.808470907485788
141.5668121761702 -1.3581829148415636 -4.491040843926454 0.5340082552375124 -4.1120761068285105 -10.268228963350499
141.5668121761702 -1.3581829148415636 -4.491040843926454 0.5340082552375124 -4.1120761068285105 -10.268228963350499
249.26717647046524 -1.267506518390583 -4.07900486014088 0.02570551909344326 -4.10536782121011 -7.6121813091261625
210.0103867824982 0.2621994314919385 -4.632678025349556 0.16970133296062828 -4.098922080972511 -7.917882861895829
210.0103867824982 0.2621994314919385 -4.632678025349556 0.16970133296062828 -4.098922080972511 -7.917882861895829
215.45059233903885 -1.8719173669815063 -4.130242466926575 0.16500489313602448 -4.08843566085125 -7.90628792661167
129.98492907059696 -0.1384240191213335 -4.5171712532230455 0.2585679461084763 -4.077896558098065 -8.167213437087659
133.6510784046678 0.4026612378045211 -4.562752130019746 0.2040342062091501 -4.077219242791031 -8.006994970349421
257.86055475473404 -1.5209742784500122 -4.503199458122253 0.13008368854522706 -4.075380864590322 -7.824046156781777
138.04344620925954 -1.0886579525138835 -4.279053661365037 0.21364895445987317 -4.071166830602476 -8.033442738221934
287.86657842996203 -1.6940515936866212 -4.5073630864154275 0.06787633652536713 -4.0695441881579395 -7.692456676189405
271.19201151932543 -1.3551641908711187 -4.587166240151733 0.10687020450420799 -4.060843788232486 -7.772895317510598
271.19201151932543 -1.3551641908711187 -4.587166240151733 0.10687020450420799 -4.060843788232486 -7.772895317510598
159.5487979344229 -0.9001167616565624 -4.5030806307755125 0.17059607184665831 -4.050876338555914 -7.920107190966438
205.63106254467453 -0.7691903730834737 -3.9946239762359483 0.09509034621238907 -4.045176616793741 -7.747905970053969
173.43561785918325 -0.3657074603731765 -4.497388042880595 0.07677403361862863 -4.044444171182864 -7.710249877478173
250.33821910619736 -1.75440514087677 -4.107609391212463 0.04337174913883209 -4.042116048408736 -7.645029584982323
143.29969712694967 -1.608917868511024 -3.865541721316661 0.34255820232388395 -4.041541977435945 -8.478680183624533
138.53350541326802 -0.8446353697751605 -4.384798371512333 0.47796230015240493 -4.037188991475758 -9.368131063469404
132.2707114996274 0.10754154205563982 -3.703996149360966 0.22779813826365686 -4.034612323105316 -8.073681693008737
132.2707114996274 0.10754154205563982 -3.703996149360966 0.22779813826365686 -4.034612323105316 -8.073681693008737
206.79432123784562 -1.3169822670643871 -4.1363141882367405 0.1592195781533746 -4.032525554873314 -7.8921870653507
136.6833877771996 0.4092568337253817 -4.596803382069348 0.20945801485569993 -4.026528819474127 -8.021828418736016
193.2933936312268 -0.19765567969617015 -3.858611343301221 0.05499847426898589 -4.02367014167535 -7.667252201099188
148.08670107439394 0.017962652685477476 -4.686419579039516 0.21102548032926693 -4.022025339857346 -8.026156548524725
244.2901372906553 0.12742026133226236 -4.379809957542107 0.004188427927678209 -4.020257057782548 -7.573577584280817
244.2901372906553 0.12742026133226236 -4.379809957542107 0.004188427927678209 -4.020257057782548 -7.573577584280817
153.0994857413172 -0.2644782903568115 -4.8219626833229015 0.25396896652958406 -4.016352218546654 -8.152665503538751
153.0994857413172 -0.2644782903568115 -4.8219626833229015 0.25396896652958406 -4.016352218546654 -8.152665503538751
332.82316332094877 -1.4647566736644932 -4.982236282584241 0.0782419911138871 -4.001335063874182 -7.713216097599439
328.5736370746804 -0.6659519418313438 -4.856308770673339 0.00888730164875633 -3.9919386357772533 -7.581881551678342
328.5736370746804 -0.6659519418313438 -4.856308770673339 0.00888730164875633 -3.9919386357772533 -7.581881551678342
317.3117665601153 -1.1898719067293784 -4.79700282427412 0.042326048196513665 -3.9902579820456525 -7.643054891171869
250.98197120489414 -1.7109708881142438 -4.095862728499381 0.0261972089946574 -3.9865076912421396 -7.613081100802882
144.2505949776168 0.4441379021543601 -4.936117515780544 0.4233888812973396 -3.98470952874579 -8.912050494362214
165.89854399321885 -0.21577685344630337 -3.694193566421786 0.10369119339481264 -3.980747020375669 -7.766089725508338
276.7042822240715 -1.8845127055817703 -4.279016606628917 0.01515437828496423 -3.9751547298646503 -7.593065304403213
163.3207286222992 -1.4762838015463764 -4.264236976101673 0.1372558783342032 -3.9729193486396706 -7.840394129298576
163.3207286222992 -1.4762838015463764 -4.264236976101673 0.1372558783342032 -3.9729193486396706 -7.840394129298576
153.94966804150644 -0.9503451317817146 -4.379274067349899 0.1790492054829107 -3.9582994418261634 -7.941369599042759
193.07029829251059 -1.4856462072961478 -4.674574686896641 0.1480690046023592 -3.9571845864225 -7.865557619482741
133.77117523954416 -0.038823408632527645 -4.911575189683685 0.3658373674179068 -3.955596053369068 -8.585467747793516
133.77117523954416 -0.038823408632527645 -4.911575189683685 0.3658373674179068 -3.955596053369068 -8.585467747793516
166.06562434145945 -1.6990562611857523 -4.51227456260992 0.4189328612501104 -3.9553342113893146 -8.882584955385465
191.25732362045687 -1.1174561208661067 -4.815467337171525 0.1714041852185814 -3.9543823572907026 -7.9221204293910485
172.1325010061264 -1.4229654669761658 -3.7773114442825317 0.1663112598180771 -3.952699296851792 -7.909499712094047
157.70326828782962 -0.6150796690038343 -4.863756406291725 0.2829824994839396 -3.9515758813254345 -8.248201135599032
180.66285941277596 0.0692766742372064 -4.454163683230364 0.2142709438886537 -3.949806802095225 -8.035178006318853
162.7514471751642 -0.37722733757884797 -4.13539496421391 0.2486586001303489 -3.947732790185264 -8.136126371137355
183.94654927671917 -1.72952560080117 -4.537980492411572 0.3447990578697274 -3.944371919449248 -8.48847757803303
150.29409917481493 -1.5784094970697713 -3.298207863277738 0.12345577723976585 -3.943831039443569 -7.809172765141774
280.0583453433899 -1.4320292385611881 -4.486036138173236 0.0407234213514949 -3.943625037243269 -7.640036050086003
147.86460769919015 -0.7726602316466524 -3.7327315823029306 0.22032507395374637 -3.943209270341862 -8.052227408656108
155.73342985893524 -0.7424273505976886 -4.037589032432982 0.06235305099329448 -3.9341936061324385 -7.681568641331794
155.73342985893524 -0.7424273505976886 -4.037589032432982 0.06235305099329448 -3.9341936061324385 -7.681568641331794
242.77311332598913 -0.015920421155324327 -4.759019168147779 0.12145560484778509 -3.9250300853951217 -7.804727380132954
242.77311332598913 -0.015920421155324327 -4.759019168147779 0.12145560484778509 -3.9250300853951217 -7.804727380132954
175.22056668044246 -0.15599941841257126 -3.9569075356090964 0.12031963456852661 -3.9141500970900274 -7.80221145603418
278.26974159145163 0.15901280892122394 -4.7992024104431685 0.004787422594737002 -3.904223646822801 -7.574632315724701
134.05329216934632 -0.5187406766284066 -4.382645320524044 0.454218869857039 -3.902609792890506 -9.143852970922028
182.45755669203126 -1.4497078523870166 -3.764882013313308 0.1036305096037034 -3.9025528669198963 -7.765960263756768
140.4945214397249 -0.15162247033895238 -4.914611358186848 0.3556307673874192 -3.901143220625389 -8.537238076188252
175.01214199106744 -1.575859783801649 -4.819642939057801 0.27151927506368634 -3.8938089100009075 -8.209357496143062
181.28806324573247 -1.047057957384315 -4.517457689822864 0.30373955711843814 -3.890468071238535 -8.322623131572133
257.62447686217985 -0.1212208618159325 -4.71613457002978 0.07502201122079427 -3.888277437827258 -7.706721141853827
168.60832909187698 -1.3211718935255292 -4.897576271810606 0.31016258074413733 -3.888268022412855 -8.346821145895655
173.73456398403798 -1.4761963881447673 -4.6371618733769235 0.3934346062028696 -3.876613407898736 -8.728878963281415
133.65196554153488 -0.6904279952691252 -3.627130668610495 0.23822308766533665 -3.8714814630867456 -8.104400889293382
133.65196554153488 -0.6904279952691252 -3.627130668610495 0.23822308766533665 -3.8714814630867456 -8.104400889293382
166.69234826421763 -0.7839906844026641 -3.79344649851653 0.14332575597929664 -3.8703379238585263 -7.854441452749416
179.17116863889845 -0.22500108058970625 -3.713569293518449 0.02373818695036155 -3.8667695846089982 -7.608589173362882
286.27592377148915 -0.2826752129686765 -4.691033923160567 0.006858168573590297 -3.866581738751616 -7.578287154408242
200.62248883742132 -1.9154152295156446 -4.202005517707273 0.18962420439042926 -3.8653825912744058 -7.9686219919694325
227.3830692098073 -1.5059296549439452 -4.31678747866444 0.11833928079989833 -3.8642891802443273 -7.797840487858997
214.47080871000952 -0.697950572073188 -4.4293877221956315 0.152081862113604 -3.8632577332687283 -7.875059523990076
126.50453334967509 0.2956423281116529 -3.1248322504692307 0.008930755884474452 -3.854109534266455 -7.5819586677954725
166.05225503444672 -0.05677783489227295 -3.5198158025741577 0.009380183601379394 -3.8487720444201368 -7.5827565943027135
166.57308954738627 -1.1238118799539683 -4.368835255669898 0.3235863857927251 -3.8468967776589245 -8.3993673408385
170.4593750182184 -0.6493795781166716 -4.243383214701434 0.24491981210083935 -3.844707356533914 -8.124643861408067
217.35041383777858 -1.9437073964705212 -3.862066290887328 0.03182551908143778 -3.840455977298242 -7.6234389920690315
157.4126746140164 -0.3328288749097701 -3.7513823488313687 0.13063288187022373 -3.8390246856210584 -7.825288558521843
190.1157659013612 -1.9944262263908452 -4.299623483801132 0.24424098885800982 -3.836554324470246 -8.122573138710637
242.21326546974524 -1.425099418834051 -4.172747127846265 0.02336641613598509 -3.8350843437329885 -7.607911807256334
284.1351178938195 -1.0422179726064744 -4.979196873049229 0.12882031889259837 -3.833013999503514 -7.821193969798899
133.23751359896693 -0.4236001090971593 -4.707303634874609 0.5306688205059944 -3.8328687386625204 -10.184822860591572
129.08506418052207 0.40851906776019975 -4.666619525208607 0.33658624887729843 -3.8324562835051177 -8.45302911639601
161.11027118734313 -1.219799862125921 -3.295052807628254 0.03130708268906901 -3.8306026920168135 -7.622480404553283
220.28052219975308 -1.3526036962947021 -4.64753402694173 0.07627012912173069 -3.8249936539032117 -7.709233690789214
174.31081567965055 0.1256519130792304 -4.1023607670015085 0.10307848623905434 -3.8228367463356854 -7.764783355704307
156.41558560905275 -0.4403207413708634 -3.778134961258039 0.14555717400961912 -3.82183190909513 -7.859655563237352
143.47306657612697 -0.23774445906265163 -4.606839712692435 0.43402116711965194 -3.8213864611507304 -8.986076329818259
232.186824813455 -1.770590792734547 -4.428251228990867 0.1333126548658508 -3.820852263054066 -7.831373062545487
260.7508723526864 -1.998749401640883 -4.411710887189016 0.06056863282976488 -3.819630628279793 -7.678076209896457
171.79176860328923 -1.497053276409381 -4.804797782786169 0.29880335432010036 -3.8188359565203935 -8.30441649395773
202.70503336776892 0.048320690403608424 -4.595537106325106 0.16300397703433822 -3.8186782341010197 -7.90138846080888
168.03334801160545 -0.7295198321743126 -4.565708473126021 0.19494253970756195 -3.8171414993383106 -7.9826135453168225
136.34096321944753 -0.05686024268108536 -4.9437550488705035 0.5494096045800448 -3.8143321629677844 -10.780994881411834
166.85414800548614 -0.10484873753889756 -4.9054112585790755 0.255093196474427 -3.8137536538877206 -8.156202279396078
248.873276834089 -0.215524802552586 -4.71945055933797 0.08852468874808779 -3.811092266461507 -7.7342441675428875
146.02503481198278 -1.9658899440291726 -3.533140377146321 0.19199991233512048 -3.8098362679226816 -7.974847858563408
138.22143042241734 -1.2040764639704928 -3.574510497785096 0.2095816517519549 -3.8069334802879014 -8.022169128724595
172.15359658002853 -1.5535695552825928 -4.350677728652954 0.30145136189460753 -3.8053679257762 -8.314142144058325
153.81659158734175 -1.553734112190258 -4.990512131673044 0.5635651198684001 -3.802401406745774 -11.73736388145712
156.2272715310241 -0.5191148599185362 -4.194440673467413 0.12259275700115643 -3.80130744138285 -7.807252277583771
136.43750730710332 -1.6265201135997134 -3.5090802051121575 0.2152634951193531 -3.7999074794144336 -8.037953344380472
133.77488090765863 0.20397928884986438 -4.923525113980567 0.38947201824319627 -3.7994823689052524 -8.70697888661831
190.0780886411667 -1.8542802333831787 -3.956294059753418 0.12694834027290344 -3.7976381901976333 -7.816982686573381
167.28320344740163 -1.706933825897714 -4.59117029784733 0.2771943114922465 -3.7964289962066475 -8.228399057135716
197.38839085155848 -1.2820386068762113 -4.889079761888678 0.3507403130380845 -3.791248086702956 -8.514928155586933
176.3162488797777 -0.8441301619955963 -4.85967096320241 0.25582418931583273 -3.790982816469329 -8.158508678559143
151.91399444933037 -0.6474409933944798 -4.496874905885306 0.24325346948948717 -3.7898986651018745 -8.119568386585689
149.2944156197147 -1.5647540771011283 -4.199288430903573 0.23162349804557475 -3.7890830959777833 -8.084844576775307
288.88714629906167 -0.6970139772488622 -4.8442195784445365 0.050683390834978595 -3.788038820951367 -7.658946873546808
177.82102104664628 -0.37517314524863465 -4.4694751700282165 0.15090532902444956 -3.6862202079611444 -7.872264285326978
191.82150798668494 -1.3094529756150615 -4.598653809199008 0.23030898484888324 -3.700252005133734 -8.08099459185891
218.36150467002494 -0.9338365231281016 -4.458610604680001 0.10852852572361386 -3.7130105343803304 -7.776463900927052
203.07881641119383 -0.8303053202177695 -4.8876937445308375 0.18164747173498894 -3.7723282354105794 -7.947996980120495
213.5903947153385 -1.107605414510568 -4.591373493706424 0.14606120323290964 -3.6935963943677863 -7.8608370919259265
205.57427716741452 -0.6930342281104469 -4.733974377081304 0.13807117431522434 -3.725994608795907 -7.842269509602147
212.09127024718492 -0.9939860659798543 -4.7614092895684506 0.22142393485445008 -3.718720827443117 -8.055353389016814
206.58001640557094 -1.5580351177070275 -4.785892252260201 0.18760922002010455 -3.780066167161121 -7.963371661735799
194.5015825116397 -0.8474652339358679 -4.6141568815760445 0.1669158451212531 -3.7008532908520584 -7.910989622411889
219.82747353627724 -1.2291244950332971 -4.658535826065737 0.18932697074859697 -3.7422957852106222 -7.967845771788354
196.6638642464971 -0.5324158870866103 -4.721906452217325 0.16237109213515252 -3.707801576098509 -7.899843755488799
195.4970459813894 -1.5264797382142765 -4.917433963836073 0.2604723045245288 -3.7804740419364773 -8.173300004007613
201.1970348608309 -0.35196935423078535 -4.1973459228448355 0.08141755095978281 -3.7733003490497627 -7.719663037869051
242.38648861646652 -0.9895288944244385 -4.842326641082764 0.08839117841720581 -3.7077659768463507 -7.73396828672782
269.04196606034964 -0.9602152418864054 -4.787201328071767 0.04117662354851777 -3.6933394810012397 -7.640888815621109
275.0047053325663 -1.1139242675553498 -4.879069690189342 0.07686754117473259 -3.7150153759737963 -7.710438560849072
233.9715342054376 -0.8778573071252287 -4.84828565154321 0.19626700827472113 -3.782806469640538 -7.986128637439765
262.6414010685311 -0.7933304385277471 -4.993816218568313 0.1277582538987103 -3.7149147839678145 -7.81880252670258
254.12054442992428 -1.2516751013229883 -4.794395791348314 0.06258100523822722 -3.7104215065192405 -7.682015669198783
220.13207203789463 -0.47935890186658936 -4.650464814831331 0.07499102821344968 -3.68960289659658 -7.706658851115041
281.9658675390148 -1.5590791625260971 -4.872948643621253 0.07783110491186675 -3.7192704199795243 -7.712384955604572
218.05909166273375 -0.40011394732334193 -4.952296161259378 0.12993740208759177 -3.7495777552711953 -7.823715483305229
247.03227111307166 -0.463179639107397 -4.906931303117425 0.05546219440959023 -3.7070438542874573 -7.668148851081705
237.2202530277949 -0.5743827896334417 -4.814921207700254 0.10714035418221764 -3.6826055128688675 -7.7734757918340165
223.16781553806902 -0.34626829643356594 -4.508605428878973 0.0017166664418752594 -3.7073680722767377 -7.569236946080607
232.39464186516193 -0.3989855787236054 -4.3995487979592935 0.013297386067754591 -3.7061191401534055 -7.5897383964174665
205.79930634548862 -1.5706815180458351 -4.584517087277277 0.1710891290408664 -3.7147013221948852 -7.921335053425701
198.21656390310767 -1.4230680030321505 -4.490923308089376 0.1944230903506793 -3.7090542270762317 -7.981238311519105
188.26811260515188 -1.53463481936983 -4.538271103989009 0.19538131593101526 -3.7281120280874713 -7.983776673604442
182.14465472358776 -1.971028763032124 -4.263859044144396 0.2264599440560413 -3.7633116240507345 -8.069805908357536
192.92402890832614 -1.576356115708023 -4.459361525027823 0.18685651425243185 -3.7097648943702715 -7.961417429551899
280.0775440576143 -1.704387932355977 -4.492962612165538 0.0036195553463612778 -3.7619869102296795 -7.572576921795211
229.687095836897 -0.528454015242382 -4.6444023060623865 0.08321432335104217 -3.6853281856177675 -7.72332929543603
262.1905565314549 -0.7456693277931161 -4.714740237006101 0.025192155942991564 -3.687385027511814 -7.611242718583984
220.11228221737292 -0.9177027038190937 -4.823999298767813 0.2122749404974149 -3.721691640498462 -8.029620061056818
288.00389601634754 -0.9991558420842548 -4.969579965388609 0.055545021013389304 -3.6944652851432416 -7.66830908939099
222.64356521395325 -0.06915025532403107 -4.779515954331047 0.1329022659505015 -3.7126874142405413 -7.83043885832345
143.93235670033457 -1.3337451346036124 -4.541626273110082 0.45412816666751515 -3.760407218172248 -9.143085772299184
170.57452174967165 -0.9403139610230147 -4.865941503396774 0.3619082398407185 -3.6875392878511413 -8.56662491146923
185.46869476769297 -1.1486891701705833 -4.863690620656328 0.2830207527466039 -3.705021408231564 -8.248333317622746
183.20897510759372 -1.2783967208180997 -4.952894660588952 0.3783663331169267 -3.7245545554068746 -8.648039735047792
181.04111634724177 -1.4082610490729452 -4.6515626872904425 0.3278066079681448 -3.7750897907319314 -8.41647421220627
176.04284825387128 -1.1369012662045028 -4.539475541878695 0.29872693414165935 -3.751836361929782 -8.304137216017342
163.87606387973935 -1.0766181050701085 -4.938639371186163 0.44217650962968286 -3.7077653609680423 -9.04681928859715
186.9829668226502 -1.5631181140162114 -4.837009915135852 0.3453935519078966 -3.7275655073869345 -8.491092996919031
164.71044494636737 -1.1135770950761796 -4.844446550830512 0.36204099500822545 -3.708599814017583 -8.567255801004919
152.84346463256358 -0.9945183382706517 -4.724160642490545 0.43770692690652585 -3.7314700695805065 -9.013072762290873
148.0061388087884 0.3143227757156253 -4.82821949548368 0.31123219325138185 -3.7747243437310054 -8.35090828122814
129.26896902446796 0.2087647972982447 -4.690849916834622 0.37334079178743756 -3.745567606958818 -8.622469110511137
136.69840880825112 0.15790734528069095 -4.743355419169817 0.3550276811665434 -3.733702024404138 -8.534459781381877
135.6620274106164 0.16475380376816995 -4.634530625041921 0.3379605282576159 -3.723896586533452 -8.458873981357648
146.19829606107493 -0.4336759375449528 -4.531380428257593 0.3792727481786842 -3.7255176919025392 -8.652722112188853
139.39948355778319 0.20676478290549527 -4.851594972603325 0.36045745217505076 -3.7564019813136227 -8.559756182570142
148.39185892414042 -0.2045009348672615 -4.675988195183314 0.4166363779660416 -3.781703712757003 -8.867731804953813
176.47915830656427 -0.510107830909863 -4.978334192537651 0.36963643568448407 -3.7067902281200666 -8.604030827251893
127.294160425663 -0.6541431546211243 -4.703983664512634 0.547476884651184 -3.741067710564839 -10.700275719586001
138.3877091376563 -0.5704022252652539 -4.607185655539594 0.3358928365409388 -3.7855609533592642 -8.450092922748324
134.8547362980808 -0.47291489968535116 -4.746857315902902 0.45763076525809354 -3.6778145374494686 -9.173147961772449
145.87570449481052 -0.12636055781707034 -4.896147253596554 0.3566600176308231 -3.7719484765249667 -8.541997522464357
141.74348946123985 -0.10981278739804345 -4.28093450114325 0.2613241147896594 -3.6773933397265184 -8.176034533382188
155.17175132436014 0.29438901542319096 -4.3493333977157445 0.1926860474825762 -3.7782034823267336 -7.976653206965209
150.09445526747248 -0.28449232898478494 -4.9485543747922405 0.3751878115424153 -3.738974430252315 -8.631791171836317
185.49449782864568 -0.02922871214410261 -4.744736872953944 0.23147963417587575 -3.7182187423846846 -8.084422500985804
131.41901835721322 -0.6931825579894051 -4.727039413121514 0.4579209813277092 -3.6954018751714193 -9.175679856522608
155.20804415605866 -0.266780121984993 -4.587849610284422 0.24958968574645662 -3.7282942805173542 -8.139006531345446
191.99502019600072 -1.737100444780979 -4.979232719966907 0.34013643860819676 -3.7193333136247184 -8.468198652346548
168.18353479083487 0.2765364771701142 -4.576954114243241 0.18008681745084779 -3.750191451495261 -7.944010963802996
172.90000453532858 -1.4079308469009775 -4.842295014760181 0.30976982126349056 -3.7837340329922657 -8.345324541588365
169.94244361642768 -1.1068641021583159 -4.316834013802396 0.203317742250018 -3.695064667420847 -8.005051879760034
159.2761495126337 -1.0682082977390845 -4.449260510341486 0.2294753297482617 -3.7799389455201755 -8.078560616900528
148.84996766664506 -1.3081630171909358 -4.205949276649897 0.30630105317755113 -3.714477427811702 -8.332203199539471
139.23715616382052 -1.4096499378925513 -4.241152623148057 0.36565289551551017 -3.715525856853896 -8.584575090795132
133.41520899088076 -1.4000018463629464 -4.154324797983936 0.28588683078926536 -3.7849198199588727 -8.258286918759152
156.16896257619743 -1.3079416924344738 -4.1420790255899975 0.24371135640574243 -3.7044402270380545 -8.120960489070404
132.89072183498718 -1.1952095483198986 -4.345387297263023 0.43830357063287734 -3.74213254710717 -9.017512256399328
151.76267791179004 -1.7606551392237304 -4.342786808882517 0.3852816354132269 -3.7839619957485713 -8.68433003736813
149.40078452001194 -1.9879197527730974 -4.641951055403397 0.39553273524010363 -3.77194344014516 -8.740671885054129
172.9227902432437 -1.6923683843135557 -4.313135525137847 0.26438538954353036 -3.741226216910113 -8.185924201293608
192.0957238646364 -0.6566177405329359 -4.193832514759143 0.04947695197794032 -3.687465713224542 -7.656637102162762
159.03423690408357 -0.5467487238022746 -4.044311565227354 0.10745664140686606 -3.7055383508357225 -7.774155830998236
147.18205501409975 -0.501213903432455 -3.7490703070588602 0.07637751614629926 -3.6973207061244557 -7.7094501636413435
148.91785570882735 0.241405963906685 -3.9025535323166802 0.061440369408007185 -3.7391649160804663 -7.679780833404556
175.44391438346833 -0.8221469972014233 -4.119171556237458 0.06182601345946053 -3.7415835562791493 -7.680535863025326
183.91878800917334 -0.7746931568561299 -4.101147470272119 0.11268369876980487 -3.7357552500164903 -7.7854618569222005
193.4808914831826 -0.6199704625151841 -4.056146985405699 0.03824636060112425 -3.6877910443510293 -7.635387907880587
176.39647103888913 -0.46541865391485393 -4.039927893547907 0.10892357156712675 -3.7348833409296254 -7.77731589156887
149.7716061472494 -0.22452782037658103 -4.0530212213961425 0.2172538695936378 -3.7470114624647155 -8.043542079964592
170.19325247098686 -0.8085936234605646 -4.221175445336365 0.23094682453358104 -3.783438574608535 -8.082860864379649
143.61378343250524 -0.5543768744235633 -3.909346768806956 0.15953747108169677 -3.6828957709916654 -7.892956741900136
204.93409840591073 -0.9790513644038712 -4.426377921856334 0.1023932956058248 -3.690663847631887 -7.763324460418262
207.10667361956956 -1.0116034052571314 -4.313026948851406 0.12636576302396796 -3.755172827797484 -7.815675706095014
200.2704742978431 -1.3953718808860178 -4.155430445136629 0.05056699056374738 -3.713832229790347 -7.658723788281595
125.26091940711461 -0.6204913025837102 -4.118894582053672 0.3018689578604028 -3.703395195679235 -8.315684569614893
170.87985177657134 -0.977675587212578 -4.540082980725642 0.28190413131660225 -3.69450463831068 -8.244482064897907
198.1822515600527 -0.24523634467755695 -4.338761749126313 0.056120534391766 -3.67722124425157 -7.6694232008039185
144.53732086109818 0.22976164412311917 -4.49076492642328 0.30399686349193444 -3.7759700271010477 -8.323581328713244
131.80004265311447 0.2973969349654748 -4.226218422124675 0.24719877023560805 -3.759215664725471 -8.131627260459258
155.39720188035443 0.11304078414002516 -4.454751482271336 0.17749761546727588 -3.7393816269593922 -7.937432813094316
194.56366879764573 -0.6965191019624677 -4.845657757168051 0.23491029106570896 -3.687195551132279 -8.094536401887938
160.45573061583158 -0.7624684783476217 -4.575087425435711 0.33798505395575323 -3.709983771333914 -8.4589786010316
171.92896858115324 -1.9593438801427514 -4.920589655740027 0.4051478352850389 -3.731966261837327 -8.796568777775203
173.8480658069759 -1.7119047355687629 -4.295409292087267 0.19962353651128428 -3.7239725269700963 -7.99509247328939
172.01643411230935 -0.28942228343494913 -4.111486013858394 0.07389886740664951 -3.6835028663291243 -7.704465558287064
166.41790221244213 -0.23779695475436702 -3.91565742213404 0.02005204421355968 -3.7040588870177142 -7.601893217316473
166.04849118531698 -1.9688696568002846 -3.8114014272349213 0.08157867843467467 -3.7728509851437195 -7.719991265323787
142.5258924643195 -1.6896739675543775 -3.561247260364527 0.1959864911972636 -3.7810598301001423 -7.985383123135325
159.99866478048284 -1.9112504203512812 -3.8418683510708327 0.19936315209503946 -3.7655399893502297 -7.994394216975521
137.3042589084507 -1.771203526799669 -3.8830356523799168 0.23441669701170442 -3.739163601444351 -8.093074924869171
130.39630527192685 -1.3832059522009348 -3.8744737974613006 0.26182289190861546 -3.7077593969718796 -8.177639213907689
177.4523610086061 -1.0182049350096423 -3.762345567319863 0.07133063579049818 -3.7818672458198295 -7.699326876671774
160.86648269241604 -1.1234376718745855 -3.9306479189326846 0.1130260871691083 -3.7061922415980426 -7.786206916351414
143.73226436020312 -1.807958645354112 -3.40456635229931 0.10544025177098916 -3.719510972635126 -7.76982835796405
180.28563368229263 -1.7669572026066178 -3.646032941607497 0.010616437284790064 -3.7158144480570017 -7.5849547636968655
163.7836308639518 -1.2044940364636432 -3.755132509859166 0.09423551536191377 -3.7011282523745574 -7.746116636268418
151.70857235360702 -1.1302339832161419 -3.3904971611876022 0.06513920464676544 -3.7431561801407858 -7.687046159093831
136.87235762497355 -0.9226533693238921 -3.9052726988537767 0.26558205397058804 -3.7208813438230917 -8.189816857677851
131.86375903068853 -1.1440778133030003 -3.5443315695897306 0.17296480106576706 -3.6970237822512884 -7.926019873060671
131.61585020336133 -1.6420132099250218 -3.400888509163085 0.13521170490458378 -3.7141577128911276 -7.835707436170944
