    0.172153596580028534E+03   -0.155356955528259277E+01   -0.435067772865295410E+01    0.301451361894607528E+00   -0.483492478543052613E+02   -0.485202009141426682E+01    1
    0.215450592339038849E+03   -0.187191736698150635E+01   -0.413024246692657471E+01    0.165004893136024483E+00   -0.459985153812748422E+02   -0.485983259141427482E+01    1
    0.294512605667114258E+03   -0.169725441932678223E+01   -0.453371405601501465E+01    0.174372794365882877E+00   -0.406880373992883833E+02   -0.486764509141427837E+01    1
    0.180468954145908356E+03    0.490760803222656250E-01   -0.388320147991180420E+01    0.187134758377075189E+00   -0.382884288082162527E+02   -0.487545759141427837E+01    1
    0.316646207869052887E+03   -0.547633171081542969E-01   -0.489956915378570557E+01    0.183913228797912609E+00   -0.360184030445278438E+02   -0.488327009141427215E+01    1
    0.270144455134868622E+03   -0.745544433593750000E-01   -0.472800970077514648E+01    0.286724320793151854E+00   -0.344034657452589130E+02   -0.489108259141427038E+01    1
    0.302488180994987488E+03   -0.188144940137863159E+01   -0.330179274082183838E+01    0.454155698776245106E-01   -0.315020760587539428E+02   -0.489889509141427659E+01    1
    0.163520477712154388E+03    0.351837217807769775E+00   -0.426153063774108887E+01    0.496765906763076803E+00   -0.311324175490775694E+02   -0.490670759141427038E+01    1
    0.127392289042472839E+03    0.623948037624359131E+00   -0.267389774322509766E+01    0.757583840131759723E-01   -0.308560052572058865E+02   -0.491452009141427393E+01    1
    0.197904264926910400E+03   -0.100372135639190674E+00   -0.338347852230072021E+01    0.224641948056221008E+00   -0.306446168118592936E+02   -0.492233259141426949E+01    1
    0.186489748954772949E+03   -0.139641284942626953E+00   -0.283049464225769043E+01    0.103895795989036560E+00   -0.304519450145299935E+02   -0.493014509141426949E+01    1
    0.195900614559650421E+03    0.452427387237548828E+00   -0.462301254272460938E+01    0.481409632945060728E+00   -0.296067008525558677E+02   -0.493795759141427482E+01    1
    0.188436120748519897E+03   -0.130969166755676270E+01   -0.273754894733428955E+01    0.228670156502723709E+00   -0.288435181658042232E+02   -0.494577009141427482E+01    1
    0.345768144726753235E+03   -0.267052650451660156E+00   -0.383772790431976318E+01    0.494834230899810837E-01   -0.288133694035449679E+02   -0.495358259141427215E+01    1
    0.263162410259246826E+03    0.279692411422729492E-01   -0.370931267738342285E+01    0.145159241938591005E+00   -0.287683911124683540E+02   -0.496139509141427393E+01    1
    0.257064220309257507E+03   -0.169231057167053223E+01   -0.264418721199035645E+01    0.327693331003189106E-01   -0.286774697185266518E+02   -0.496920759141427215E+01    1
    0.141609632968902588E+03   -0.986450254917144775E+00   -0.140717446804046631E+01    0.394639420509338423E-01   -0.278480819704152083E+02   -0.497702009141426860E+01    1
    0.272373732924461365E+03   -0.105665349960327148E+01   -0.406279981136322021E+01    0.367819156408309922E+00   -0.277411328352362254E+02   -0.498483259141426771E+01    1
    0.140910877287387848E+03   -0.477226257324218750E+00   -0.173133969306945801E+01    0.100754067707061773E+00   -0.274512483818770932E+02   -0.499264509141426949E+01    1
    0.259889176487922668E+03    0.242750167846679688E+00   -0.310835540294647217E+01    0.237674124240875272E-02   -0.265266126285643153E+02   -0.500045759141427038E+01    1
    0.317829625308513641E+03   -0.157334208488464355E-01   -0.374810934066772461E+01    0.103311359810829173E+00   -0.265221116507844847E+02   -0.500827009141427038E+01    1
    0.148360350728034973E+03    0.259562969207763672E+00   -0.366691052913665771E+01    0.568897545289993256E+00   -0.256649412780870350E+02   -0.501608259141426771E+01    1
    0.213370861113071442E+03    0.348511993885040283E+00   -0.321447193622589111E+01    0.174252870655059816E+00   -0.256128278157971963E+02   -0.502389509141427126E+01    1
    0.295982201397418976E+03   -0.102343595027923584E+01   -0.374363780021667480E+01    0.297231650805473313E+00   -0.251858553207856986E+02   -0.503170759141427926E+01    1
    0.327308873832225800E+03   -0.195897936820983887E+00   -0.319956243038177490E+01    0.984223959445953457E-02   -0.247968902062833507E+02   -0.503952009141427748E+01    1
    0.224864582717418671E+03    0.823709845542907715E+00   -0.409127712249755859E+01    0.183305114936828606E+00   -0.247591691810758476E+02   -0.504733259141427748E+01    1
    0.312197710573673248E+03   -0.122350817918777466E+01   -0.378302156925201416E+01    0.301596942114830013E+00   -0.245726447893108819E+02   -0.505514509141427215E+01    1
    0.210961084067821503E+03   -0.192743855714797974E+01   -0.194626629352569580E+01    0.109761310744285592E+00   -0.245232765530269710E+02   -0.506295759141426593E+01    1
    0.294781228899955750E+03   -0.776798427104949951E+00   -0.272966206073760986E+01    0.353769829273223868E-01   -0.237879035414067488E+02   -0.507077009141427304E+01    1
    0.323820620775222778E+03   -0.151184421777725220E+01   -0.434633135795593262E+01    0.505408329248428378E+00   -0.231671616769462112E+02   -0.507858259141427304E+01    1
    0.224754357337951660E+03   -0.183825796842575073E+01   -0.325003981590270996E+01    0.486457789993286149E+00   -0.228359746055246617E+02   -0.508639509141426860E+01    1
    0.173101489245891571E+03   -0.154396545886993408E+01   -0.116417348384857178E+01    0.481771587610244773E-01   -0.224594995151945724E+02   -0.509420759141426771E+01    1
    0.169677166640758514E+03   -0.165610986948013306E+01   -0.167072236537933350E+01    0.227618921971321109E+00   -0.222557630730303266E+02   -0.510202009141427126E+01    1
    0.322774854302406311E+03   -0.186920762062072754E+00   -0.301769673824310303E+01    0.477739899158477824E-01   -0.222080951188219657E+02   -0.510983259141427748E+01    1
    0.209587511420249939E+03   -0.583336949348449707E-01   -0.235492467880249023E+01    0.142331874132156366E+00   -0.219193710056777036E+02   -0.511764509141427038E+01    1
    0.242020997405052185E+03    0.181063294410705566E+00   -0.335590600967407227E+01    0.280300231075286899E+00   -0.218428361609223245E+02   -0.512545759141426505E+01    1
    0.282609806954860687E+03    0.441906332969665527E+00   -0.304324924945831299E+01    0.312344801902771016E-01   -0.214497981530989534E+02   -0.513327009141426593E+01    1
    0.252018448710441589E+03    0.364786386489868164E-02   -0.406003057956695557E+01    0.529146843981742832E+00   -0.207273369997699177E+02   -0.514108259141427038E+01    1
    0.274512647092342377E+03    0.628530323505401611E+00   -0.393319606781005859E+01    0.266973550915718061E+00   -0.195340573464103144E+02   -0.514889509141427304E+01    1
    0.311580252647399902E+03   -0.153060555458068848E-01   -0.399480164051055908E+01    0.429928140950202931E+00   -0.187636081736557294E+02   -0.515670759141427038E+01    1
    0.166688635945320129E+03    0.351289868354797363E+00   -0.215037465095520020E+01    0.264398074078559864E+00   -0.186312080586460311E+02   -0.516452009141426771E+01    1
    0.334929338097572327E+03   -0.104040521383285522E+01   -0.392245233058929443E+01    0.479496141815185573E+00   -0.184379792747099955E+02   -0.517233259141426593E+01    1
    0.289259231090545654E+03   -0.411978662014007568E+00   -0.288606286048889160E+01    0.275710138249397274E+00   -0.173572578943486775E+02   -0.518014509141426593E+01    1
    0.342930461466312408E+03    0.411484181880950928E+00   -0.434832990169525146E+01    0.453323875164985679E+00   -0.166860085328104120E+02   -0.518795759141426949E+01    1
    0.185730294883251190E+03   -0.131601202487945557E+01   -0.224932372570037842E+01    0.494627921175956720E+00   -0.166660126149947736E+02   -0.519577009141427038E+01    1
    0.275330613553524017E+03    0.840737044811248779E+00   -0.459367632865905762E+01    0.459830325007438701E+00   -0.166317745983127487E+02   -0.520358259141426593E+01    1
    0.220696362853050232E+03    0.948727607727050781E+00   -0.449605584144592285E+01    0.547711239123344407E+00   -0.165622019149375994E+02   -0.521139509141426771E+01    1
    0.253724843263626099E+03   -0.876918315887451172E+00   -0.256363749504089355E+01    0.359856017303466835E+00   -0.161535048933238023E+02   -0.521920759141426860E+01    1
    0.215932504832744598E+03   -0.100384777784347534E+01   -0.186342120170593262E+01    0.294348807621002184E+00   -0.158865895423470178E+02   -0.522702009141426593E+01    1
    0.198420523107051849E+03   -0.793279170989990234E+00   -0.161855340003967285E+01    0.265784446763992321E+00   -0.157988009773196065E+02   -0.523483259141426860E+01    1
    0.244500270485877991E+03   -0.187748348712921143E+01   -0.183471679687500000E+01    0.275311336469650281E+00   -0.157710794393577736E+02   -0.524264509141427393E+01    1
    0.284087918698787689E+03   -0.686721622943878174E+00   -0.209200084209442139E+01    0.170061101961135858E+00   -0.152028494594531693E+02   -0.525045759141427482E+01    1
    0.221397358179092407E+03   -0.190446794033050537E+01   -0.118336141109466553E+01    0.186201809906959531E+00   -0.151307205378819951E+02   -0.525827009141427659E+01    1
    0.202552962303161621E+03   -0.156185668706893921E+01   -0.163573324680328369E+01    0.370896265769004807E+00   -0.146254072151531744E+02   -0.526608259141428015E+01    1
    0.152717424929141998E+03   -0.171999830007553101E+01   -0.107049942016601562E-02    0.985446737766265957E-01   -0.145969571592534102E+02   -0.527389509141427659E+01    1
    0.185841593146324158E+03   -0.188394117355346680E+01   -0.107997536659240723E+01    0.291051912045478811E+00   -0.144539238792553686E+02   -0.528170759141427126E+01    1
    0.161877182126045227E+03   -0.170956397056579590E+01   -0.760673880577087402E+00    0.287232538032531737E+00   -0.144347533913168142E+02   -0.528952009141427393E+01    1
    0.309178227186203003E+03   -0.112767124176025391E+01   -0.340805709362030029E+01    0.554605811905860890E+00   -0.142499646171740402E+02   -0.529733259141427126E+01    1
    0.155503877997398376E+03    0.360984086990356445E+00   -0.182013809680938721E+01    0.394795133686065669E+00   -0.139912851356718893E+02   -0.530514509141426416E+01    1
    0.349412073194980621E+03   -0.138405734300613403E+01   -0.183482050895690918E+01    0.759610772609710660E-01   -0.139148963667704759E+02   -0.531295759141427038E+01    1
    0.210843053460121155E+03   -0.114203929901123047E+00   -0.196011543273925781E+01    0.339265133213996872E+00   -0.137710850964554652E+02   -0.532077009141427038E+01    1
    0.193763819336891174E+03   -0.177407431602478027E+01   -0.827165246009826660E+00    0.240370548319816607E+00   -0.132910308696386004E+02   -0.532858259141426416E+01    1
    0.330265499651432037E+03   -0.194584155082702637E+01   -0.207193255424499512E+01    0.251065866851806652E+00   -0.130853305409561003E+02   -0.533639509141427304E+01    1
    0.133816246688365936E+03   -0.944782495498657227E+00   -0.383684039115905762E+00    0.302531528234481817E+00   -0.130369277267636576E+02   -0.534420759141427837E+01    1
    0.130095352232456207E+03    0.732440352439880371E+00   -0.152410924434661865E+01    0.320996402049064655E+00   -0.124973989552257745E+02   -0.535202009141427126E+01    1
    0.317254774272441864E+03   -0.166233491897583008E+01   -0.305144786834716797E+01    0.559729642009735073E+00   -0.124244861615731388E+02   -0.535983259141427126E+01    1
    0.132383893430233002E+03    0.692331850528717041E+00   -0.509061813354492188E+00    0.439254452705383283E-01   -0.121969101730206990E+02   -0.536764509141427837E+01    1
    0.223200942575931549E+03   -0.627201616764068604E+00   -0.475124120712280273E+00    0.603736560344696107E-02   -0.119522626169564248E+02   -0.537545759141427215E+01    1
    0.309259162843227386E+03    0.812873899936676025E+00   -0.366017758846282959E+01    0.342153025817871104E+00   -0.116693245003193091E+02   -0.538327009141427126E+01    1
    0.255883136391639709E+03   -0.427946746349334717E+00   -0.178526401519775391E+01    0.281522190570831332E+00   -0.116274571253432271E+02   -0.539108259141427482E+01    1
    0.222613324224948883E+03   -0.136207771301269531E+01   -0.192075192928314209E+01    0.504162657952308635E+00   -0.115975808807599172E+02   -0.539889509141427748E+01    1
    0.138272508978843689E+03   -0.130486565828323364E+01   -0.115305185317993164E-01    0.273318453454971300E+00   -0.115289949110824939E+02   -0.540670759141427926E+01    1
    0.145892289280891418E+03    0.835478305816650391E-03   -0.474688410758972168E+00    0.234729800963401791E+00   -0.115282189038499929E+02   -0.541452009141427926E+01    1
    0.226050508022308350E+03   -0.191951370239257812E+01   -0.448948144912719727E+00    0.124952045488357547E+00   -0.113868538339357510E+02   -0.542233259141428015E+01    1
    0.339138488471508026E+03   -0.174103826284408569E+01   -0.168740034103393555E+01    0.187971324348449709E+00   -0.113848235253816910E+02   -0.543014509141427837E+01    1
    0.247706167399883270E+03    0.199441432952880859E+00   -0.256538927555084229E+01    0.508265618276596109E+00   -0.100541504428849322E+02   -0.543795759141427748E+01    1
    0.235523614287376404E+03   -0.114728552103042603E+01   -0.576993227005004883E+00    0.141386029171943678E+00   -0.990652675579226205E+01   -0.544577009141427748E+01    1
    0.133461149036884308E+03   -0.953080356121063232E+00   -0.303468704223632812E+00    0.440627007722854624E+00   -0.977865514485031539E+01   -0.545358259141427038E+01    1
    0.254507552087306976E+03   -0.154448956251144409E+01   -0.569626092910766602E+00    0.140085906028747570E+00   -0.956074975456679610E+01   -0.546139509141426327E+01    1
    0.348419991135597229E+03    0.663328588008880615E+00   -0.303868234157562256E+01    0.286946085834503206E+00   -0.920356911808880085E+01   -0.546920759141426149E+01    1
    0.317743687331676483E+03   -0.169203162193298340E+00   -0.177663505077362061E+01    0.231101997828483591E+00   -0.908607741378827072E+01   -0.547702009141426238E+01    1
    0.237555213272571564E+03   -0.125937342643737793E+01    0.153553485870361328E-01    0.291232087612152100E-01   -0.890092578784707911E+01   -0.548483259141427393E+01    1
    0.340295673906803131E+03    0.928085505962371826E+00   -0.300949871540069580E+01    0.209886213970184338E+00   -0.878728388374081781E+01   -0.549264509141427659E+01    1
    0.335811489820480347E+03   -0.192535877227783203E+00   -0.162279427051544189E+01    0.230437248587608334E+00   -0.770134660058420550E+01   -0.550045759141427482E+01    1
    0.304175665974617004E+03   -0.197950309514999390E+01   -0.182146191596984863E+01    0.517282721328735318E+00   -0.749241737485959547E+01   -0.550827009141427482E+01    1
    0.242990589141845703E+03   -0.118091773986816406E+01   -0.124794423580169678E+01    0.456375566840171831E+00   -0.740306645263383878E+01   -0.551608259141426771E+01    1
    0.329909785091876984E+03    0.739494740962982178E+00   -0.240239441394805908E+01    0.231324922871589678E+00   -0.710822647432167098E+01   -0.552389509141426327E+01    1
    0.172736386954784393E+03   -0.418756783008575439E+00   -0.416243076324462891E+00    0.405239243602752708E+00   -0.700797139938761227E+01   -0.553170759141427304E+01    1
    0.219282127916812897E+03    0.471400797367095947E+00   -0.161737501621246338E+01    0.434368627667427065E+00   -0.676902949759602635E+01   -0.553952009141427837E+01    1
    0.337038560211658478E+03    0.829187631607055664E+00   -0.205607175827026367E+01    0.127138546442985528E+00   -0.652038811971096521E+01   -0.554733259141427215E+01    1
    0.177990311384201050E+03   -0.538053929805755615E+00   -0.630041956901550293E+00    0.490287842845916755E+00   -0.641866706079092886E+01   -0.555514509141427126E+01    1
    0.260606077313423157E+03   -0.141762071847915649E+01   -0.303713083267211914E+00    0.232644117808341988E+00   -0.622884268383097961E+01   -0.556295759141427038E+01    1
    0.257035480439662933E+03    0.167410671710968018E+00   -0.761472582817077637E+00    0.202616073560714732E+00   -0.614490320596511275E+01   -0.557077009141426682E+01    1
    0.188975660502910614E+03   -0.137733966112136841E+01    0.782680511474609375E-01    0.370177235269546545E+00   -0.575110421511775449E+01   -0.557858259141426949E+01    1
    0.224378177523612976E+03    0.403063833713531494E+00   -0.423200726509094238E+00    0.201088828897476202E+00   -0.545753820992460348E+01   -0.558639509141427038E+01    1
    0.272672195732593536E+03   -0.170528709888458252E+00   -0.437142848968505859E+00    0.186206586384773248E+00   -0.535014512978054846E+01   -0.559420759141427038E+01    1
    0.151915471255779266E+03   -0.119657182693481445E+01    0.727231502532958984E+00    0.363701661944389354E+00   -0.514835396978812554E+01   -0.560202009141427748E+01    1
    0.307066081464290619E+03   -0.127036654949188232E+01   -0.433887839317321777E+00    0.259457319545745857E+00   -0.463188660972653921E+01   -0.560983259141427482E+01    1
    0.214315655827522278E+03   -0.142280828952789307E+01    0.178599357604980469E-01    0.401768654823303262E+00   -0.457585405747611063E+01   -0.561764509141427304E+01    1
    0.215721750259399414E+03   -0.133694005012512207E+01   -0.268982052803039551E+00    0.477573438906669645E+00   -0.451579573746097118E+01   -0.562545759141427126E+01    1
    0.308788743615150452E+03   -0.128495150804519653E+01   -0.118309199810028076E+01    0.485956771588325509E+00   -0.440075880251694951E+01   -0.563327009141427126E+01    1
    0.246005915105342865E+03    0.848750948905944824E+00   -0.135262012481689453E+01    0.318495438265800512E+00   -0.428493216252092157E+01   -0.564108259141427304E+01    1
    0.266478143632411957E+03   -0.109389257431030273E+01    0.217177271842956543E+00    0.192797886943817137E+00   -0.422070695506881854E+01   -0.564889509141427038E+01    1
    0.133505687117576599E+03   -0.117504870891571045E+01    0.154073476791381836E+01    0.301624372744560276E+00   -0.408768047935082723E+01   -0.565670759141426860E+01    1
    0.185573922097682953E+03   -0.788888752460479736E+00    0.137714207172393799E+01    0.978564856767654423E-01   -0.391536166355978743E+01   -0.566452009141426682E+01    1
    0.311007480323314667E+03   -0.697330832481384277E+00   -0.520704984664916992E+00    0.299550289607048048E+00   -0.376350290490998507E+01   -0.567233259141426682E+01    1
    0.162585432827472687E+03    0.698036193847656250E+00    0.684873461723327637E+00    0.117642362666130068E+00   -0.370260444438703429E+01   -0.568014509141426771E+01    1
    0.262989836931228638E+03    0.254334986209869385E+00   -0.147442877292633057E+01    0.567428607773780791E+00   -0.366454797538118671E+01   -0.568795759141426771E+01    1
    0.175336198508739471E+03   -0.288242638111114502E+00    0.556029081344604492E+00    0.356153018760681173E+00   -0.363298560538584026E+01   -0.569577009141426771E+01    1
    0.285269324481487274E+03    0.583582222461700439E+00   -0.288847684860229492E+00    0.114047994875907902E+00   -0.321994608590126763E+01   -0.570358259141427038E+01    1
    0.345955644547939301E+03   -0.145308792591094971E+00   -0.942962765693664551E+00    0.373008970141410823E+00   -0.303640136166187435E+01   -0.571139509141427126E+01    1
    0.196176399290561676E+03   -0.570239365100860596E+00    0.810378789901733398E+00    0.302532347059249862E+00   -0.302968732985919242E+01   -0.571920759141427038E+01    1
    0.156332921981811523E+03    0.772443711757659912E+00    0.843881368637084961E+00    0.148239319539070130E+00   -0.302141218750785701E+01   -0.572702009141427482E+01    1
    0.258921864628791809E+03    0.897809088230133057E+00   -0.919882059097290039E+00    0.283207980179786711E+00   -0.301703262098274516E+01   -0.573483259141427482E+01    1
    0.275355061888694763E+03   -0.852156162261962891E+00    0.105935692787170410E+01    0.512381304502487200E-01   -0.276304486578819919E+01   -0.574264509141427038E+01    1
    0.143904705345630646E+03   -0.861845552921295166E+00    0.210082948207855225E+01    0.193767000174522419E+00   -0.274732346717283393E+01   -0.575045759141426860E+01    1
    0.199956691265106201E+03   -0.137780886888504028E+01    0.332951545715332031E+00    0.531850023365020741E+00   -0.273746608583499107E+01   -0.575827009141427304E+01    1
    0.210657954216003418E+03   -0.490715086460113525E+00    0.108837187290191650E+01    0.204911921739578257E+00   -0.268016609331286482E+01   -0.576608259141427304E+01    1
    0.210600206255912781E+03   -0.449279785156250000E+00    0.673264861106872559E+00    0.333824588513374321E+00   -0.256615512367475151E+01   -0.577389509141427215E+01    1
    0.128547650575637817E+03   -0.153673386573791504E+01    0.182334959506988525E+01    0.436587983965873727E+00   -0.254802180038461312E+01   -0.578170759141427126E+01    1
    0.276826642453670502E+03    0.277164340019226074E+00    0.872455835342407227E+00    0.392592358589172359E-02   -0.234407689122437635E+01   -0.578952009141427215E+01    1
    0.296074295043945312E+03    0.180451214313507080E+00    0.832400918006896973E+00    0.502683348655700701E-02   -0.225227793843435276E+01   -0.579733259141427038E+01    1
    0.180353739857673645E+03    0.224246144294738770E+00    0.127238929271697998E+01    0.192019150471687328E+00   -0.225116999374803362E+01   -0.580514509141426771E+01    1
    0.185387052595615387E+03   -0.667017757892608643E+00    0.155088841915130615E+01    0.228080909729003911E+00   -0.216381592015784996E+01   -0.581295759141427393E+01    1
    0.256341311335563660E+03   -0.802284955978393555E+00    0.363928079605102539E-01    0.467344509315490764E+00   -0.212069554697434048E+01   -0.582077009141427482E+01    1
    0.317210987210273743E+03   -0.924512147903442383E+00    0.110844016075134277E+01    0.368354463100433391E-01   -0.205908664435376298E+01   -0.582858259141427570E+01    1
    0.210625325143337250E+03    0.571359932422637939E+00   -0.564771890640258789E-01    0.404128473687171974E+00   -0.205717857557928285E+01   -0.583639509141427126E+01    1
    0.166197946365111505E+03   -0.190951104235943392E+01    0.301381572572519296E+01    0.165508237903902768E-01   -0.199762080198723102E+01   -0.584420759141426860E+01    1
    0.191089831292629242E+03    0.990242838859558105E+00    0.189995765686035156E+00    0.305591612863540640E+00   -0.198072058568277254E+01   -0.585202009141427393E+01    1
    0.224573348462581635E+03    0.991149425506591797E+00   -0.154256820678710938E-01    0.264295482158660888E+00   -0.194096803840824217E+01   -0.585983259141427748E+01    1
    0.234635816514492035E+03   -0.142505043745040894E+01    0.976019501686096191E+00    0.370047690367698690E+00   -0.171734246375069244E+01   -0.586764509141427215E+01    1
    0.295322512090206146E+03   -0.194317150115966797E+01    0.184036910533905029E+01    0.354429665565490701E-01   -0.157610495640680215E+01   -0.587545759141427215E+01    1
    0.289794211089611053E+03   -0.373421370983123779E+00    0.249379873275756836E-01    0.451785132837295544E+00   -0.143969552266417145E+01   -0.588327009141427304E+01    1
    0.185715931653976440E+03   -0.866280853748321533E+00    0.159394145011901855E+01    0.346323641538619997E+00   -0.142571750285383825E+01   -0.589108259141427215E+01    1
    0.173096768558025360E+03    0.467616915702819824E+00    0.553585290908813477E+00    0.531750433802604672E+00   -0.127801078237064303E+01   -0.589889509141427570E+01    1
    0.235349132341748714E+03   -0.156519110082448520E+01    0.213562625700128184E+01    0.133776483896081377E+00   -0.122135669307060546E+01   -0.590670759141427304E+01    1
    0.236436718702316284E+03   -0.778353214263916016E+00    0.966634750366210938E+00    0.400144822955131541E+00   -0.120860238195147573E+01   -0.591452009141427748E+01    1
    0.223020222632861618E+03   -0.163467951457555993E+01    0.252070173079176740E+01    0.767551055098744939E-01   -0.118504405800084989E+01   -0.592233259141427659E+01    1
    0.248909473419189453E+03    0.452733159065246582E+00    0.970449447631835938E+00    0.199588161921501167E+00   -0.113703935786458699E+01   -0.593014509141427659E+01    1
    0.290134835508638560E+03   -0.987753503403856703E+00    0.115723202950174020E+01    0.253044117813242986E+00   -0.109423634195044706E+01   -0.593795759141427748E+01    1
    0.170454779267311096E+03    0.851292788982391357E+00    0.932247042655944824E+00    0.383657752132415764E+00   -0.106801898931231265E+01   -0.594577009141426949E+01    1
    0.128444170951843262E+03   -0.789509415626525879E-01    0.356698274612426758E+01    0.222120547771453881E-01   -0.106233795052302882E+01   -0.595358259141426593E+01    1
    0.314890447258949280E+03   -0.577814280986785889E+00   -0.155594348907470703E+00    0.530038339447975182E+00   -0.106232867998717717E+01   -0.596139509141426860E+01    1
    0.213484103977680206E+03    0.632042586803436279E+00    0.177896142005920410E+01    0.342614024162292488E-01   -0.105314039390816516E+01   -0.596920759141426593E+01    1
    0.127998991310596466E+03   -0.190142560005187988E+01    0.426002204418182373E+01    0.251008003234863275E-01   -0.912606680073690724E+00   -0.597702009141426682E+01    1
    0.223616832494735718E+03   -0.432872712612152100E+00    0.189563035964965820E+01    0.208673500370979315E+00   -0.909894067844590371E+00   -0.598483259141427570E+01    1
    0.286192286014556885E+03   -0.187844532728195190E+01    0.181463479995727539E+01    0.190799067449569704E+00   -0.900877198167850057E+00   -0.599264509141427126E+01    1
    0.216503708064556122E+03    0.389004051685333252E+00    0.951006412506103516E+00    0.384989127087593086E+00   -0.883454897391011906E+00   -0.600045759141427215E+01    1
    0.166453902423381805E+03   -0.169883406162261963E+01    0.334341824054718018E+01    0.117413808202743539E+00   -0.844851354854984748E+00   -0.600827009141427126E+01    1
    0.267373263835906982E+03    0.443569302558898926E+00    0.567036867141723633E-01    0.488572916722297690E+00   -0.810010363408845802E+00   -0.601608259141427038E+01    1
    0.316237224032493941E+03   -0.495290693635912493E+00    0.462157260415596127E+00    0.406324944039663960E+00   -0.805877579099020247E+00   -0.602389509141427926E+01    1
    0.248601046204566956E+03   -0.151083928346633911E+01    0.115839838981628418E+01    0.482648412466049226E+00   -0.749816425645786877E+00   -0.603170759141427570E+01    1
    0.158513034880161285E+03   -0.181857573986053467E+01    0.382261931896209717E+01    0.450410940170288127E-01   -0.743021179738219795E+00   -0.603952009141427215E+01    1
    0.172530460357666016E+03    0.389511704444885254E+00    0.141462981700897217E+01    0.456354277396202102E+00   -0.695926718016716683E+00   -0.604733259141427837E+01    1
    0.282952606678009033E+03   -0.526978194713592529E+00    0.143050849437713623E+01    0.254347341227531443E+00   -0.666721084156893573E+00   -0.605514509141427748E+01    1
    0.148508542776107788E+03   -0.992337524890899658E+00    0.287431478500366211E+01    0.321878344559669516E+00   -0.660502166273549962E+00   -0.606295759141427126E+01    1
    0.315358452498912811E+03    0.505239009857177734E+00    0.903194546699523926E+00    0.163855809044837958E+00   -0.647528341191855428E+00   -0.607077009141427482E+01    1
    0.269510903954505920E+03    0.354690551757812500E+00    0.164973139762878418E+00    0.528911909508705147E+00   -0.631857829883601840E+00   -0.607858259141427482E+01    1
    0.266808444261550903E+03   -0.149443703889846802E+01    0.235779881477355957E+01    0.130005763721466078E+00   -0.608219776582421878E+00   -0.608639509141426860E+01    1
    0.320105305314064026E+03   -0.614661574363708496E+00    0.133229434490203857E+01    0.227355021572113042E+00   -0.596994917054949448E+00   -0.609420759141427393E+01    1
    0.144823323900004027E+03   -0.112116619450457478E-01    0.197530266213472139E+01    0.543417197177814226E+00   -0.527241736013315254E+00   -0.610202009141427393E+01    1
    0.152071388065814972E+03   -0.102014309167861938E+01    0.322724759578704834E+01    0.254545872116088867E+00   -0.514142358463336002E+00   -0.610983259141426860E+01    1
    0.254141376912593842E+03   -0.788016676902770996E+00    0.266185283660888672E+01    0.520201422214508075E-01   -0.512320230417847133E+00   -0.611764509141427482E+01    1
    0.193659977614879608E+03   -0.161502933502197266E+01    0.186616837978363037E+01    0.539040908360481241E+00   -0.509319297189949505E+00   -0.612545759141427215E+01    1
    0.283100356161594391E+03    0.145952641963958740E+00    0.222978770732879639E+01    0.952688970565795934E-02   -0.464926521873666232E+00   -0.613327009141427215E+01    1
    0.143928469717502594E+03    0.711362123489379883E+00    0.234721302986145020E+01    0.330757305049896255E+00   -0.423939816497808153E+00   -0.614108259141427126E+01    1
    0.146067611873149872E+03   -0.182760834693908691E+00    0.235112607479095459E+01    0.512093487596511854E+00   -0.385677993489689896E+00   -0.614889509141426327E+01    1
    0.287512549757957458E+03   -0.848244607448577881E+00    0.198097407817840576E+01    0.223888185739517215E+00   -0.380433356938585931E+00   -0.615670759141427038E+01    1
    0.236415663361549377E+03   -0.112515854835510254E+01    0.196592688560485840E+01    0.385711978769302355E+00   -0.371422672551889377E+00   -0.616452009141426771E+01    1
    0.256979212742195841E+03   -0.166746990563460384E+01    0.199840572927128779E+01    0.365311695924863455E+00   -0.370730833128061821E+00   -0.617233259141426593E+01    1
    0.172429114232371546E+03    0.565914391550561113E+00    0.187231339656979578E+01    0.404643830853256725E+00   -0.359606194493496512E+00   -0.618014509141427659E+01    1
    0.318268233537673950E+03   -0.958755373954772949E+00    0.136471569538116455E+01    0.345152005648612981E+00   -0.355209172282218821E+00   -0.618795759141427215E+01    1
    0.290809400379657745E+03   -0.216480851173400879E+00    0.258577585220336914E+01    0.562863557338714581E-02   -0.341654285341887909E+00   -0.619577009141426949E+01    1
    0.192749392235273774E+03   -0.137047808650730985E+01    0.346665912468116844E+01    0.132798565537979696E+00   -0.338041251383280783E+00   -0.620358259141426771E+01    1
    0.340911227464675903E+03   -0.907011806964874268E+00    0.994227528572082520E+00    0.422139377403259297E+00   -0.312628179589618527E+00   -0.621139509141426327E+01    1
    0.214716994762420654E+03   -0.375367581844329834E+00    0.239548504352569580E+01    0.310476857900619518E+00   -0.283217484255280649E+00   -0.621920759141426949E+01    1
    0.279584007306360718E+03    0.831828561677911971E-01    0.200845870351820821E+01    0.177302110533259283E+00   -0.281199509819024529E+00   -0.622702009141427304E+01    1
    0.247794224321842194E+03   -0.180348438024520874E+01    0.216843187808990479E+01    0.403868257999420166E+00   -0.275427232509706632E+00   -0.623483259141427393E+01    1
    0.184807440638542175E+03   -0.197531545162200928E+01    0.290153324604034424E+01    0.401756986570358299E+00   -0.269992422624199202E+00   -0.624264509141427482E+01    1
    0.162424464948018510E+03    0.929497667438714092E+00    0.199216188738933742E+01    0.423271572621135628E+00   -0.263663544151724605E+00   -0.625045759141427126E+01    1
    0.309179635345935822E+03   -0.176100963354110718E+01    0.292992413043975830E+01    0.426650351285934454E-01   -0.253061872599953774E+00   -0.625827009141426860E+01    1
    0.290242421627044678E+03   -0.189096552133560181E+01    0.280527412891387939E+01    0.148499432873725884E+00   -0.236742507751006942E+00   -0.626608259141427304E+01    1
    0.217823708331181933E+03   -0.183779846922497714E+01    0.319073546118628748E+01    0.231892254004234993E+00   -0.231787957319146670E+00   -0.627389509141427126E+01    1
    0.266951982676982880E+03    0.581465959548950195E-01    0.187775850296020508E+01    0.284859140324592586E+00   -0.225235221925585954E+00   -0.628170759141427304E+01    1
    0.202264553963576674E+03   -0.119444389965418374E+01    0.244136908591009849E+01    0.452029728362878469E+00   -0.222892130173202058E+00   -0.628952009141427304E+01    1
    0.344604664175990251E+03   -0.323389267724175866E+00    0.145086051415368456E+01    0.310958028985694079E+00   -0.195361087119118898E+00   -0.629733259141426682E+01    1
    0.236654157246944720E+03   -0.797091588267402118E+00    0.265043667634009772E+01    0.274251146468169338E+00   -0.183755305534383628E+00   -0.630514509141426771E+01    1
    0.333591749702281163E+03    0.907471589209946305E+00    0.537903538679246118E+00    0.413529777187409575E+00   -0.179836033694442149E+00   -0.631295759141427393E+01    1
    0.343731395900249481E+03    0.446379184722900391E+00    0.301253199577331543E+00    0.532640462207794263E+00   -0.175134417850254409E+00   -0.632077009141427393E+01    1
    0.179411912212194750E+03   -0.147397366396075258E+00    0.277993236330920990E+01    0.368729984308684922E+00   -0.169240519425009728E+00   -0.632858259141427215E+01    1
    0.343002958244575780E+03   -0.603038330837739389E+00    0.220935962496406191E+01    0.163557513184196313E+00   -0.152854437699774165E+00   -0.633639509141427126E+01    1
    0.187099951505661011E+03   -0.183267450332641602E+01    0.265960395336151123E+01    0.553575662112236078E+00   -0.142636573929475485E+00   -0.634420759141426949E+01    1
    0.338391044498688757E+03    0.748180432411693630E-02    0.203238640143056770E+01    0.161443430446140679E+00   -0.142349048994509148E+00   -0.635202009141426949E+01    1
    0.231056328117847443E+03   -0.763472497463226318E+00    0.299042940139770508E+01    0.237119370460510265E+00   -0.134132114821319537E+00   -0.635983259141426771E+01    1
    0.265540108084678650E+03    0.680938363075256348E+00    0.247224092483520508E+01    0.952996712207794250E-01   -0.132165468739016412E+00   -0.636764509141426682E+01    1
    0.321135284838734833E+03   -0.292913840475400367E+00    0.277608435273019349E+01    0.409002833550927286E-01   -0.127419659830518756E+00   -0.637545759141426593E+01    1
    0.210813718642758488E+03   -0.144007770272224023E+01    0.232559489251997764E+01    0.562970535629270130E+00   -0.125281167618479072E+00   -0.638327009141426771E+01    1
    0.348986795544624329E+03    0.471366286277770996E+00    0.189461588859558105E+01    0.127483612847328204E+00   -0.122542508275506501E+00   -0.639108259141427304E+01    1
    0.302709020674228668E+03   -0.440738737583160400E+00    0.235049664974212646E+01    0.219402049541473410E+00   -0.120289579965307203E+00   -0.639889509141427215E+01    1
    0.298041073505278064E+03    0.830218409012761782E-03    0.299206248789254659E+01    0.330095634192879720E-02   -0.118521820443782622E+00   -0.640670759141427126E+01    1
    0.220711584389209747E+03    0.560644507408142090E+00    0.229629933834075928E+01    0.310268501114845274E+00   -0.117474765155655247E+00   -0.641452009141427126E+01    1
    0.184732258319854736E+03    0.292967379093170166E+00    0.379017651081085205E+01    0.387783127784728995E-01   -0.117418764566959655E+00   -0.642233259141426949E+01    1
    0.165851947665214539E+03   -0.103532528877258301E+01    0.324502527713775635E+01    0.440808343291282656E+00   -0.113665879309441470E+00   -0.643014509141427215E+01    1
    0.160399150848388672E+03   -0.999983429908752441E+00    0.358663320541381836E+01    0.359955402159690852E+00   -0.112667714767993032E+00   -0.643795759141427748E+01    1
    0.340292554909590876E+03    0.493476407137209527E+00    0.109645542407145946E+01    0.371893376708938683E+00   -0.111550568929246627E+00   -0.644577009141427570E+01    1
    0.140113218094815238E+03   -0.630274831780317513E+00    0.402626913562915867E+01    0.293820785322223055E+00   -0.110567751553523150E+00   -0.645358259141426771E+01    1
    0.184265500307083130E+03   -0.101917552947998047E+01    0.285804152488708496E+01    0.476400643014907865E+00   -0.106997185720864640E+00   -0.646139509141426860E+01    1
    0.251696339440749881E+03   -0.180386731912435483E+01    0.364892396122222706E+01    0.113184799465216437E+00   -0.105583692678379054E+00   -0.646920759141426949E+01    1
    0.195151346406084201E+03   -0.839685122287031183E+00    0.401405077158000978E+01    0.101373905872594552E+00   -0.104914076699518521E+00   -0.647702009141426327E+01    1
    0.340413208305835724E+03   -0.182422035932540894E+01    0.238216698169708252E+01    0.301323147583007822E+00   -0.822532811497695693E-01   -0.648483259141426416E+01    1
    0.342678789794445038E+03   -0.101669269800186157E+01    0.284800767898559570E+01    0.105670325732231146E+00   -0.815994257869389894E-01   -0.649264509141426593E+01    1
    0.166955570557873045E+03    0.952404330216492845E+00    0.338650392457692107E+01    0.197783407136475742E+00   -0.809521678036908415E-01   -0.650045759141426771E+01    1
    0.150963153065140034E+03   -0.193793792244580887E+01    0.360038378487575272E+01    0.526599023553929624E+00   -0.778525825540319766E-01   -0.650827009141426682E+01    1
    0.333132006321997892E+03   -0.143749997970976473E+01    0.250577622474470108E+01    0.258310892151411786E+00   -0.758053561186896596E-01   -0.651608259141426682E+01    1
    0.168113629819328878E+03   -0.932034835770855663E+00    0.379973549108013131E+01    0.317169663081399933E+00   -0.751659803610798261E-01   -0.652389509141426860E+01    1
    0.248598055541515350E+03   -0.121117126941680908E+01    0.335278630256652832E+01    0.207086754441261289E+00   -0.729286755589816649E-01   -0.653170759141427215E+01    1
    0.314847924491674689E+03   -0.932890583860079392E+00    0.319770947703463548E+01    0.652438733992628667E-01   -0.722922445416534221E-01   -0.653952009141427570E+01    1
    0.233898752502158857E+03   -0.198667626253138141E+01    0.331614131614828622E+01    0.325136982279615683E+00   -0.690966945900743923E-01   -0.654733259141427926E+01    1
    0.310686364893670770E+03    0.750060596610347297E+00    0.175818064260417906E+01    0.279228467398703439E+00   -0.687809056763268034E-01   -0.655514509141427837E+01    1
    0.204698370261560797E+03   -0.478292132884087007E+00    0.311964518549118708E+01    0.351557814065902974E+00   -0.679097580779625953E-01   -0.656295759141427215E+01    1
    0.204547669727354560E+03    0.939547180958747230E+00    0.243535514799057928E+01    0.365482691625027389E+00   -0.667987868832252557E-01   -0.657077009141427215E+01    1
    0.324108738652975489E+03    0.880669175652018854E+00    0.149128736018007402E+01    0.322663033383091602E+00   -0.666986508069744577E-01   -0.657858259141427482E+01    1
    0.223753301293269857E+03    0.739242152744764347E+00    0.347656586399154577E+01    0.291191805368049041E-01   -0.643730344345199296E-01   -0.658639509141427038E+01    1
    0.304607890546321869E+03   -0.240663826465606689E+00    0.264683604240417480E+01    0.195368519067764285E+00   -0.634019030698584618E-01   -0.659420759141426860E+01    1
    0.188702011336274779E+03   -0.105691410429371579E+01    0.344885722940256656E+01    0.369568327634042959E+00   -0.622129022987450014E-01   -0.660202009141426860E+01    1
    0.272989504103994136E+03   -0.161280754174399155E+01    0.335767626810747899E+01    0.192517036931385055E+00   -0.612476311338562146E-01   -0.660983259141427215E+01    1
    0.225754137337207794E+03   -0.113499635457992554E+01    0.290286719799041748E+01    0.417841468548774742E+00   -0.612126993652940335E-01   -0.661764509141427659E+01    1
    0.310733242690879479E+03    0.681102122212068117E+00    0.228087264150928348E+01    0.156244774182227181E+00   -0.606191930390773751E-01   -0.662545759141427837E+01    1
    0.214522628486156464E+03    0.743683278560638428E+00    0.358226299285888672E+01    0.453296273946762127E-01   -0.565343998722861452E-01   -0.663327009141427837E+01    1
    0.199512345473008850E+03    0.693314261004854160E+00    0.276261804555855139E+01    0.337253274708173678E+00   -0.558531921773506371E-01   -0.664108259141427570E+01    1
    0.334318505227565765E+03    0.862719893455505371E+00    0.144457638263702393E+01    0.344713081455230719E+00   -0.532545171838511022E-01   -0.664889509141427126E+01    1
    0.256710243359742776E+03   -0.165451544794345140E+01    0.409999420447618412E+01    0.504596600429271167E-01   -0.515547948332644307E-01   -0.665670759141426949E+01    1
    0.185918472266016465E+03   -0.284776347000278207E+00    0.455145839065880509E+01    0.100827403558141210E-01   -0.506668011822009115E-01   -0.666452009141427482E+01    1
    0.248345710378426929E+03   -0.513087611814842859E+00    0.316760518632657373E+01    0.244560145852787986E+00   -0.504613263366151948E-01   -0.667233259141427837E+01    1
    0.178305803914724265E+03   -0.167887239386268283E+01    0.476194372726457793E+01    0.105730480072863522E+00   -0.486965248784217153E-01   -0.668014509141427837E+01    1
    0.223314774832133708E+03   -0.113598634770399132E+01    0.303300192484489095E+01    0.434091184364759963E+00   -0.422281101182166232E-01   -0.668795759141427659E+01    1
    0.184703062474727631E+03   -0.123495727777481079E+01    0.438230812549591064E+01    0.177644101667404186E+00   -0.400666042026975727E-01   -0.669577009141427304E+01    1
    0.145127082065378062E+03    0.933739183908062209E-01    0.324158914798292486E+01    0.546949450933486347E+00   -0.396556237532365019E-01   -0.670358259141426682E+01    1
    0.206776294973574807E+03    0.525475558931109088E+00    0.377058031041597985E+01    0.877753559997972999E-01   -0.394227129295717793E-01   -0.671139509141426149E+01    1
    0.290865954756736755E+03   -0.130158746242523193E+01    0.263152956962585449E+01    0.388726072740554818E+00   -0.394027815255900624E-01   -0.671920759141426238E+01    1
    0.218942551149751750E+03    0.489724024510040490E+00    0.368562342191517089E+01    0.929637354878956046E-01   -0.354441441330422546E-01   -0.672702009141426149E+01    1
    0.208518784446766261E+03   -0.186248507734357749E+01    0.440486459008633346E+01    0.166678268860961210E+00   -0.353915566656972796E-01   -0.673483259141427038E+01    1
    0.253354483842849731E+03   -0.132449084520339966E+01    0.347156286239624023E+01    0.259255786299705526E+00   -0.345326938547509607E-01   -0.674264509141428192E+01    1
    0.130787751078605652E+03   -0.823664844036102295E+00    0.489337325096130371E+01    0.254583401584625280E+00   -0.343344791740748528E-01   -0.675045759141427837E+01    1
    0.314706934113656871E+03    0.630762103598025980E+00    0.218447180657411089E+01    0.266390478711844125E+00   -0.311580566627142376E-01   -0.675827009141426771E+01    1
    0.229098208571723092E+03    0.248246250078670183E+00    0.395311527883055902E+01    0.465549710484347845E-01   -0.283345095414276639E-01   -0.676608259141426949E+01    1
    0.240717954807999490E+03   -0.133474747400129479E+01    0.285090996966020960E+01    0.498363434458188759E+00   -0.271121531516726050E-01   -0.677389509141427126E+01    1
    0.169108549303206246E+03   -0.144349923200005481E+01    0.447261557619194683E+01    0.286977115867137977E+00   -0.266957783105465085E-01   -0.678170759141426238E+01    1
    0.348774619400501251E+03    0.550628602504730225E+00    0.292952120304107666E+01    0.259383898258209247E-01   -0.266700761917835170E-01   -0.678952009141426061E+01    1
    0.238495783507823944E+03   -0.992922782897949219E-01    0.399277389049530029E+01    0.686277849912643456E-01   -0.265480698667095380E-01   -0.679733259141426327E+01    1
    0.281682932346767416E+03    0.259982292124157688E+00    0.338859993193232789E+01    0.759098142111496732E-01   -0.262786130376409452E-01   -0.680514509141427482E+01    1
    0.156065822002202054E+03    0.880265035680176666E+00    0.337311113177106847E+01    0.405493560131728881E+00   -0.261280455992238224E-01   -0.681295759141427570E+01    1
    0.197059132693246113E+03   -0.155437535601782817E+01    0.338740321002456035E+01    0.509749531759395080E+00   -0.260033636653660069E-01   -0.682077009141426860E+01    1
    0.156014207245878055E+03    0.810675890170358571E+00    0.361054084737503089E+01    0.347130948502187731E+00   -0.252300137601623974E-01   -0.682858259141427482E+01    1
    0.188772292087823871E+03   -0.156395120622372175E+01    0.349827457739306169E+01    0.508441765548278912E+00   -0.243982746570800026E-01   -0.683639509141427926E+01    1
    0.253287281481821395E+03   -0.185221610910993073E+01    0.353544769791638736E+01    0.326371775671860875E+00   -0.234601470075967537E-01   -0.684420759141426682E+01    1
    0.153595808148384094E+03    0.829081594944000244E+00    0.344328761100769043E+01    0.422429753136634833E+00   -0.219075525413684399E-01   -0.685202009141426238E+01    1
    0.245364948459534162E+03   -0.129022412432002653E+01    0.296585911590528628E+01    0.473979044490031032E+00   -0.217816964599924986E-01   -0.685983259141427304E+01    1
    0.330151859855138696E+03    0.567707234770895131E+00    0.210328107041823742E+01    0.314969477222328764E+00   -0.203997303614669306E-01   -0.686764509141426860E+01    1
    0.297987876832485199E+03   -0.133656847476959229E+01    0.367974400520324707E+01    0.152168313717842119E+00   -0.197337997628587412E-01   -0.687545759141427038E+01    1
    0.305042518290224052E+03    0.445369474944399713E+00    0.291399750579194894E+01    0.158931759088582564E+00   -0.197292853783060280E-01   -0.688327009141427482E+01    1
    0.224143500112686127E+03   -0.905541729237590465E+00    0.363183098107415425E+01    0.325543832813002643E+00   -0.195852814595983832E-01   -0.689108259141427215E+01    1
    0.296976241469383240E+03    0.881761610507965088E+00    0.306841909885406494E+01    0.945739536523819008E-01   -0.193071350674905613E-01   -0.689889509141426771E+01    1
    0.237742404343260489E+03   -0.466166637363785386E+00    0.281812300775808389E+01    0.479575685062990198E+00   -0.186774935820555009E-01   -0.690670759141425794E+01    1
    0.162720949083316668E+03   -0.114919410874952699E+01    0.444631147893513301E+01    0.334823061679733747E+00   -0.184903597690452247E-01   -0.691452009141426860E+01    1
    0.136331542906310688E+03    0.473418422062733324E+00    0.366418396410424485E+01    0.500069011074711356E+00   -0.184471260475141743E-01   -0.692233259141427748E+01    1
    0.235987333474419074E+03   -0.112444271715671062E+01    0.390220887391434523E+01    0.236508536694768234E+00   -0.181281416841536994E-01   -0.693014509141427659E+01    1
    0.251964160799980164E+03   -0.104772067070007324E+01    0.273590743541717529E+01    0.523895277214050270E+00   -0.175444167069135279E-01   -0.693795759141427570E+01    1
    0.180476450920104980E+03   -0.522017002105712891E+00    0.354942798614501953E+01    0.470864056992530866E+00   -0.162602044260581023E-01   -0.694577009141427482E+01    1
    0.251731278002262115E+03   -0.103341788053512573E+01    0.340747177600860596E+01    0.344586334204673772E+00   -0.155389708024866423E-01   -0.695358259141427304E+01    1
    0.149349576234817505E+03   -0.717883527278900146E+00    0.393261313438415527E+01    0.523907218408584563E+00   -0.154191328856776756E-01   -0.696139509141427038E+01    1
    0.233637900650501251E+03    0.529459714889526367E+00    0.394502043724060059E+01    0.658840396642684928E-01   -0.149505646386284292E-01   -0.696920759141427393E+01    1
    0.306301309515206867E+03   -0.906873289759586809E+00    0.264351719792305229E+01    0.414426053201582212E+00   -0.148456211250576030E-01   -0.697702009141427038E+01    1
    0.213838994044032091E+03   -0.119791843294424249E+01    0.470713237544878815E+01    0.105537978846739447E+00   -0.146389652343321477E-01   -0.698483259141426505E+01    1
    0.313978683948516846E+03    0.624395966529846191E+00    0.286212980747222900E+01    0.169143165278434759E+00   -0.141001945971775799E-01   -0.699264509141427038E+01    1
    0.318309070169925690E+03   -0.699851036071777344E+00    0.256301164627075195E+01    0.405038256239891092E+00   -0.134815693181606910E-01   -0.700045759141427126E+01    1
    0.285599571466445923E+03   -0.757393717765808105E+00    0.427852869033813477E+01    0.740975003242492700E-02   -0.130022526617732045E-01   -0.700827009141426593E+01    1
    0.296214691659928803E+03   -0.176913458570431703E+01    0.276867940916306843E+01    0.495004636948182974E+00   -0.125203304404673810E-01   -0.701608259141426682E+01    1
    0.165494759228387096E+03    0.798158755068017811E+00    0.446055210778607503E+01    0.156561783936705168E+00   -0.112921612154450283E-01   -0.702389509141426949E+01    1
    0.170686444177578096E+03   -0.400211382618733680E-01    0.415663320877507658E+01    0.344186234322389650E+00   -0.996496369139116336E-02   -0.703170759141427393E+01    1
    0.160852071045174284E+03   -0.906517724720002471E+00    0.443035279612342947E+01    0.389967542088031971E+00   -0.990645883656130800E-02   -0.703952009141427126E+01    1
    0.346764612197875977E+03   -0.674247741699218750E-01    0.228216409683227539E+01    0.403450657367706300E+00   -0.978621446665625672E-02   -0.704733259141426593E+01    1
    0.149510142557784405E+03    0.902245500754432772E+00    0.451872980297997628E+01    0.219651520442497278E+00   -0.917017233846829580E-02   -0.705514509141426505E+01    1
    0.223428485887422880E+03    0.590015232621970309E+00    0.323278655495735201E+01    0.351755903609594689E+00   -0.906262147643516723E-02   -0.706295759141427038E+01    1
    0.191495639208687095E+03   -0.110098197662409292E+01    0.368310035781489198E+01    0.516136465368283281E+00   -0.882608985199268871E-02   -0.707077009141427748E+01    1
    0.346007103310283242E+03   -0.253377744297870855E+00    0.202548261877057012E+01    0.509194719234560500E+00   -0.850161290443689731E-02   -0.707858259141427659E+01    1
    0.277616012273109902E+03   -0.123043484596886010E+01    0.388918848427801223E+01    0.222289694292299084E+00   -0.780887184767195801E-02   -0.708639509141427038E+01    1
    0.298202167877058741E+03    0.692219814560965485E+00    0.243157429060049779E+01    0.385665571803313401E+00   -0.775103759553446431E-02   -0.709420759141427215E+01    1
    0.172875456178213483E+03   -0.184967385761515146E+01    0.449446497008501211E+01    0.428497629203204111E+00   -0.750666447474993958E-02   -0.710202009141427038E+01    1
    0.167069611940823933E+03   -0.172767015416469794E+01    0.459150741842443111E+01    0.417838595771872656E+00   -0.741897857157648548E-02   -0.710983259141426949E+01    1
    0.175532808234766719E+03    0.969538152523975683E+00    0.340982234976259591E+01    0.445392467035702677E+00   -0.735602761913824003E-02   -0.711764509141427482E+01    1
    0.224645616559869325E+03    0.606495141632149792E+00    0.373814919629812081E+01    0.223116469900033226E+00   -0.732803763365636428E-02   -0.712545759141426949E+01    1
    0.249979366362094879E+03   -0.176583886146545410E+01    0.406800210475921631E+01    0.298941322803497334E+00   -0.707234971414683142E-02   -0.713327009141426505E+01    1
    0.307804703257691074E+03   -0.400748710900506788E+00    0.352275279987887835E+01    0.194403186742761996E+00   -0.681126564284431114E-02   -0.714108259141426771E+01    1
    0.299851663410663605E+03   -0.521772563457489014E+00    0.313157975673675537E+01    0.339636845541000376E+00   -0.661419716008308095E-02   -0.714889509141426682E+01    1
    0.211189020937161501E+03    0.272076755132766301E+00    0.341593240573417312E+01    0.413720033209221127E+00   -0.641838347318561282E-02   -0.715670759141426238E+01    1
    0.226524281263683577E+03   -0.292155788559520069E+00    0.352748294091314030E+01    0.404750565755647551E+00   -0.631292219986273086E-02   -0.716452009141426149E+01    1
