 F
       12203       26506           3        1024
   -0.263256774734611234E+02   -0.187205808772049558E+02
 T
   2
    0.200000000000000000E+01    0.300000000000000000E+01    0.978515625000000000E+00    0.214843750000000000E-01
   0
   0
 T T     0           0
    0.000000000000000000E+00   -0.100000000000000002+101    0.000000000000000000E+00
 T F     1        1002
    0.183081474337220927E-04   -0.263256788662977037E+02   -0.187205669737884079E+02
 T F     1          22
    0.106219418368118137E-06   -0.398098463198385275E+02   -0.287026604395584108E+02
