 F
       14697       26966           3        1024
   -0.532580269933356121E+02   -0.449517772621025458E+02
 T
   2
    0.200000000000000000E+01    0.300000000000000000E+01    0.894531250000000000E+00    0.105468750000000000E+00
   0
   0
 T T     0           0
    0.000000000000000000E+00   -0.100000000000000002+101    0.000000000000000000E+00
 T F     1         916
    0.138251998181843463E-05   -0.534112742216549705E+02   -0.449349400932124468E+02
 T F     1         108
    0.215737566823258675E-06   -0.552093750595564572E+02   -0.450534429351085492E+02
