

    0.236206059591914111E-32    0.146454014422294364E+03    0.172153596580028534E+03   -0.155356955528259277E+01   -0.435067772865295410E+01    0.301451361894607528E+00
    0.121644394829346657E-30    0.138555254182257386E+03    0.215450592339038849E+03   -0.187191736698150635E+01   -0.413024246692657471E+01    0.165004893136024483E+00
    0.305279581075914304E-27    0.122883866576219560E+03    0.294512605667114258E+03   -0.169725441932678223E+01   -0.453371405601501465E+01    0.174372794365882877E+00
    0.100279534812054945E-26    0.120489604153448255E+03    0.180468954145908356E+03    0.490760803222656250E-01   -0.388320147991180420E+01    0.187134758377075189E+00
    0.498280232204488356E-25    0.112662406968178033E+03    0.316646207869052887E+03   -0.547633171081542969E-01   -0.489956915378570557E+01    0.183913228797912609E+00
    0.633697022036854922E-24    0.107560795136265597E+03    0.270144455134868622E+03   -0.745544433593750000E-01   -0.472800970077514648E+01    0.286724320793151854E+00
    0.292242824549166154E-23    0.104487971769041678E+03    0.127392289042472839E+03    0.623948037624359131E+00   -0.267389774322509766E+01    0.757583840131759723E-01
    0.234964452001335175E-22    0.100303478209028327E+03    0.163520477712154388E+03    0.351837217807769775E+00   -0.426153063774108887E+01    0.496765906763076803E+00
    0.126758043729551528E-21    0.969169912886156766E+02    0.195900614559650421E+03    0.452427387237548828E+00   -0.462301254272460938E+01    0.481409632945060728E+00
    0.217378192096876339E-21    0.958226491776581355E+02    0.197904264926910400E+03   -0.100372135639190674E+00   -0.338347852230072021E+01    0.224641948056221008E+00
    0.302303873212254177E-21    0.951474360639216741E+02    0.186489748954772949E+03   -0.139641284942626953E+00   -0.283049464225769043E+01    0.103895795989036560E+00
    0.374918743254915856E-21    0.947012578566106669E+02    0.302488180994987488E+03   -0.188144940137863159E+01   -0.330179274082183838E+01    0.454155698776245106E-01
    0.259940553229525033E-20    0.908129753794008820E+02    0.263162410259246826E+03    0.279692411422729492E-01   -0.370931267738342285E+01    0.145159241938591005E+00
    0.441249248459723993E-20    0.897390364962199953E+02    0.345768144726753235E+03   -0.267052650451660156E+00   -0.383772790431976318E+01    0.494834230899810837E-01
    0.850404970889987041E-20    0.884112059615657273E+02    0.224864582717418671E+03    0.823709845542907715E+00   -0.409127712249755859E+01    0.183305114936828606E+00
    0.116891474245013630E-19    0.877593442527440857E+02    0.188436120748519897E+03   -0.130969166755676270E+01   -0.273754894733428955E+01    0.228670156502723709E+00
    0.215886635841827416E-19    0.865167042486192912E+02    0.257064220309257507E+03   -0.169231057167053223E+01   -0.264418721199035645E+01    0.327693331003189106E-01
    0.381471780883339479E-19    0.853625123620338400E+02    0.141609632968902588E+03   -0.986450254917144775E+00   -0.140717446804046631E+01    0.394639420509338423E-01
    0.415301633781173888E-19    0.851769509510947103E+02    0.140910877287387848E+03   -0.477226257324218750E+00   -0.173133969306945801E+01    0.100754067707061773E+00
    0.413861259255967001E-19    0.851682745301310433E+02    0.259889176487922668E+03    0.242750167846679688E+00   -0.310835540294647217E+01    0.237674124240875272E-02
    0.478123441596680938E-19    0.848639732299694742E+02    0.272373732924461365E+03   -0.105665349960327148E+01   -0.406279981136322021E+01    0.367819156408309922E+00
    0.915333903298137902E-19    0.835495082796189337E+02    0.317829625308513641E+03   -0.157334208488464355E-01   -0.374810934066772461E+01    0.103311359810829173E+00
    0.123146313189331677E-18    0.829405445612067638E+02    0.213370861113071442E+03    0.348511993885040283E+00   -0.321447193622589111E+01    0.174252870655059816E+00
    0.146573056472282103E-18    0.825766179680215373E+02    0.148360350728034973E+03    0.259562969207763672E+00   -0.366691052913665771E+01    0.568897545289993256E+00
    0.184005245894600179E-17    0.775009422133343548E+02    0.327308873832225800E+03   -0.195897936820983887E+00   -0.319956243038177490E+01    0.984223959445953457E-02
    0.221245917048447882E-17    0.771166960889340913E+02    0.295982201397418976E+03   -0.102343595027923584E+01   -0.374363780021667480E+01    0.297231650805473313E+00
    0.670185332746488812E-17    0.748845121679862160E+02    0.312197710573673248E+03   -0.122350817918777466E+01   -0.378302156925201416E+01    0.301596942114830013E+00
    0.130869834505120924E-16    0.735304191633609463E+02    0.210961084067821503E+03   -0.192743855714797974E+01   -0.194626629352569580E+01    0.109761310744285592E+00
    0.146494079867077654E-16    0.732892305279909664E+02    0.294781228899955750E+03   -0.776798427104949951E+00   -0.272966206073760986E+01    0.353769829273223868E-01
    0.497271367333190658E-16    0.708293037867093460E+02    0.282609806954860687E+03    0.441906332969665527E+00   -0.304324924945831299E+01    0.312344801902771016E-01
    0.700787641884528330E-16    0.701275407520058991E+02    0.242020997405052185E+03    0.181063294410705566E+00   -0.335590600967407227E+01    0.280300231075286899E+00
    0.701224068907076791E-16    0.701106706068097907E+02    0.323820620775222778E+03   -0.151184421777725220E+01   -0.434633135795593262E+01    0.505408329248428378E+00
    0.936325561553752106E-16    0.695167740859963033E+02    0.322774854302406311E+03   -0.186920762062072754E+00   -0.301769673824310303E+01    0.477739899158477824E-01
    0.116791257218045918E-15    0.690591289463421845E+02    0.209587511420249939E+03   -0.583336949348449707E-01   -0.235492467880249023E+01    0.142331874132156366E+00
    0.147385471858203294E-15    0.685781775519591008E+02    0.224754357337951660E+03   -0.183825796842575073E+01   -0.325003981590270996E+01    0.486457789993286149E+00
    0.202410007640181907E-15    0.679280646142497915E+02    0.173101489245891571E+03   -0.154396545886993408E+01   -0.116417348384857178E+01    0.481771587610244773E-01
    0.215116479541548383E-15    0.677906710828861208E+02    0.274512647092342377E+03    0.628530323505401611E+00   -0.393319606781005859E+01    0.266973550915718061E+00
    0.297637276793622182E-15    0.671256542700410392E+02    0.169677166640758514E+03   -0.165610986948013306E+01   -0.167072236537933350E+01    0.227618921971321109E+00
    0.610433518461981853E-15    0.656734415948510133E+02    0.252018448710441589E+03    0.364786386489868164E-02   -0.406003057956695557E+01    0.529146843981742832E+00
    0.294324857537444398E-14    0.625116169605033321E+02    0.220696362853050232E+03    0.948727607727050781E+00   -0.449605584144592285E+01    0.547711239123344407E+00
    0.540172723489695980E-14    0.612815822969111110E+02    0.275330613553524017E+03    0.840737044811248779E+00   -0.459367632865905762E+01    0.459830325007438701E+00
    0.647787720759108067E-14    0.609026090878460167E+02    0.166688635945320129E+03    0.351289868354797363E+00   -0.215037465095520020E+01    0.264398074078559864E+00
    0.133654801742701581E-13    0.594384192650177994E+02    0.311580252647399902E+03   -0.153060555458068848E-01   -0.399480164051055908E+01    0.429928140950202931E+00
    0.590665739705182289E-13    0.564508144580850342E+02    0.334929338097572327E+03   -0.104040521383285522E+01   -0.392245233058929443E+01    0.479496141815185573E+00
    0.112653264094025818E-12    0.551438905344054504E+02    0.342930461466312408E+03    0.411484181880950928E+00   -0.434832990169525146E+01    0.453323875164985679E+00
    0.185397101814341045E-12    0.541318947765121123E+02    0.289259231090545654E+03   -0.411978662014007568E+00   -0.288606286048889160E+01    0.275710138249397274E+00
    0.104319585091816792E-11    0.506611813905916435E+02    0.185730294883251190E+03   -0.131601202487945557E+01   -0.224932372570037842E+01    0.494627921175956720E+00
    0.165936377853990173E-11    0.497172657345013249E+02    0.253724843263626099E+03   -0.876918315887451172E+00   -0.256363749504089355E+01    0.359856017303466835E+00
    0.265344266735740284E-11    0.487627934271688659E+02    0.198420523107051849E+03   -0.793279170989990234E+00   -0.161855340003967285E+01    0.265784446763992321E+00
    0.268777469670495658E-11    0.487214570585125841E+02    0.215932504832744598E+03   -0.100384777784347534E+01   -0.186342120170593262E+01    0.294348807621002184E+00
    0.580444214308095960E-11    0.471660122381304774E+02    0.244500270485877991E+03   -0.187748348712921143E+01   -0.183471679687500000E+01    0.275311336469650281E+00
    0.606020853804512661E-11    0.470641458370126458E+02    0.284087918698787689E+03   -0.686721622943878174E+00   -0.209200084209442139E+01    0.170061101961135858E+00
    0.930964573674419682E-11    0.461899071831126378E+02    0.155503877997398376E+03    0.360984086990356445E+00   -0.182013809680938721E+01    0.394795133686065669E+00
    0.114071120513980817E-10    0.457679102103565754E+02    0.130095352232456207E+03    0.732440352439880371E+00   -0.152410924434661865E+01    0.320996402049064655E+00
    0.150399208848488850E-10    0.451993431440443274E+02    0.221397358179092407E+03   -0.190446794033050537E+01   -0.118336141109466553E+01    0.186201809906959531E+00
    0.238147636313342606E-10    0.442645228424234531E+02    0.132383893430233002E+03    0.692331850528717041E+00   -0.509061813354492188E+00    0.439254452705383283E-01
    0.254329883312482300E-10    0.441174150912826164E+02    0.202552962303161621E+03   -0.156185668706893921E+01   -0.163573324680328369E+01    0.370896265769004807E+00
    0.290085774423826421E-10    0.438387011401697322E+02    0.309259162843227386E+03    0.812873899936676025E+00   -0.366017758846282959E+01    0.342153025817871104E+00
    0.288879909907070977E-10    0.438314073162175291E+02    0.152717424929141998E+03   -0.171999830007553101E+01   -0.107049942016601562E-02    0.985446737766265957E-01
    0.333390015102036671E-10    0.435291784040882135E+02    0.309178227186203003E+03   -0.112767124176025391E+01   -0.340805709362030029E+01    0.554605811905860890E+00
    0.335282572351618597E-10    0.435022320947437393E+02    0.210843053460121155E+03   -0.114203929901123047E+00   -0.196011543273925781E+01    0.339265133213996872E+00
    0.358385698250205179E-10    0.433533348946788522E+02    0.161877182126045227E+03   -0.170956397056579590E+01   -0.760673880577087402E+00    0.287232538032531737E+00
    0.386588879806452822E-10    0.431862058418564061E+02    0.185841593146324158E+03   -0.188394117355346680E+01   -0.107997536659240723E+01    0.291051912045478811E+00
    0.636576662325705791E-10    0.421730947378076380E+02    0.349412073194980621E+03   -0.138405734300613403E+01   -0.183482050895690918E+01    0.759610772609710660E-01
    0.179188246505309966E-09    0.400876354410447675E+02    0.133816246688365936E+03   -0.944782495498657227E+00   -0.383684039115905762E+00    0.302531528234481817E+00
    0.204026536308404865E-09    0.398123841297728376E+02    0.193763819336891174E+03   -0.177407431602478027E+01   -0.827165246009826660E+00    0.240370548319816607E+00
    0.307325748314260870E-09    0.389774427514712798E+02    0.330265499651432037E+03   -0.194584155082702637E+01   -0.207193255424499512E+01    0.251065866851806652E+00
    0.699458315413116148E-09    0.373170218597195955E+02    0.317254774272441864E+03   -0.166233491897583008E+01   -0.305144786834716797E+01    0.559729642009735073E+00
    0.757351650685849861E-09    0.371423539053772913E+02    0.223200942575931549E+03   -0.627201616764068604E+00   -0.475124120712280273E+00    0.603736560344696107E-02
    0.833653372211135802E-09    0.369347488701992432E+02    0.145892289280891418E+03    0.835478305816650391E-03   -0.474688410758972168E+00    0.234729800963401791E+00
    0.108467128896179082E-08    0.363926947392465578E+02    0.255883136391639709E+03   -0.427946746349334717E+00   -0.178526401519775391E+01    0.281522190570831332E+00
    0.198574687030392436E-08    0.351676335015594361E+02    0.222613324224948883E+03   -0.136207771301269531E+01   -0.192075192928314209E+01    0.504162657952308635E+00
    0.210496175418654500E-08    0.350354041065904411E+02    0.138272508978843689E+03   -0.130486565828323364E+01   -0.115305185317993164E-01    0.273318453454971300E+00
    0.246910232616355857E-08    0.347006643947041056E+02    0.340295673906803131E+03    0.928085505962371826E+00   -0.300949871540069580E+01    0.209886213970184338E+00
    0.333208801091894042E-08    0.340855504268700216E+02    0.339138488471508026E+03   -0.174103826284408569E+01   -0.168740034103393555E+01    0.187971324348449709E+00
    0.362522613353853704E-08    0.339012903664104073E+02    0.226050508022308350E+03   -0.191951370239257812E+01   -0.448948144912719727E+00    0.124952045488357547E+00
    0.387604439069357905E-08    0.337518684091234604E+02    0.348419991135597229E+03    0.663328588008880615E+00   -0.303868234157562256E+01    0.286946085834503206E+00
    0.561084843505876671E-08    0.329964698138731407E+02    0.247706167399883270E+03    0.199441432952880859E+00   -0.256538927555084229E+01    0.508265618276596109E+00
    0.219257849028969386E-07    0.302549220283331266E+02    0.235523614287376404E+03   -0.114728552103042603E+01   -0.576993227005004883E+00    0.141386029171943678E+00
    0.236213023491605935E-07    0.300903258088461740E+02    0.133461149036884308E+03   -0.953080356121063232E+00   -0.303468704223632812E+00    0.440627007722854624E+00
    0.445917943326366680E-07    0.288038989854124168E+02    0.317743687331676483E+03   -0.169203162193298340E+00   -0.177663505077362061E+01    0.231101997828483591E+00
    0.445755181134176257E-07    0.287890041282844038E+02    0.254507552087306976E+03   -0.154448956251144409E+01   -0.569626092910766602E+00    0.140085906028747570E+00
    0.100092817771454996E-06    0.271555528360398384E+02    0.329909785091876984E+03    0.739494740962982178E+00   -0.240239441394805908E+01    0.231324922871589678E+00
    0.103271034156569133E-06    0.270774098389886930E+02    0.237555213272571564E+03   -0.125937342643737793E+01    0.153553485870361328E-01    0.291232087612152100E-01
    0.203076577902523148E-06    0.257093324245540700E+02    0.337038560211658478E+03    0.829187631607055664E+00   -0.205607175827026367E+01    0.127138546442985528E+00
    0.376457583349533749E-06    0.244592629415298362E+02    0.335811489820480347E+03   -0.192535877227783203E+00   -0.162279427051544189E+01    0.230437248587608334E+00
    0.541339240428686284E-06    0.237171564142321358E+02    0.219282127916812897E+03    0.471400797367095947E+00   -0.161737501621246338E+01    0.434368627667427065E+00
    0.939679829477461007E-06    0.225985452818530632E+02    0.242990589141845703E+03   -0.118091773986816406E+01   -0.124794423580169678E+01    0.456375566840171831E+00
    0.115461325136806845E-05    0.221709572633006822E+02    0.304175665974617004E+03   -0.197950309514999390E+01   -0.182146191596984863E+01    0.517282721328735318E+00
    0.118253582273843976E-05    0.221075408745084019E+02    0.172736386954784393E+03   -0.418756783008575439E+00   -0.416243076324462891E+00    0.405239243602752708E+00
    0.272445198093486201E-05    0.204227035445467422E+02    0.257035480439662933E+03    0.167410671710968018E+00   -0.761472582817077637E+00    0.202616073560714732E+00
    0.306749009560078906E-05    0.201698938069402800E+02    0.177990311384201050E+03   -0.538053929805755615E+00   -0.630041956901550293E+00    0.490287842845916755E+00
    0.579444853963540680E-05    0.188821875227903675E+02    0.342011067271232605E+03   -0.237548172473907471E+00    0.455853462219238281E+01    0.410275425338745114E+00
    0.584828194246278610E-05    0.188480672783781813E+02    0.260606077313423157E+03   -0.141762071847915649E+01   -0.303713083267211914E+00    0.232644117808341988E+00
    0.587270536487893908E-05    0.188241073294104062E+02    0.224378177523612976E+03    0.403063833713531494E+00   -0.423200726509094238E+00    0.201088828897476202E+00
    0.110665983915608153E-04    0.175412503089036669E+02    0.246005915105342865E+03    0.848750948905944824E+00   -0.135262012481689453E+01    0.318495438265800512E+00
    0.115073216042920527E-04    0.174475211564412973E+02    0.188975660502910614E+03   -0.137733966112136841E+01    0.782680511474609375E-01    0.370177235269546545E+00
    0.131294178322380361E-04    0.171681524473323925E+02    0.272672195732593536E+03   -0.170528709888458252E+00   -0.437142848968505859E+00    0.186206586384773248E+00
    0.186750530967078572E-04    0.164478609960756188E+02    0.299252940714359283E+03    0.494830608367919922E+00    0.391436517238616943E+01    0.556218555521965086E+00
    0.223963366475460760E-04    0.160688183385673291E+02    0.278518646955490112E+03    0.286836743354797363E+00    0.441541790962219238E+01    0.460381257605552707E+00
    0.258149519910053348E-04    0.157690804273049654E+02    0.151915471255779266E+03   -0.119657182693481445E+01    0.727231502532958984E+00    0.363701661944389354E+00
    0.323974812421325172E-04    0.152992017838275878E+02    0.296417215466499329E+03    0.599918484687805176E+00    0.422866821289062500E+01    0.426860652780532868E+00
    0.371528504948461324E-04    0.150096571493865323E+02    0.269517193734645844E+03    0.371228873729705811E+00    0.453733086585998535E+01    0.402529957151412987E+00
    0.432600146708798225E-04    0.146896556251846491E+02    0.162585432827472687E+03    0.698036193847656250E+00    0.684873461723327637E+00    0.117642362666130068E+00
    0.560156476093010225E-04    0.141572259979019890E+02    0.307066081464290619E+03   -0.127036654949188232E+01   -0.433887839317321777E+00    0.259457319545745857E+00
    0.623439302077240628E-04    0.139275305103596860E+02    0.349658219516277313E+03    0.561800003051757812E-01   -0.104342639446258545E+01    0.250161986660957347E+00
    0.628014321833395825E-04    0.138972823871371194E+02    0.214315655827522278E+03   -0.142280828952789307E+01    0.178599357604980469E-01    0.401768654823303262E+00
    0.662977289394411218E-04    0.137733018599036185E+02    0.215721750259399414E+03   -0.133694005012512207E+01   -0.268982052803039551E+00    0.477573438906669645E+00
    0.770437041448225965E-04    0.134572424502319166E+02    0.308788743615150452E+03   -0.128495150804519653E+01   -0.118309199810028076E+01    0.485956771588325509E+00
    0.942018533278138884E-04    0.130394834329363025E+02    0.266478143632411957E+03   -0.109389257431030273E+01    0.217177271842956543E+00    0.192797886943817137E+00
    0.104060523503028229E-03    0.128247927712395295E+02    0.258921864628791809E+03    0.897809088230133057E+00   -0.919882059097290039E+00    0.283207980179786711E+00
    0.112734953242244805E-03    0.126490341103391533E+02    0.262989836931228638E+03    0.254334986209869385E+00   -0.147442877292633057E+01    0.567428607773780791E+00
    0.114539814067504537E-03    0.126016431771659185E+02    0.133505687117576599E+03   -0.117504870891571045E+01    0.154073476791381836E+01    0.301624372744560276E+00
    0.121262812207236965E-03    0.124719427606522935E+02    0.156332921981811523E+03    0.772443711757659912E+00    0.843881368637084961E+00    0.148239319539070130E+00
    0.124248935441738048E-03    0.124076639503663220E+02    0.285269324481487274E+03    0.583582222461700439E+00   -0.288847684860229492E+00    0.114047994875907902E+00
    0.128947051451551784E-03    0.123178094120227470E+02    0.185573922097682953E+03   -0.788888752460479736E+00    0.137714207172393799E+01    0.978564856767654423E-01
    0.157479358934543194E-03    0.119023993539127950E+02    0.311007480323314667E+03   -0.697330832481384277E+00   -0.520704984664916992E+00    0.299550289607048048E+00
    0.166445871459992042E-03    0.117760228240420233E+02    0.175336198508739471E+03   -0.288242638111114502E+00    0.556029081344604492E+00    0.356153018760681173E+00
    0.255904349018049049E-03    0.109001306684762103E+02    0.222636632621288300E+03    0.451293349266052246E+00    0.430069386959075928E+01    0.425835620641708379E+00
    0.284617012947593819E-03    0.106718242198564468E+02    0.209451282024383545E+03   -0.144727772474288940E+01    0.473685383796691895E+01    0.431009706115722646E+00
    0.339508410269846771E-03    0.103034907060799643E+02    0.194850516319274902E+03    0.483321249485015869E+00    0.446262776851654053E+01    0.440076928067207329E+00
    0.352027628104552835E-03    0.102154438215969385E+02    0.289665612578392029E+03    0.710868775844573975E+00    0.358856916427612305E+01    0.399893034338951125E+00
    0.387494217271036449E-03    0.100078362934786629E+02    0.345955644547939301E+03   -0.145308792591094971E+00   -0.942962765693664551E+00    0.373008970141410823E+00
    0.433508255725675645E-03    0.976779146372142826E+01    0.196176399290561676E+03   -0.570239365100860596E+00    0.810378789901733398E+00    0.302532347059249862E+00
    0.435560744338046152E-03    0.974271960770300005E+01    0.324478016793727875E+03    0.356013774871826172E-01    0.279461383819580078E+01    0.553297636985778829E+00
    0.432985784689967289E-03    0.973895334920318412E+01    0.189007592201232910E+03   -0.158961361646652222E+01    0.449890673160552979E+01    0.525150637936592113E+00
    0.451150500493420568E-03    0.964113616887484959E+01    0.178045725822448730E+03   -0.136259233951568604E+01    0.488908827304840088E+01    0.432008160567283639E+00
    0.476944563761706947E-03    0.951431261328866285E+01    0.303534068167209625E+03    0.195546865463256836E+00    0.310391485691070557E+01    0.490120154356956494E+00
    0.528370536426146353E-03    0.929389252227425722E+01    0.298781917989253998E+03   -0.128209370374679565E+01    0.361626863479614258E+01    0.423246701431274408E+00
    0.527181588527297473E-03    0.928277302559732398E+01    0.214884082973003387E+03    0.693317651748657227E+00    0.403800070285797119E+01    0.431142526316642793E+00
    0.568530120188351818E-03    0.911612955720219809E+01    0.227300631999969482E+03   -0.179464346170425415E+01    0.446893930435180664E+01    0.388178210735321050E+00
    0.601074761828834011E-03    0.898917449945860447E+01    0.254583968222141266E+03    0.674565792083740234E+00    0.391900539398193359E+01    0.331153548002243059E+00
    0.602396955023599750E-03    0.896915490103729418E+01    0.282098537683486938E+03    0.813546061515808105E+00    0.361395597457885742E+01    0.338001618361473077E+00
    0.637285279379076969E-03    0.884092833722603899E+01    0.191089831292629242E+03    0.990242838859558105E+00    0.189995765686035156E+00    0.305591612863540640E+00
    0.636774366205283110E-03    0.882690738520903118E+01    0.275355061888694763E+03   -0.852156162261962891E+00    0.105935692787170410E+01    0.512381304502487200E-01
    0.645375712492385952E-03    0.878444785010630902E+01    0.143904705345630646E+03   -0.861845552921295166E+00    0.210082948207855225E+01    0.193767000174522419E+00
    0.649138910646269930E-03    0.875719468094571951E+01    0.210657954216003418E+03   -0.490715086460113525E+00    0.108837187290191650E+01    0.204911921739578257E+00
    0.659114612956683489E-03    0.871106826672041379E+01    0.236376744508743286E+03   -0.118342381715774536E+01    0.494387447834014893E+01    0.169233816003799442E+00
    0.665442460152463472E-03    0.867633379846170527E+01    0.224573348462581635E+03    0.991149425506591797E+00   -0.154256820678710938E-01    0.264295482158660888E+00
    0.714434303540819769E-03    0.851863105313194424E+01    0.199956691265106201E+03   -0.137780886888504028E+01    0.332951545715332031E+00    0.531850023365020741E+00
    0.738924289200791314E-03    0.843559721377455141E+01    0.210600206255912781E+03   -0.449279785156250000E+00    0.673264861106872559E+00    0.333824588513374321E+00
    0.737799934392538524E-03    0.842301775202077785E+01    0.276826642453670502E+03    0.277164340019226074E+00    0.872455835342407227E+00    0.392592358589172359E-02
    0.797478916942236668E-03    0.825182734875275514E+01    0.210625325143337250E+03    0.571359932422637939E+00   -0.564771890640258789E-01    0.404128473687171974E+00
    0.841221753676505606E-03    0.812940253693005666E+01    0.344383387761840709E+03   -0.137905427617214249E+00    0.249522371773617913E+01    0.523295882633826204E+00
    0.864692073032975847E-03    0.805874122725727204E+01    0.180353739857673645E+03    0.224246144294738770E+00    0.127238929271697998E+01    0.192019150471687328E+00
    0.882618625296301010E-03    0.800207674575339745E+01    0.296074295043945312E+03    0.180451214313507080E+00    0.832400918006896973E+00    0.502683348655700701E-02
    0.916548589333696095E-03    0.791100798038049913E+01    0.128547650575637817E+03   -0.153673386573791504E+01    0.182334959506988525E+01    0.436587983965873727E+00
    0.961648051312994604E-03    0.779931607909991609E+01    0.148310180008411407E+03   -0.809545159339904785E+00    0.456778466701507568E+01    0.527243895220756542E+00
    0.101214888903581983E-02    0.768132621934174775E+01    0.228731274881123909E+03    0.301100332657093794E+00    0.355047244981016874E+01    0.456848499720877432E+00
    0.102610579830201762E-02    0.763831086916386859E+01    0.204064789414405823E+03   -0.635315299034118652E+00    0.463771581649780273E+01    0.271560095500946064E+00
    0.102236826801701598E-02    0.762998405173559835E+01    0.224427693470161728E+03    0.481910802182006215E+00    0.354683823776301210E+01    0.460056061794040183E+00
    0.103805179060841479E-02    0.758391123031119641E+01    0.205549182186502236E+03    0.770367803481106783E+00    0.371173595264333578E+01    0.455086802252353817E+00
    0.104968598707787849E-02    0.754599546750290973E+01    0.346434405446052551E+03   -0.167247366905212402E+01    0.305166482925415039E+01    0.408460875535011314E+00
    0.124819859532446622E-02    0.718394981022297863E+01    0.279696648900359833E+03   -0.827574678846336509E+00    0.127975561854490216E+01    0.456673051547146075E-01
    0.125887356735345413E-02    0.715129293263872867E+01    0.185387052595615387E+03   -0.667017757892608643E+00    0.155088841915130615E+01    0.228080909729003911E+00
    0.127506946585507195E-02    0.711010126623578387E+01    0.345929305255413055E+03    0.415662527084350586E-01    0.286090910434722900E+01    0.350438884234428427E+00
    0.127045577162277238E-02    0.710172616376806154E+01    0.193782619472407077E+03   -0.185593365353174344E+01    0.462195216211106974E+01    0.340857007414452740E+00
    0.126428776688857804E-02    0.709583471955364242E+01    0.152066927430002636E+03   -0.147385454510114888E+01    0.476174357488725342E+01    0.443996418528518677E+00
    0.127402025650584071E-02    0.706487267263612662E+01    0.143053452670574188E+03   -0.110574847459793091E+01    0.442369818687438965E+01    0.564625395298004151E+00
    0.132531304034459838E-02    0.697030520973988654E+01    0.256341311335563660E+03   -0.802284955978393555E+00    0.363928079605102539E-01    0.467344509315490764E+00
    0.132655131459858853E-02    0.695281243042956021E+01    0.309222057783340517E+03   -0.604746817142920001E+00   -0.433911848944628531E+00    0.452457752493966303E+00
    0.137530511043811271E-02    0.686500137652914866E+01    0.181853042555804507E+03    0.210931848827352830E+00    0.196034993709188221E+01    0.411608795991697390E-01
    0.140081307619219870E-02    0.681262191303733822E+01    0.198736284647368848E+03    0.583971149730554195E+00    0.480465758593844328E-01    0.476322397530636876E+00
    0.141454572055846307E-02    0.677748571852078729E+01    0.249979366362094879E+03   -0.176583886146545410E+01    0.406800210475921631E+01    0.298941322803497334E+00
    0.142177870785494117E-02    0.675166018870389895E+01    0.187899891055516434E+03    0.693315462045328346E+00    0.228308057615258519E+00    0.436972569868056993E+00
    0.141489654261031683E-02    0.674573975921712332E+01    0.317210987210273743E+03   -0.924512147903442383E+00    0.110844016075134277E+01    0.368354463100433391E-01
    0.163382104839245837E-02    0.644238464067014771E+01    0.177357417345046997E+03   -0.485429704189300537E+00    0.441786110401153564E+01    0.336542779684066762E+00
    0.177286874464782401E-02    0.626340459801496596E+01    0.299851663410663605E+03   -0.521772563457489014E+00    0.313157975673675537E+01    0.339636845541000376E+00
    0.186582548299653620E-02    0.614557043973958539E+01    0.175310446747600963E+03   -0.188022293814985741E+01    0.412464950613726522E+01    0.484968546505166298E+00
    0.232633533616516050E-02    0.568876416192375434E+01    0.312274274230003357E+03    0.572749853134155273E+00    0.332242250442504883E+01    0.158981379318237304E+00
    0.231998915182513900E-02    0.567860256707574074E+01    0.235639257729053497E+03    0.438801407814025879E+00    0.160570383071899414E+01    0.232157292366027852E-02
    0.234940331248446052E-02    0.563777981386645699E+01    0.234635816514492035E+03   -0.142505043745040894E+01    0.976019501686096191E+00    0.370047690367698690E+00
    0.252690551735514036E-02    0.547648670962932460E+01    0.285599571466445923E+03   -0.757393717765808105E+00    0.427852869033813477E+01    0.740975003242492700E-02
    0.254647754288466139E-02    0.544543048956048814E+01    0.346764612197875977E+03   -0.674247741699218750E-01    0.228216409683227539E+01    0.403450657367706300E+00
    0.257807074973352745E-02    0.540514489095163686E+01    0.318309070169925690E+03   -0.699851036071777344E+00    0.256301164627075195E+01    0.405038256239891092E+00
    0.260449904593947502E-02    0.536912188275407054E+01    0.251731278002262115E+03   -0.103341788053512573E+01    0.340747177600860596E+01    0.344586334204673772E+00
    0.259326947227507196E-02    0.536213873827092780E+01    0.192590647935867310E+03    0.883223235607147217E+00    0.423136413097381592E+01    0.189646981000900272E+00
    0.259733711569627322E-02    0.534337911869617876E+01    0.212929886118316347E+03    0.922395634144589138E+00    0.305379353089064942E+00    0.388238438222596627E+00
    0.264830831738317989E-02    0.528888545582756464E+01    0.173096768558025360E+03    0.467616915702819824E+00    0.553585290908813477E+00    0.531750433802604672E+00
    0.270804689687928913E-02    0.522864724093079403E+01    0.187341478500146081E+03    0.113049161940946163E+00    0.539756992593744656E+00    0.538948264698832058E+00
    0.269757617752150111E-02    0.522077027094254387E+01    0.149349576234817505E+03   -0.717883527278900146E+00    0.393261313438415527E+01    0.523907218408584563E+00
    0.268227972875828818E-02    0.521651843055871289E+01    0.251964160799980164E+03   -0.104772067070007324E+01    0.273590743541717529E+01    0.523895277214050270E+00
    0.266556271492639002E-02    0.521339721574552595E+01    0.281831571891069927E+03    0.112252761798727008E+00    0.333484025179006593E+01    0.216812192538430731E+00
    0.268738292371085985E-02    0.518146692806644715E+01    0.297987876832485199E+03   -0.133656847476959229E+01    0.367974400520324707E+01    0.152168313717842119E+00
    0.269194613949404931E-02    0.516244877860551910E+01    0.289794211089611053E+03   -0.373421370983123779E+00    0.249379873275756836E-01    0.451785132837295544E+00
    0.271885425467624075E-02    0.512693146320099302E+01    0.295322512090206146E+03   -0.194317150115966797E+01    0.184036910533905029E+01    0.354429665565490701E-01
    0.278170595176872610E-02    0.506559880411406382E+01    0.170454779267311096E+03    0.851292788982391357E+00    0.932247042655944824E+00    0.383657752132415764E+00
    0.276918774294531659E-02    0.505899449932719136E+01    0.180476450920104980E+03   -0.522017002105712891E+00    0.354942798614501953E+01    0.470864056992530866E+00
    0.282932176246283949E-02    0.500040354048544167E+01    0.185715931653976440E+03   -0.866280853748321533E+00    0.159394145011901855E+01    0.346323641538619997E+00
    0.282973544767083866E-02    0.498448613474125501E+01    0.298284693231902679E+03   -0.857892955601495810E+00    0.319612966096693363E+01    0.247523187309480114E+00
    0.301835846961668371E-02    0.483980132553308895E+01    0.267115981019359708E+03    0.840080619524883332E-01    0.224545075288217255E+01    0.530946826583867715E+00
    0.304773873685528851E-02    0.480480275074399632E+01    0.213484103977680206E+03    0.632042586803436279E+00    0.177896142005920410E+01    0.342614024162292488E-01
    0.303537511702133000E-02    0.479730755870424375E+01    0.248909473419189453E+03    0.452733159065246582E+00    0.970449447631835938E+00    0.199588161921501167E+00
    0.313401801701333228E-02    0.471772080092590063E+01    0.178702054302850144E+03   -0.168604060232261688E+01    0.243223605703582368E+01    0.205468583423372986E+00
    0.313305999747520453E-02    0.470270726262679428E+01    0.238299688073568518E+03   -0.122644461761807566E+01    0.295431215603283626E+01    0.463784709552615859E+00
    0.314332711478697161E-02    0.468053892724213672E+01    0.292997906350527785E+03    0.374674357077390052E+00    0.850209062858045428E+00    0.151160065788162296E+00
    0.347157398273254675E-02    0.446626140964772489E+01    0.253354483842849731E+03   -0.132449084520339966E+01    0.347156286239624023E+01    0.259255786299705526E+00
    0.348824453841721548E-02    0.444105536237459653E+01    0.236436718702316284E+03   -0.778353214263916016E+00    0.966634750366210938E+00    0.400144822955131541E+00
    0.348149404737479497E-02    0.442930453531244872E+01    0.237559214375266123E+03   -0.188347023217917298E+01    0.817753721784148624E+00    0.515935776824506087E+00
    0.360703164789264070E-02    0.434283223472823643E+01    0.325629639220660977E+03   -0.627837767936622271E+00    0.105262774854041119E+01    0.156114284915756268E+00
    0.364986349152978101E-02    0.430359805190716838E+01    0.290865954756736755E+03   -0.130158746242523193E+01    0.263152956962585449E+01    0.388726072740554818E+00
    0.363182512736431005E-02    0.429788196287986857E+01    0.313978683948516846E+03    0.624395966529846191E+00    0.286212980747222900E+01    0.169143165278434759E+00
    0.363862196601298388E-02    0.427851752812904884E+01    0.130787751078605652E+03   -0.823664844036102295E+00    0.489337325096130371E+01    0.254583401584625280E+00
    0.361445417674642134E-02    0.427622087501756010E+01    0.233637900650501251E+03    0.529459714889526367E+00    0.394502043724060059E+01    0.658840396642684928E-01
    0.361030928595787231E-02    0.426289069962445577E+01    0.238495783507823944E+03   -0.992922782897949219E-01    0.399277389049530029E+01    0.686277849912643456E-01
    0.359632002555709557E-02    0.425503037149377583E+01    0.184703062474727631E+03   -0.123495727777481079E+01    0.438230812549591064E+01    0.177644101667404186E+00
    0.366702163679364854E-02    0.420046800757724093E+01    0.128444170951843262E+03   -0.789509415626525879E-01    0.356698274612426758E+01    0.222120547771453881E-01
    0.383008156204717176E-02    0.409783038945648403E+01    0.314890447258949280E+03   -0.577814280986785889E+00   -0.155594348907470703E+00    0.530038339447975182E+00
    0.389790017441701397E-02    0.404710160389332252E+01    0.144846595627440934E+03    0.287925855462280111E+00    0.392008434392276506E+01    0.389795868857454708E+00
    0.394420500512651390E-02    0.400785775778149489E+01    0.161918311306793470E+03   -0.141251704556465674E+01    0.262450285109824133E+01    0.263890495294728633E+00
    0.395467434154085726E-02    0.398693107277758063E+01    0.343656573504126641E+03    0.642565695285158167E+00    0.305769350373995863E+01    0.313230805940278648E-01
    0.398319770846587793E-02    0.395693270444368927E+01    0.316351481181384372E+03   -0.154645978961278918E+01    0.429361929953929078E+00    0.444155574941962783E+00
    0.399767408867718419E-02    0.393405215820467191E+01    0.338024917416186952E+03   -0.107174223123112666E+01    0.135979259814748232E+01    0.111247973388451049E+00
    0.400601127101543088E-02    0.391426048498899748E+01    0.216503708064556122E+03    0.389004051685333252E+00    0.951006412506103516E+00    0.384989127087593086E+00
    0.407504205832094537E-02    0.386446545113561069E+01    0.172609474326473276E+03   -0.760198543309808406E+00    0.212174234219180136E+01    0.331533859678021958E+00
    0.407775835460416104E-02    0.384750775746170204E+01    0.296976241469383240E+03    0.881761610507965088E+00    0.306841909885406494E+01    0.945739536523819008E-01
    0.412793031837404602E-02    0.380742529093954518E+01    0.319041644448184286E+03    0.895393011913946602E+00    0.317796003051442177E+01    0.915011495998488758E-02
    0.416743472347837728E-02    0.377275124196022915E+01    0.330814044852538700E+03    0.768696979431586769E+00   -0.367322014981379397E-01    0.312077407804709828E+00
    0.413827865113872411E-02    0.377116775328407661E+01    0.345277365196473795E+03    0.984860225091913399E+00    0.226220462919869370E+01    0.209856241748020450E+00
    0.413349964990541822E-02    0.375785374450803600E+01    0.225754137337207794E+03   -0.113499635457992554E+01    0.290286719799041748E+01    0.417841468548774742E+00
    0.410666033319135367E-02    0.375525733214802004E+01    0.267373263835906982E+03    0.443569302558898926E+00    0.567036867141723633E-01    0.488572916722297690E+00
    0.411201424126459748E-02    0.373702660355658800E+01    0.223616832494735718E+03   -0.432872712612152100E+00    0.189563035964965820E+01    0.208673500370979315E+00
    0.408172294216985459E-02    0.373618920848671809E+01    0.326050979309705440E+03   -0.155802713261257564E+01    0.201777213099756914E+01    0.430528569028393648E+00
    0.409130124483592528E-02    0.371587644208250856E+01    0.153595808148384094E+03    0.829081594944000244E+00    0.344328761100769043E+01    0.422429753136634833E+00
    0.407278048939638000E-02    0.370932572027532270E+01    0.309591273310000020E+03   -0.161296472996784335E+01    0.306804170745439819E+01    0.166216256129938789E+00
    0.406518470609515750E-02    0.369743422629287544E+01    0.147217548657119153E+03   -0.113857966082654882E+01    0.356525500329000700E+01    0.512862180511411747E+00
    0.404980172169118469E-02    0.368939174190969110E+01    0.289343748207842737E+03   -0.188149345704582283E+01    0.327320789218094177E+01    0.172913552319999914E+00
    0.412935903808742295E-02    0.363485818985602327E+01    0.340413208305835724E+03   -0.182422035932540894E+01    0.238216698169708252E+01    0.301323147583007822E+00
    0.410693388876167374E-02    0.363012411126417645E+01    0.176720333849138115E+03   -0.163813269498444569E+01    0.436481487317581518E+01    0.165036132908159827E+00
    0.407885549747142619E-02    0.362821971905812291E+01    0.348774619400501251E+03    0.550628602504730225E+00    0.292952120304107666E+01    0.259383898258209247E-01
    0.405492507114786106E-02    0.362436316801939196E+01    0.212818889856536828E+03   -0.475395105029878806E-01    0.785368223427661327E+00    0.536040713934334723E+00
    0.407014769655811553E-02    0.360124401078206802E+01    0.248598055541515350E+03   -0.121117126941680908E+01    0.335278630256652832E+01    0.207086754441261289E+00
    0.405527903696869564E-02    0.359293859001057481E+01    0.207316641185304576E+03   -0.739352701273700896E+00    0.366316119291845332E+01    0.219383486371809044E+00
    0.408688660388421485E-02    0.356178566926688145E+01    0.254272368358047657E+03   -0.102352361723613416E+01    0.266734323849529886E+01    0.372097262957462260E+00
    0.406113968077153383E-02    0.355880029899197403E+01    0.127998991310596466E+03   -0.190142560005187988E+01    0.426002204418182373E+01    0.251008003234863275E-01
    0.405972615797635817E-02    0.354387154140628402E+01    0.348322603076601581E+03   -0.119248437024737552E+01    0.142699342457304468E+01    0.514228295417227255E+00
    0.403863556286267449E-02    0.353866378060725850E+01    0.286192286014556885E+03   -0.187844532728195190E+01    0.181463479995727539E+01    0.190799067449569704E+00
    0.411065192906332789E-02    0.348768931425676332E+01    0.325333137262159084E+03   -0.330039787053933775E+00    0.115482829077218963E+01    0.180467924969767574E+00
    0.408195620382264049E-02    0.348607491607094033E+01    0.317604606115912986E+03   -0.893582480445712868E+00    0.260217451592217408E+01    0.219923467975872505E+00
    0.410340904012307731E-02    0.345996638367813381E+01    0.247580119228134350E+03   -0.128578588192683752E+01    0.130014139941448370E+01    0.404435572999926551E+00
    0.408104422869338609E-02    0.345527179838613030E+01    0.229442808153849626E+03   -0.110286669931636050E+01    0.180768612659707362E+01    0.297923035130424729E+00
    0.407004839025058938E-02    0.344504280877487723E+01    0.342678789794445038E+03   -0.101669269800186157E+01    0.284800767898559570E+01    0.105670325732231146E+00
    0.404301447665937359E-02    0.344274644388574869E+01    0.166453902423381805E+03   -0.169883406162261963E+01    0.334341824054718018E+01    0.117413808202743539E+00
    0.405589382261824227E-02    0.342076041035388156E+01    0.304607890546321869E+03   -0.240663826465606689E+00    0.264683604240417480E+01    0.195368519067764285E+00
    0.403457110098912140E-02    0.341567758373962072E+01    0.264952088769320994E+03   -0.147158329559710177E+01    0.243723287362391616E+01    0.407873826747076340E+00
    0.400457752832397446E-02    0.341497640874575215E+01    0.318759113988922081E+03    0.594504080341339947E+00    0.177362515675100418E+00    0.335263553583748874E+00
    0.398523980114663667E-02    0.340903261377916689E+01    0.153366758629755680E+03    0.685873366743949830E-01    0.335350832882898864E+01    0.450616495279569762E+00
    0.397658532068690188E-02    0.339775560371159724E+01    0.210917380129232072E+03   -0.145838713456125024E+01    0.130568806360540179E+01    0.535575601319099759E+00
    0.397582127320982633E-02    0.338251491377945479E+01    0.159674281592038710E+03   -0.108882502694972527E+01    0.288870965157205184E+01    0.239543976855723012E+00
    0.396122244054239198E-02    0.337424723706364871E+01    0.172530460357666016E+03    0.389511704444885254E+00    0.141462981700897217E+01    0.456354277396202102E+00
    0.402889118661983649E-02    0.332474518992718249E+01    0.315358452498912811E+03    0.505239009857177734E+00    0.903194546699523926E+00    0.163855809044837958E+00
    0.400694333659282892E-02    0.332004520563711081E+01    0.251769270773777606E+03   -0.844248378533802857E-01    0.351815271034327459E+01    0.606571591919787476E-01
    0.397857719393037660E-02    0.331862905369601213E+01    0.279220312450322126E+03   -0.532080525960281214E+00    0.102525023266309212E+01    0.356138790109563064E+00
    0.404201880695873213E-02    0.327136404282543136E+01    0.248601046204566956E+03   -0.151083928346633911E+01    0.115839838981628418E+01    0.482648412466049226E+00
    0.402395311086618194E-02    0.326469802581480639E+01    0.289629528056718016E+03   -0.887191739067247909E-01    0.152284820707022117E+01    0.162771086754015637E+00
    0.400721313454886503E-02    0.325741054494907534E+01    0.166888554565542279E+03   -0.266042655259201233E+00    0.303700159266633207E+01    0.479596911058904951E+00
    0.397859889182374058E-02    0.325611814636250330E+01    0.168147217838885467E+03   -0.234717333681275786E+00    0.331824445299408666E+01    0.391112341058544255E+00
    0.399499748700859070E-02    0.323226668616764945E+01    0.158513034880161285E+03   -0.181857573986053467E+01    0.382261931896209717E+01    0.450410940170288127E-01
    0.397343152241505602E-02    0.322746741717350805E+01    0.345021751386353799E+03   -0.487293148234035911E-02    0.980312492847702721E+00    0.548884624890254802E+00
    0.395412631468901841E-02    0.322158324595541989E+01    0.289040254207017426E+03   -0.185939002910361162E+01    0.291121124276616161E+01    0.207633456980519410E+00
    0.392606231215962727E-02    0.322020365174735890E+01    0.328738025026757839E+03   -0.119855440535279634E+00    0.105485952822883089E+01    0.558565907922080829E+00
    0.389784766229598267E-02    0.321900354787463128E+01    0.129120977589191568E+03   -0.876995446564884817E+00    0.444128376990378904E+01    0.266098976929173281E+00
    0.386943237857658318E-02    0.321801193837177424E+01    0.297512675424986924E+03   -0.133953753450755775E+01    0.197129787875606155E+01    0.425311763402176746E+00
    0.387449540009437944E-02    0.319977171654435955E+01    0.184265500307083130E+03   -0.101917552947998047E+01    0.285804152488708496E+01    0.476400643014907865E+00
    0.386045999477486459E-02    0.319140489452065257E+01    0.269510903954505920E+03    0.354690551757812500E+00    0.164973139762878418E+00    0.528911909508705147E+00
    0.385659338216357483E-02    0.317778408588539341E+01    0.338008752010270769E+03   -0.451239311160004597E+00    0.203760784138304452E+01    0.272929349011484357E+00
    0.383537406477555028E-02    0.317319364699678186E+01    0.242264614831694303E+03    0.728278913503603409E+00    0.412196521396552384E+00    0.468190491866315450E+00
    0.381263520949378732E-02    0.316946137435558484E+01    0.282952606678009033E+03   -0.526978194713592529E+00    0.143050849437713623E+01    0.254347341227531443E+00
    0.380715797763109135E-02    0.315671164021729167E+01    0.306894278440035293E+03   -0.495502871788806587E-01    0.165375956924212453E+01    0.864688140955038181E-01
    0.378106603033775534E-02    0.315484060957624735E+01    0.165851947665214539E+03   -0.103532528877258301E+01    0.324502527713775635E+01    0.440808343291282656E+00
    0.375657241178959300E-02    0.315221368845659455E+01    0.160399150848388672E+03   -0.999983429908752441E+00    0.358663320541381836E+01    0.359955402159690852E+00
    0.373050933242924029E-02    0.315051303737000943E+01    0.342189326019558848E+03   -0.897521182727125888E+00    0.811852780540604613E+00    0.334629376660612932E+00
    0.370927083569590633E-02    0.314630695241726821E+01    0.163131482017401254E+03   -0.995724177496681850E+00    0.328822784930254741E+01    0.435141950285817425E+00
    0.369485948341354920E-02    0.313846753687361346E+01    0.187099951505661011E+03   -0.183267450332641602E+01    0.265960395336151123E+01    0.553575662112236078E+00
    0.367628027560620808E-02    0.313292469391309858E+01    0.148508542776107788E+03   -0.992337524890899658E+00    0.287431478500366211E+01    0.321878344559669516E+00
    0.367615918850395336E-02    0.311736556979162893E+01    0.266462353581163825E+03   -0.129460169038441597E+01    0.130727342312642314E+01    0.396635862023952068E+00
    0.365230888367524924E-02    0.311475850958402756E+01    0.330901573559571261E+03   -0.571446640714342591E+00    0.120855651615553317E+01    0.221159323026435983E+00
    0.362418152517552782E-02    0.311459563322619015E+01    0.329933194258280764E+03   -0.916634608821467189E+00    0.199021590864568232E+01    0.310603544980432855E+00
    0.361145478954415493E-02    0.310600622661542847E+01    0.274532320431071639E+03   -0.866471519940279933E+00    0.256453642140295290E+01    0.268915070032355430E+00
    0.359082860872218714E-02    0.310183661434218427E+01    0.318147123220531284E+03   -0.129972171558938321E+01    0.269358998017969498E+01    0.151948472157406589E+00
    0.358315992647990867E-02    0.309048744228675520E+01    0.300968643820751652E+03   -0.133136614392720620E+00    0.210386588247453687E+01    0.304283031651593261E+00
    0.355625184835199094E-02    0.308993830925574553E+01    0.312167305007220534E+03    0.647981244543925694E+00    0.653016765151438250E+00    0.242228592391407455E+00
    0.353554151307649981E-02    0.308599463898147830E+01    0.235242673281548349E+03   -0.801875695123367871E+00    0.192802390874854623E+01    0.272153385855202767E+00
    0.350859118325203998E-02    0.308567341730846412E+01    0.273585703674607601E+03   -0.121334603179561684E+01    0.253645521403124619E+01    0.287756867448200788E-01
    0.352464345886030917E-02    0.306091901708346992E+01    0.264818199543244077E+03   -0.124118285664168182E+01    0.270336174295172427E+01    0.262609536658150566E+00
    0.350735332577648820E-02    0.305512915692016129E+01    0.295945409056589881E+03   -0.192979496425504271E+01    0.265263431745451861E+01    0.441962944542426909E-02
    0.349873767169036958E-02    0.304442311011804723E+01    0.279666938919842323E+03   -0.116313495865829264E+01    0.202600051165533390E+01    0.164102679410838725E+00
    0.347218930544635103E-02    0.304403194899583074E+01    0.278319489306776859E+03   -0.127596610779319297E+01    0.196489787482664724E+01    0.192387544842733266E+00
    0.347073695286961208E-02    0.302924368701890412E+01    0.320105305314064026E+03   -0.614661574363708496E+00    0.133229434490203857E+01    0.227355021572113042E+00
    0.344597320415866454E-02    0.302793986223663403E+01    0.250096723338169284E+03   -0.601620529223233280E+00    0.108074916657680120E+01    0.468359362081729291E+00
    0.342229301538301417E-02    0.302610598905029837E+01    0.286796971353583899E+03   -0.394080873684546695E+00    0.206707477523583094E+01    0.351463852519289022E+00
    0.340211145507705566E-02    0.302231007639447391E+01    0.271435639433759320E+03   -0.127361765431130691E+01    0.330966588346728052E+01    0.661281380932550594E-01
    0.337951903941299510E-02    0.302001077985899657E+01    0.266808444261550903E+03   -0.149443703889846802E+01    0.235779881477355957E+01    0.130005763721466078E+00
    0.335349293447076294E-02    0.301984764724848631E+01    0.279421956599587531E+03    0.142832714395177085E+00    0.573057890771653256E+00    0.444056746584728879E+00
    0.334835906194483378E-02    0.300728679938606547E+01    0.218301429094492590E+03   -0.159156086648951423E+01    0.283725903773888177E+01    0.144031914531547983E+00
    0.332293859873297390E-02    0.300690356345368537E+01    0.254458710471208121E+03   -0.167101708661820103E+01    0.204917519523291780E+01    0.485923582547859556E+00
    0.331878580726564353E-02    0.299377959586915710E+01    0.171218453295165943E+03   -0.893720351836491123E+00    0.400939725832543203E+01    0.158450406723848414E+00
    0.329828130217114717E-02    0.299054955598348826E+01    0.341194233447038755E+03   -0.769352848054829286E+00    0.130802309217327917E+01    0.451859894258920147E+00
    0.328766967776228597E-02    0.298136956817641741E+01    0.184367682014684220E+03   -0.691700765041254328E-01    0.258248482050667771E+01    0.476399314365004656E+00
    0.327247362415515695E-02    0.297501026868785168E+01    0.233394275652499516E+03   -0.134323751616325748E+01    0.274147967283255234E+01    0.109424388711355569E+00
    0.325006304209121384E-02    0.297312879909536987E+01    0.231056328117847443E+03   -0.763472497463226318E+00    0.299042940139770508E+01    0.237119370460510265E+00
    0.323044828802237626E-02    0.296961075360405236E+01    0.223018818022011487E+03   -0.111864044186391243E+01    0.261009219276362447E+01    0.387060528469106269E+00
    0.320939860421064465E-02    0.296706044878266395E+01    0.302709020674228668E+03   -0.440738737583160400E+00    0.235049664974212646E+01    0.219402049541473410E+00
    0.318937080505325189E-02    0.296395527144103577E+01    0.242095048104103398E+03   -0.160823235675052567E+01    0.151177611110252652E+01    0.460618369990390408E+00
    0.316833378464363886E-02    0.296156592710276367E+01    0.296844376127271801E+03   -0.820673756167853652E+00    0.135875346974864364E+01    0.529156462983291109E+00
    0.314942101122439068E-02    0.295791532657015610E+01    0.233778770187402586E+03   -0.990792027006917042E+00    0.296262962902281934E+01    0.203031581385266502E-01
    0.312636406478069033E-02    0.295698620917652999E+01    0.306906722710001929E+03    0.892861320715023332E+00    0.925591566357482520E+00    0.169476092305863080E+00
    0.310757727348525206E-02    0.295341576480996171E+01    0.303723871944896814E+03   -0.109316119073749718E+01    0.195238109948553884E+01    0.350327890934504282E+00
    0.309012372205179223E-02    0.294905532732133047E+01    0.151909783082899594E+03    0.816735556757368197E+00    0.348506943890475007E+01    0.316426854661253643E+00
    0.306664071318120401E-02    0.294868712201946170E+01    0.293969218895573817E+03   -0.478866550041645800E+00    0.181017072755308739E+01    0.394566279297345612E+00
    0.304340620701573986E-02    0.294827288453089409E+01    0.256651864673140722E+03   -0.757630488440013794E+00    0.161406723272790487E+01    0.325555263997379718E+00
    0.302413039158182196E-02    0.294535543394138921E+01    0.248025569090830373E+03   -0.118940067840506680E+01    0.327032181235456143E+01    0.121430189010295522E+00
    0.300579137653781076E-02    0.294189581338951278E+01    0.250059164425863003E+03   -0.153958586089479454E+01    0.204880803034215120E+01    0.286229311626105765E+00
    0.298858148328130400E-02    0.293775487749060149E+01    0.343160946879145229E+03    0.136297959599037899E+00    0.227594768837309047E+01    0.139689426790811033E+00
    0.296828570520561502E-02    0.293575842146745680E+01    0.210758764217380559E+03   -0.983066506822883213E+00    0.317445270092940213E+01    0.250850704822660642E+00
    0.295912126949540418E-02    0.292631787483923844E+01    0.314895045476158430E+03   -0.179111699918599410E+01    0.310434970105046304E+01    0.233302760035500219E-01
    0.294177386311273315E-02    0.292245207812441876E+01    0.271610083255876532E+03   -0.136054643194779890E+01    0.285133179165293349E+01    0.175671473264143535E+00
    0.293648358344025112E-02    0.291042697564429398E+01    0.308294977161458405E+03   -0.774051822649608701E+00    0.293984978801413455E+01    0.392526361624906742E-01
    0.291779543879950535E-02    0.290757089769205024E+01    0.154493327526975861E+03   -0.171694558546575671E-01    0.293900437343575049E+01    0.488037065598255104E+00
    0.291702899676895980E-02    0.289247132363651804E+01    0.338377977336794117E+03   -0.387475888574909888E+00    0.162293535848158843E+01    0.332371750284476131E+00
    0.289588697933509205E-02    0.289139469195698773E+01    0.178820861954196999E+03   -0.412928593080099660E+00    0.215945167917541347E+01    0.386854071054201776E+00
    0.288444649640769591E-02    0.288368653475777137E+01    0.152071388065814972E+03   -0.102014309167861938E+01    0.322724759578704834E+01    0.254545872116088867E+00
    0.286581307453493035E-02    0.288102337542839360E+01    0.254141376912593842E+03   -0.788016676902770996E+00    0.266185283660888672E+01    0.520201422214508075E-01
    0.284837933752564226E-02    0.287760222846331937E+01    0.173593194665336256E+03   -0.145226033628274487E+01    0.342503098156047692E+01    0.144835786992667165E+00
    0.282741831963160975E-02    0.287674950503424753E+01    0.334318505227565765E+03    0.862719893455505371E+00    0.144457638263702393E+01    0.344713081455230719E+00
    0.280547544325103222E-02    0.287670654034217055E+01    0.193659977614879608E+03   -0.161502933502197266E+01    0.186616837978363037E+01    0.539040908360481241E+00
    0.278470133100720135E-02    0.287594633529497967E+01    0.255133557264959478E+03   -0.753769200366705361E+00    0.282462254283662162E+01    0.101556315584746637E-02
    0.276641206730444608E-02    0.287350019046718419E+01    0.282238356594305174E+03   -0.834073689759168513E+00    0.163636051440591235E+01    0.464415400952905733E+00
    0.274739457127614510E-02    0.287167151862054837E+01    0.256533442984951876E+03   -0.120509475243556086E+01    0.239768378636637181E+01    0.326604378502225678E+00
    0.272991953243413793E-02    0.286880831960822480E+01    0.186227289440148439E+03    0.235575212497192155E+00    0.285757119944745774E+01    0.693705408432768456E-01
    0.271316715982816139E-02    0.286549429420682111E+01    0.279366025135512245E+03   -0.156254019149229162E+01    0.275646945459097026E+01    0.175594411222253166E+00
    0.269494535638083871E-02    0.286334673007561102E+01    0.247736514853565723E+03   -0.172166229378032098E+01    0.265117569498729999E+01    0.295797607211027880E+00
    0.267812033267718743E-02    0.286024722644575258E+01    0.190807619741407109E+03   -0.148525846900481628E+01    0.418620926711810526E+01    0.199623048841233997E-01
    0.265745598818510100E-02    0.286011404706231565E+01    0.335787421937227634E+03   -0.118443588070087169E+01    0.285517752080764442E+01    0.993590626301168491E-02
    0.264815586532721192E-02    0.285150059079366303E+01    0.290242421627044678E+03   -0.189096552133560181E+01    0.280527412891387939E+01    0.148499432873725884E+00
    0.262875929863392579E-02    0.285057861591148054E+01    0.214522628486156464E+03    0.743683278560638428E+00    0.358226299285888672E+01    0.453296273946762127E-01
    0.261657198768254972E-02    0.284424746769479553E+01    0.300848646442386439E+03    0.592224852835357307E+00    0.158212206992184257E+01    0.386478420472416817E+00
    0.259881964528792600E-02    0.284223786780629428E+01    0.333655255649480807E+03    0.684839127159467154E+00    0.264700293229075623E+01    0.130150578648716344E-01
    0.257923335708504578E-02    0.284174317381636321E+01    0.273535431175738040E+03   -0.159019262348752477E+01    0.257285061525516312E+01    0.232748221567630059E+00
    0.257991545586240285E-02    0.282558932783337236E+01    0.204440390257727103E+03    0.594622175109393858E+00    0.381087127449907115E+01    0.144270036675800007E-01
    0.256591187998470157E-02    0.282084973811457029E+01    0.129444546942219773E+03   -0.131195214383030456E+01    0.338321681519417616E+01    0.365652069640925892E+00
    0.254732582902693827E-02    0.281976435772288214E+01    0.269754954102356237E+03   -0.113136738252301283E+01    0.213933829730559211E+01    0.206122733275400316E+00
    0.253079597521681634E-02    0.281715985059784790E+01    0.280805140902334927E+03   -0.136885127123745720E+01    0.133261843269929958E+01    0.552041275196664460E+00
    0.251282810831105928E-02    0.281578487607230343E+01    0.309179635345935822E+03   -0.176100963354110718E+01    0.292992413043975830E+01    0.426650351285934454E-01
    0.249523384087455653E-02    0.281421268931725788E+01    0.295928008965678316E+03    0.986220983076747437E+00    0.173202701434443362E+01    0.333435439019778401E+00
    0.247747166374019017E-02    0.281287548710404156E+01    0.260558449259138683E+03   -0.144388693033797799E+01    0.221993363524334164E+01    0.352636686228940843E+00
    0.246040579936659259E-02    0.281107499567118113E+01    0.184807440638542175E+03   -0.197531545162200928E+01    0.290153324604034424E+01    0.401756986570358299E+00
    0.244763254869364861E-02    0.280586008508397322E+01    0.346596812344281716E+03    0.811095750128295823E+00    0.485951698705435753E+00    0.250648141786917633E+00
    0.243180620050140487E-02    0.280320903926566256E+01    0.299579399934814091E+03   -0.474581034897564091E+00    0.176275975479568281E+01    0.355732661441250098E+00
    0.241297619746251753E-02    0.280313074193170930E+01    0.299834034755499545E+03   -0.138798124403187861E+01    0.288126099633019095E+01    0.641183336382135094E-01
    0.240264769618774021E-02    0.279608491450861596E+01    0.289769190462957681E+03   -0.162791881107891445E+01    0.244243276642011420E+01    0.133729218721360149E+00
    0.238695524489842322E-02    0.279356539121137448E+01    0.247794224321842194E+03   -0.180348438024520874E+01    0.216843187808990479E+01    0.403868257999420166E+00
    0.237049590991141772E-02    0.279177923064186473E+01    0.325799012009718581E+03   -0.193330685577078976E+01    0.239871524030198557E+01    0.941860776390456289E-01
    0.235850046179961930E-02    0.278630054744661226E+01    0.301316958337821973E+03   -0.689737111288379889E+00    0.176300368859464207E+01    0.207053736211898959E+00
    0.234071734682500705E-02    0.278581270481066134E+01    0.323444111352738787E+03    0.820909919968271229E+00    0.170882951904388314E+01    0.281710683427175923E+00
    0.232579848346857205E-02    0.278297575887670146E+01    0.168163901704593002E+03   -0.627228611501915445E-01    0.213509631347778850E+01    0.431316462028071279E+00
    0.230772386574065475E-02    0.278295418801264738E+01    0.255901444979228216E+03   -0.847747448844329510E+00    0.163027735031163701E+01    0.506745131114457403E+00
    0.229073716722265341E-02    0.278210524083682342E+01    0.130865858524674593E+03   -0.164204397562525917E+01    0.341177524167442847E+01    0.399947905176676943E+00
    0.227355852610795729E-02    0.278153511316231672E+01    0.307494392971097000E+03   -0.134492261738797203E+01    0.143353324074631239E+01    0.439493740986963810E+00
    0.225875942671150028E-02    0.277897111386507900E+01    0.288132070069285191E+03    0.433922696647171868E+00    0.266193459019606671E+01    0.109492132891842023E+00
    0.224318506386576378E-02    0.277718406767363968E+01    0.283100356161594391E+03    0.145952641963958740E+00    0.222978770732879639E+01    0.952688970565795934E-02
    0.223311428890355171E-02    0.277055827988891368E+01    0.347342905312401570E+03   -0.113065563324895857E+01    0.899223311123478197E+00    0.504054075461123574E+00
    0.221630931956849934E-02    0.277004089896178618E+01    0.150350387774126034E+03   -0.451056135741100261E+00    0.351654345182236305E+01    0.315356890550653246E+00
    0.220131907292892308E-02    0.276798906794965927E+01    0.146023328401698535E+03   -0.184440085199947701E+01    0.357617206554742140E+01    0.335845703235141624E+00
    0.218802286900566037E-02    0.276448091349810054E+01    0.280009141901648889E+03   -0.169668635652290578E+01    0.257686974136260893E+01    0.170437144897561232E+00
    0.217143446923918687E-02    0.276407659675498607E+01    0.180099447074229630E+03   -0.153956105959507816E+01    0.307716670026382744E+01    0.324909319573583155E+00
    0.215472526675890980E-02    0.276390112852374692E+01    0.158024151763731851E+03   -0.116121023476331930E+01    0.268903742771702614E+01    0.440615416524868464E+00
    0.213862350124674732E-02    0.276327778981511729E+01    0.254341377268535581E+03   -0.161102473913377819E+01    0.213083119830607970E+01    0.365639678721099703E+00
    0.223046968724177185E-02    0.267915787077310608E+01    0.232021143949576128E+03   -0.714892476920051090E+00    0.294232639930850226E+01    0.128660957845981666E+00
    0.226854491708994429E-02    0.264530500097659038E+01    0.290809400379657745E+03   -0.216480851173400879E+00    0.258577585220336914E+01    0.562863557338714581E-02
    0.219526950284538915E-02    0.271097260286509201E+01    0.296755769694611843E+03   -0.444625380103432555E+00    0.282678531656736620E+01    0.313240060444267346E-01
    0.222281198992111675E-02    0.268603612858249630E+01    0.221271964039622162E+03   -0.717456837066451580E+00    0.341464077703095370E+01    0.426590631490450650E-01
    0.213890521264170630E-02    0.276299401101898390E+01    0.191473690453347842E+03   -0.170178462357358073E+01    0.401660682447772110E+01    0.167201281561483971E-01
    0.217783262871264942E-02    0.272692189105107063E+01    0.217381538356549953E+03   -0.121262746246786701E+01    0.363940674200907033E+01    0.594411252156072743E-02
    0.216015577334966857E-02    0.274322156875023282E+01    0.226483616090639089E+03   -0.141508416610950416E+01    0.339015239769193499E+01    0.645878590430174759E-01
    0.215545569858989006E-02    0.274757791699761933E+01    0.247971648188689983E+03   -0.135885882364553834E+01    0.254473980497773766E+01    0.254773917447998766E+00
    0.222817000054114896E-02    0.268122099949898596E+01    0.277827424492386626E+03   -0.186772424599961351E+00    0.193277076936130587E+01    0.193032470089052277E+00
    0.223429461110758766E-02    0.267573110550985671E+01    0.343045417634474120E+03   -0.616093961361940279E+00    0.195627986773208207E+01    0.150832194699719008E+00
    0.215354427623243565E-02    0.274935227067039145E+01    0.321270077413070794E+03   -0.142036847147903900E+01    0.230327939402914694E+01    0.143564080119943760E+00
    0.220862714718775407E-02    0.269883999725027479E+01    0.327193143083468499E+03   -0.874979792480090168E+00    0.237750430518120393E+01    0.559081516517607804E-01
    0.217810657142722061E-02    0.272667033316438046E+01    0.287512549757957458E+03   -0.848244607448577881E+00    0.198097407817840576E+01    0.223888185739517215E+00
    0.225208076075280803E-02    0.265987309867436794E+01    0.254636646266431683E+03   -0.516252286874286703E+00    0.234174429332037359E+01    0.234390440320878385E+00
    0.220867954366744295E-02    0.269879255071023794E+01    0.297394157358778955E+03   -0.862804820970904274E+00    0.273960243175410678E+01    0.372298962358074900E-01
    0.214495587342787650E-02    0.275734428084498795E+01    0.312545612139869604E+03   -0.144676809875951684E+01    0.234873110354938408E+01    0.110029262210824777E+00
    0.220229953090561462E-02    0.270457812992345303E+01    0.296210567172218248E+03   -0.213005404689140754E+00    0.233374910898583465E+01    0.166820112578376506E+00
    0.244769854319329752E-02    0.249328581563108331E+01    0.348986795544624329E+03    0.471366286277770996E+00    0.189461588859558105E+01    0.127483612847328204E+00
    0.229159698134303019E-02    0.262508434896282239E+01    0.184732258319854736E+03    0.292967379093170166E+00    0.379017651081085205E+01    0.387783127784728995E-01
    0.243589406580086657E-02    0.250295451761153620E+01    0.201824936436957614E+03    0.392474756285414728E+00    0.340649702064464499E+01    0.604181826651343026E-01
    0.258747668319315657E-02    0.238221594707561390E+01    0.188402050802504817E+03    0.471562275770983863E+00    0.325384183656090720E+01    0.518496456705434261E-01
    0.260397166094399491E-02    0.236950655873856864E+01    0.161908658285566901E+03    0.607706359081831238E+00    0.325731058997167011E+01    0.106873616413264205E+00
    0.235096374819558727E-02    0.257393154212297803E+01    0.219507366550070458E+03   -0.380479556036170674E-01    0.326044060427032889E+01    0.394513779722897653E-01
    0.255976531332507973E-02    0.240375108191131792E+01    0.203934427990922813E+03    0.558034150540807516E+00    0.243484033353284879E+01    0.186496363858952685E+00
    0.256777178757748538E-02    0.239750521329882593E+01    0.226776712425947267E+03    0.526381097412762067E+00    0.242835191863716826E+01    0.223646825991803244E+00
    0.267450760376392298E-02    0.231605166143453411E+01    0.243499507858857100E+03    0.777384482520139031E+00    0.252514270418741127E+01    0.932472738821513020E-01
    0.225479165641675593E-02    0.265746708781809549E+01    0.230102014202547707E+03    0.607634654014401310E+00    0.304904032969674432E+01    0.116480536574951318E+00
    0.248820345220543285E-02    0.246046035166847732E+01    0.281381313036720371E+03    0.293146025701750190E+00    0.245495356909971907E+01    0.712931911262109502E-01
    0.259096215298794917E-02    0.237952365279048950E+01    0.265540108084678650E+03    0.680938363075256348E+00    0.247224092483520508E+01    0.952996712207794250E-01
    0.246619472755965847E-02    0.247822950838129286E+01    0.292823410240601333E+03    0.479213893469490504E+00    0.189571900521941217E+01    0.894942559519595338E-01
    0.259734293453051275E-02    0.237460429307518917E+01    0.288073707769692476E+03    0.521572801966471822E+00    0.234825675947627666E+01    0.692943769028045858E-01
    0.266750327755821805E-02    0.232129637573799252E+01    0.280746717247644256E+03    0.697846878535472559E+00    0.247035982789661990E+01    0.946726850119293355E-02
    0.265625900653498068E-02    0.232974475276402426E+01    0.302440661289662557E+03    0.649657837072528555E+00    0.184967486368481815E+01    0.117339008425238631E+00
    0.232167764567746187E-02    0.259900214654976303E+01    0.259801447811630283E+03    0.101061358658768086E+00    0.203211858496225783E+01    0.177905390441944533E+00
    0.236352572147511359E-02    0.256327333356007436E+01    0.299839043603933078E+03    0.511401265233928370E-01    0.218283646139426768E+01    0.146285118715248325E+00
    0.244978504494575882E-02    0.249158167362333849E+01    0.239979930757873433E+03    0.208559975934626607E+00    0.207670850998798073E+01    0.245964619068903573E+00
    0.217710975976679851E-02    0.272758584376319169E+01    0.224406104222244721E+03   -0.181978843092332365E+00    0.351372069546597743E+01    0.266493305891923847E-01
    0.237012883234714302E-02    0.255769361490524538E+01    0.270393233061924434E+03    0.958888453145165798E-01    0.238221355960931280E+01    0.692201962621553507E-01
    0.224103790550628235E-02    0.266970402307351096E+01    0.176463535260087440E+03    0.321287155850801032E+00    0.278717778113063996E+01    0.153467670180712557E+00
    0.238409774332447571E-02    0.254594074536619219E+01    0.263548794052733001E+03    0.136450172758891597E+00    0.188709143804072177E+01    0.222471451430753669E+00
    0.227546509832191306E-02    0.263921330086282513E+01    0.203307915896672512E+03   -0.778256682928346599E-01    0.301846228747492518E+01    0.977932073641599453E-01
    0.249047190932336852E-02    0.245863781285227301E+01    0.190320466575526098E+03    0.567398319392115269E+00    0.334771281670284537E+01    0.103794095792029209E+00
    0.243382809269077809E-02    0.250465151236137640E+01    0.264692379391136171E+03    0.348355723448426247E+00    0.219501118438271803E+01    0.218623723775749207E+00
    0.249225443202517665E-02    0.245720685104081937E+01    0.220711584389209747E+03    0.560644507408142090E+00    0.229629933834075928E+01    0.310268501114845274E+00
    0.232710776122209678E-02    0.259432985687497863E+01    0.238743093401775241E+03    0.919352603378530198E+00    0.234155936407721477E+01    0.264286437919147132E+00
    0.216639483585774053E-02    0.273745340154611405E+01    0.238257372674306851E+03    0.299219131662165960E+00    0.229613661389116608E+01    0.857551163299330177E-01
    0.229980462821210898E-02    0.261793389138168964E+01    0.160885481587310892E+03    0.363763111567713793E+00    0.337559492776486536E+01    0.554591897996275923E-01
    0.230151081486622364E-02    0.261645067489421290E+01    0.273504169944889327E+03    0.612481362588909839E+00    0.297625137619102453E+01    0.909629844040396769E-02
    0.256312820087904692E-02    0.240112530956005710E+01    0.238794658581176350E+03    0.464969607723923595E+00    0.273025159832589814E+01    0.919687820640537612E-01
    0.266248305828014741E-02    0.232506390566869259E+01    0.288206126871600304E+03    0.850926557028550246E+00    0.189579553769098297E+01    0.172817978718914689E+00
    0.215206648445887732E-02    0.275072516934955580E+01    0.312134429510142240E+03    0.427931539355711710E+00    0.222637470587289066E+01    0.165335809799193517E+00
    0.215448030688306308E-02    0.274848316637695245E+01    0.143928469717502594E+03    0.711362123489379883E+00    0.234721302986145020E+01    0.330757305049896255E+00
    0.268450511843710583E-02    0.230858944644120312E+01    0.145088181759195493E+03    0.937650909722674619E+00    0.275558311133065459E+01    0.319144282258210621E+00
    0.218381768806156975E-02    0.272143308505266379E+01    0.179391089208342578E+03    0.777097014125984753E+00    0.299113420562291843E+01    0.298862937693034181E+00
    0.250385555514182631E-02    0.244791870966928160E+01    0.151285480710154275E+03    0.308069202575694145E+00    0.363962675866103424E+01    0.116360256319498742E+00
    0.228921302439961429E-02    0.262716603945480864E+01    0.172371440191465837E+03    0.448400603207548265E+00    0.315104157483064107E+01    0.280211112405963692E+00
    0.218998401839598381E-02    0.271579374899334702E+01    0.143444430680863945E+03   -0.255714458290123847E+00    0.294892079403613305E+01    0.491533814801564883E+00
    0.228115946252932175E-02    0.263421454171933522E+01    0.214716994762420654E+03   -0.375367581844329834E+00    0.239548504352569580E+01    0.310476857900619518E+00
    0.227927320157886738E-02    0.263586899970343236E+01    0.164197699041590226E+03   -0.930661765481177738E-01    0.240873833401502591E+01    0.424069393220958879E+00
    0.236878715247586290E-02    0.255882609322849763E+01    0.166749112850905760E+03    0.340917314154661089E+00    0.235291739057268856E+01    0.352711715523237379E+00
    0.223985838123641609E-02    0.267075695911275890E+01    0.133723062190473712E+03   -0.670747730368125517E+00    0.356188550734551157E+01    0.312673266577141951E+00
    0.221402119300595458E-02    0.269396142850333176E+01    0.146234176088540636E+03   -0.851749643272046164E+00    0.301689054471396645E+01    0.410762198613154661E+00
    0.220538072369871668E-02    0.270178192591861110E+01    0.149835613793235325E+03   -0.675373140128419536E+00    0.329957741791939085E+01    0.353785232542927652E+00
    0.213876880283282288E-02    0.276312156614210513E+01    0.186296384504399697E+03   -0.177221021554924985E+01    0.290310011357616382E+01    0.344194029048411620E+00
    0.216678256352492195E-02    0.273709548620364718E+01    0.195813324490526185E+03   -0.118986372442712840E+01    0.233993631254440615E+01    0.420631294632314967E+00
    0.216415165069415178E-02    0.273952536670910751E+01    0.129000823679696879E+03   -0.125824315603044923E+01    0.340937407364637934E+01    0.399069910352469692E+00
    0.218780327501289862E-02    0.271778630223296824E+01    0.178508630566239788E+03   -0.783763338718948210E+00    0.244746730160690973E+01    0.482889234961761116E+00
    0.220774959700222343E-02    0.269963481186679033E+01    0.252133065001464217E+03   -0.727870784299293305E+00    0.160648391876435248E+01    0.419461869002078047E+00
    0.216565194006948644E-02    0.273813935516938622E+01    0.236415663361549377E+03   -0.112515854835510254E+01    0.196592688560485840E+01    0.385711978769302355E+00
    0.218292247731978126E-02    0.272225311163581063E+01    0.288016214728757348E+03   -0.106691184615539436E+01    0.194309218591430977E+01    0.302780570011688177E+00
    0.216306053050001161E-02    0.274053397934151244E+01    0.260312327443947879E+03   -0.128869241652736499E+01    0.156512765668972964E+01    0.454178060204155798E+00
    0.222003167319312399E-02    0.268853931555170655E+01    0.339070496698126817E+03   -0.450810135353410857E+00    0.143663040245957863E+01    0.319636844199288728E+00
    0.218641073447199078E-02    0.271905971097331323E+01    0.318268233537673950E+03   -0.958755373954772949E+00    0.136471569538116455E+01    0.345152005648612981E+00
    0.220530043533493769E-02    0.270185473858485548E+01    0.340911227464675903E+03   -0.907011806964874268E+00    0.994227528572082520E+00    0.422139377403259297E+00
    0.223075052556210738E-02    0.267890606673088394E+01    0.278925556305605994E+03   -0.701240776446449665E+00    0.130361230871429434E+01    0.466192127359115638E+00
    0.219272576817278143E-02    0.271329141571737820E+01    0.331659491237806606E+03   -0.102058005379932393E+01    0.656485607099217106E+00    0.540448103675508551E+00
    0.220974606041430318E-02    0.269782703324936612E+01    0.301757934997596067E+03   -0.883071313243795064E+00    0.131379878345856405E+01    0.414310008350518622E+00
    0.216362893854082179E-02    0.274000848931210683E+01    0.298718453364729839E+03   -0.762277187877725915E+00    0.100572527275730472E+01    0.554824123542211556E+00
    0.217163310043588971E-02    0.273262331082187693E+01    0.338007706841288496E+03   -0.122245493314096598E+01    0.889651539302578342E+00    0.468974842803312364E+00
    0.217360716746948677E-02    0.273080608825401328E+01    0.299413573272038661E+03   -0.101820562429878603E+01    0.154046041771340825E+01    0.396652850208318586E+00
    0.218201529444636165E-02    0.272308444801118821E+01    0.311503057749998334E+03   -0.112642632009752530E+01    0.907552505195921455E+00    0.518933234172193503E+00
    0.267571251437370488E-02    0.231515083073707162E+01    0.164981292864658343E+03    0.799032113389551490E+00    0.203385634189403497E+01    0.459642609911044830E+00
    0.250724701588598414E-02    0.244521155194189665E+01    0.205618154903812723E+03    0.353073848936357848E+00    0.175651807055061315E+01    0.484817879386155337E+00
    0.269017235005997602E-02    0.230437171709359934E+01    0.194825348817706470E+03    0.879372788491395774E+00    0.159846577008508284E+01    0.474682571223016936E+00
    0.248230781677313134E-02    0.246520484403804740E+01    0.273601679668101781E+03    0.261826190908863943E+00    0.157968479781073512E+01    0.331908207254728527E+00
    0.238154263839398389E-02    0.254808535131264158E+01    0.261244929149165841E+03    0.608534188448199398E+00    0.186873920342479316E+01    0.339655494916105638E+00
    0.239727661652176533E-02    0.253491554166567967E+01    0.266951982676982880E+03    0.581465959548950195E-01    0.187775850296020508E+01    0.284859140324592586E+00
    0.228859090789607002E-02    0.262770963329724960E+01    0.271938814936817607E+03    0.149653288753528901E+00    0.127293364358769523E+01    0.339384786853066889E+00
    0.245082342964885510E-02    0.249073411787672327E+01    0.267700903104947145E+03    0.194529645946759366E+00    0.109293085915415134E+01    0.498558839444013580E+00
    0.230664021458399380E-02    0.261199821506512020E+01    0.252325251929259252E+03   -0.516162246240217115E-01    0.118618788097681804E+01    0.564167987731169496E+00
    0.226687120741458263E-02    0.264678112550884359E+01    0.256985573670159908E+03    0.355433614258471309E+00    0.113268159736119145E+01    0.378180381637737817E+00
    0.225430786919154219E-02    0.265789625308652333E+01    0.226641391120582909E+03    0.657380014119763878E-01    0.138777400278078566E+01    0.445709246978339857E+00
    0.234086296688829987E-02    0.258254294022061970E+01    0.240312735787038832E+03    0.855039046215644749E+00    0.175538925631091303E+01    0.428307481647159871E+00
    0.235631253112922800E-02    0.256938642098009407E+01    0.252946264914880942E+03    0.822025992524336502E+00    0.175259958141977279E+01    0.393510973338047187E+00
    0.215937063812192886E-02    0.274394862552599683E+01    0.258961073245629905E+03   -0.104189790185609255E-01    0.139779730727243212E+01    0.535519968726952289E+00
    0.230659312171790053E-02    0.261203904791502106E+01    0.243924418311851639E+03    0.450574263771147621E+00    0.109055337358575510E+01    0.410594800065400944E+00
    0.234802093474827502E-02    0.257643660568934818E+01    0.237254185006803567E+03    0.774437311755509228E-01    0.149132466944514963E+01    0.409142309742938748E+00
    0.226101491424230295E-02    0.265195466236951960E+01    0.180555361037670252E+03   -0.342525707499927723E+00    0.235887647120440214E+01    0.462069668916351262E+00
    0.222606861509990189E-02    0.268310808798119727E+01    0.146067611873149872E+03   -0.182760834693908691E+00    0.235112607479095459E+01    0.512093487596511854E+00
    0.248016235445299967E-02    0.246693419444603279E+01    0.198481983419466360E+03    0.607809357953745355E+00    0.205876524023105922E+01    0.454972222501158985E+00
    0.222235002439230122E-02    0.268645183044352320E+01    0.192304430250618054E+03    0.135481181312006260E+00    0.192800135764165681E+01    0.380039419645188614E+00
    0.236773206011152296E-02    0.255971712086667269E+01    0.223870327770327151E+03   -0.154143289809840489E-01    0.203024855042454888E+01    0.362103714579578961E+00
    0.224373639074882444E-02    0.266729722586148554E+01    0.270486326724954210E+03   -0.264969776708127380E+00    0.130529606613115856E+01    0.404582228532250399E+00
    0.222444120940538514E-02    0.268457075705168569E+01    0.338658374697974978E+03    0.764779367268712207E+00    0.417075916069452823E+00    0.305511556426666997E+00
    0.220228882215395055E-02    0.270458785501084709E+01    0.346976842426085113E+03    0.215315568516926792E+00    0.272036389138953894E+00    0.430137547696906763E+00
    0.227348406382080334E-02    0.264095527207923819E+01    0.337867634374404020E+03   -0.330567341174172746E-01    0.731152214513005383E+00    0.386419568959077586E+00
    0.239112755720721293E-02    0.254005216962899283E+01    0.339808807772084322E+03    0.392382056370594867E-01    0.896873610501781826E+00    0.388000833369352982E+00
    0.238867889864562187E-02    0.254210133944238814E+01    0.329957024109303404E+03    0.567050304149101514E+00    0.991050270423232682E+00    0.425793552006723863E+00
    0.237658312843041890E-02    0.255225464990009732E+01    0.331236039256349216E+03    0.128899620972786622E+00    0.763625392202116338E+00    0.382873217302000801E+00
    0.258373976730727093E-02    0.238510649831990085E+01    0.321691038636757412E+03    0.493130762006386281E+00    0.936569435688446639E+00    0.335573769840298575E+00
    0.255530852239618887E-02    0.240723630398228217E+01    0.343731395900249481E+03    0.446379184722900391E+00    0.301253199577331543E+00    0.532640462207794263E+00
    0.236495378807700333E-02    0.256206527786908822E+01    0.314457186777382390E+03    0.720695829883270189E+00    0.827064173994063623E+00    0.502726396330081760E+00
    0.241210444442728359E-02    0.252258308166716194E+01    0.301214799864902602E+03    0.566889593265207381E+00    0.124923945143557980E+00    0.528862525152959395E+00
    0.248498351145967199E-02    0.246305019292658889E+01    0.344833504165934983E+03    0.356268914302134920E+00    0.596860448400703625E+00    0.396388334240352525E+00
    0.225096210972613835E-02    0.266086678323998971E+01    0.332288879581488459E+03    0.307760496082281065E-01    0.614876472345140535E+00    0.405208942096272229E+00
    0.269264853972349611E-02    0.230253164855787107E+01    0.326225382859880142E+03    0.895946038250256649E+00    0.685698320616819679E+00    0.384803527078422358E+00
    0.270442571975570327E-02    0.229380306847219062E+01    0.321025098116727236E+03    0.992112292649641070E+00    0.159549539302630450E+01    0.139859602314271553E+00
    0.253975788582150135E-02    0.241944472963587920E+01    0.310866142384394550E+03    0.828775296733332389E+00    0.731809573277542036E+00    0.329456266528272090E+00
    0.229472790039141799E-02    0.262235369239967575E+01    0.297258836562217937E+03    0.610654310085937624E+00    0.898828914158721126E+00    0.291056352844525967E+00
    0.255771581663148759E-02    0.240535303939869660E+01    0.327184514705661684E+03    0.881956490548644112E+00    0.815835886963848012E+00    0.275123515410903186E+00
    0.266517834346238986E-02    0.232304028951973596E+01    0.275760595223438258E+03    0.721955835353955244E+00    0.129613100524765290E+01    0.322603525403083569E+00
    0.239773915011258065E-02    0.253452969635066028E+01    0.303012827410169450E+03    0.843284088376654584E+00    0.181277772399079851E+01    0.239314578085645130E+00
    0.267298438072215106E-02    0.231719105394780334E+01    0.321963890320723408E+03    0.729208655848584186E+00    0.942602164976501733E+00    0.341746343972689937E+00
    0.249566288184637506E-02    0.245447348547980448E+01    0.306111697883775491E+03    0.617532774809738783E+00    0.180650379648855086E+01    0.217677089093889997E+00
    0.227332935091999894E-02    0.264109137874274502E+01    0.317508702724772093E+03   -0.125824400968108652E+00    0.335521155945225580E+00    0.563522907985346433E+00
    0.226003764880871151E-02    0.265281929770404146E+01    0.345335053489216648E+03   -0.190939669670914025E+00    0.757614520289422444E+00    0.397601073327046806E+00
    0.230301356351137604E-02    0.261514522088852708E+01    0.305261408287351628E+03    0.434448154423618949E+00    0.813534576659757924E+00    0.547293046916850767E+00
    0.264425077661923150E-02    0.233880671167051446E+01    0.320400044597986380E+03    0.724755035833971828E+00    0.119534045964289781E+01    0.234808087727843118E+00
