    0.299252940714359283E+03    0.494830608367919922E+00    0.391436517238616943E+01    0.556218555521965086E+00   -0.262231752894335273E+03   -0.485202009141426682E+01    1
    0.289665612578392029E+03    0.710868775844573975E+00    0.358856916427612305E+01    0.399893034338951125E+00   -0.230912713556435506E+03   -0.485983259141427482E+01    1
    0.282098537683486938E+03    0.813546061515808105E+00    0.361395597457885742E+01    0.338001618361473077E+00   -0.226003831987421137E+03   -0.486764509141427837E+01    1
    0.214884082973003387E+03    0.693317651748657227E+00    0.403800070285797119E+01    0.431142526316642793E+00   -0.223075935802445002E+03   -0.487545759141427837E+01    1
    0.194850516319274902E+03    0.483321249485015869E+00    0.446262776851654053E+01    0.440076928067207329E+00   -0.221707439606625996E+03   -0.488327009141427215E+01    1
    0.254583968222141266E+03    0.674565792083740234E+00    0.391900539398193359E+01    0.331153548002243059E+00   -0.219997951270404400E+03   -0.489108259141427038E+01    1
    0.209451282024383545E+03   -0.144727772474288940E+01    0.473685383796691895E+01    0.431009706115722646E+00   -0.212641736627491298E+03   -0.489889509141427659E+01    1
    0.303534068167209625E+03    0.195546865463256836E+00    0.310391485691070557E+01    0.490120154356956494E+00   -0.210103764953852959E+03   -0.490670759141427038E+01    1
    0.192590647935867310E+03    0.883223235607147217E+00    0.423136413097381592E+01    0.189646981000900272E+00   -0.196616035637982804E+03   -0.491452009141427393E+01    1
    0.148310180008411407E+03   -0.809545159339904785E+00    0.456778466701507568E+01    0.527243895220756542E+00   -0.192036041399934817E+03   -0.492233259141426949E+01    1
    0.204064789414405823E+03   -0.635315299034118652E+00    0.463771581649780273E+01    0.271560095500946064E+00   -0.190953459876912348E+03   -0.493014509141426949E+01    1
    0.345929305255413055E+03    0.415662527084350586E-01    0.286090910434722900E+01    0.350438884234428427E+00   -0.189385222586259829E+03   -0.493795759141427482E+01    1
    0.249979366362094879E+03   -0.176583886146545410E+01    0.406800210475921631E+01    0.298941322803497334E+00   -0.182759090831362897E+03   -0.494577009141427482E+01    1
    0.346764612197875977E+03   -0.674247741699218750E-01    0.228216409683227539E+01    0.403450657367706300E+00   -0.173003937778717102E+03   -0.495358259141427215E+01    1
    0.318309070169925690E+03   -0.699851036071777344E+00    0.256301164627075195E+01    0.405038256239891092E+00   -0.170908394549416272E+03   -0.496139509141427393E+01    1
    0.251731278002262115E+03   -0.103341788053512573E+01    0.340747177600860596E+01    0.344586334204673772E+00   -0.170123252165484132E+03   -0.496920759141427215E+01    1
    0.149349576234817505E+03   -0.717883527278900146E+00    0.393261313438415527E+01    0.523907218408584563E+00   -0.169119328730535955E+03   -0.497702009141426860E+01    1
    0.251964160799980164E+03   -0.104772067070007324E+01    0.273590743541717529E+01    0.523895277214050270E+00   -0.168557219627331051E+03   -0.498483259141426771E+01    1
    0.334318505227565765E+03    0.862719893455505371E+00    0.144457638263702393E+01    0.344713081455230719E+00   -0.161758983641425203E+03   -0.499264509141426949E+01    1
    0.253354483842849731E+03   -0.132449084520339966E+01    0.347156286239624023E+01    0.259255786299705526E+00   -0.160145876010592360E+03   -0.500045759141427038E+01    1
    0.238495783507823944E+03   -0.992922782897949219E-01    0.399277389049530029E+01    0.686277849912643456E-01   -0.159895392703005228E+03   -0.500827009141427038E+01    1
    0.184703062474727631E+03   -0.123495727777481079E+01    0.438230812549591064E+01    0.177644101667404186E+00   -0.157709745266226633E+03   -0.501608259141426771E+01    1
    0.342678789794445038E+03   -0.101669269800186157E+01    0.284800767898559570E+01    0.105670325732231146E+00   -0.146515884463113025E+03   -0.502389509141427126E+01    1
    0.160399150848388672E+03   -0.999983429908752441E+00    0.358663320541381836E+01    0.359955402159690852E+00   -0.141329938518139556E+03   -0.503170759141427926E+01    1
    0.165851947665214539E+03   -0.103532528877258301E+01    0.324502527713775635E+01    0.440808343291282656E+00   -0.141303336284731387E+03   -0.503952009141427748E+01    1
    0.187099951505661011E+03   -0.183267450332641602E+01    0.265960395336151123E+01    0.553575662112236078E+00   -0.140054967536309221E+03   -0.504733259141427748E+01    1
    0.265540108084678650E+03    0.680938363075256348E+00    0.247224092483520508E+01    0.952996712207794250E-01   -0.139760027434657104E+03   -0.505514509141427215E+01    1
    0.231056328117847443E+03   -0.763472497463226318E+00    0.299042940139770508E+01    0.237119370460510265E+00   -0.137813965150886986E+03   -0.506295759141426593E+01    1
    0.184732258319854736E+03    0.292967379093170166E+00    0.379017651081085205E+01    0.387783127784728995E-01   -0.136437745868457228E+03   -0.507077009141427304E+01    1
    0.309179635345935822E+03   -0.176100963354110718E+01    0.292992413043975830E+01    0.426650351285934454E-01   -0.130015590058203202E+03   -0.507858259141427304E+01    1
    0.343731395900249481E+03    0.446379184722900391E+00    0.301253199577331543E+00    0.532640462207794263E+00   -0.129969034945609394E+03   -0.508639509141426860E+01    1
    0.184807440638542175E+03   -0.197531545162200928E+01    0.290153324604034424E+01    0.401756986570358299E+00   -0.129450457671494291E+03   -0.509420759141426771E+01    1
    0.340911227464675903E+03   -0.907011806964874268E+00    0.994227528572082520E+00    0.422139377403259297E+00   -0.123742533081307613E+03   -0.510202009141427126E+01    1
    0.318268233537673950E+03   -0.958755373954772949E+00    0.136471569538116455E+01    0.345152005648612981E+00   -0.121534892532431257E+03   -0.510983259141427748E+01    1
    0.236415663361549377E+03   -0.112515854835510254E+01    0.196592688560485840E+01    0.385711978769302355E+00   -0.121151816632797249E+03   -0.511764509141427038E+01    1
    0.287512549757957458E+03   -0.848244607448577881E+00    0.198097407817840576E+01    0.223888185739517215E+00   -0.119918781775046682E+03   -0.512545759141426505E+01    1
    0.143928469717502594E+03    0.711362123489379883E+00    0.234721302986145020E+01    0.330757305049896255E+00   -0.117116242062776081E+03   -0.513327009141426593E+01    1
    0.193659977614879608E+03   -0.161502933502197266E+01    0.186616837978363037E+01    0.539040908360481241E+00   -0.116443775733423365E+03   -0.514108259141427038E+01    1
    0.152071388065814972E+03   -0.102014309167861938E+01    0.322724759578704834E+01    0.254545872116088867E+00   -0.114575664297010320E+03   -0.514889509141427304E+01    1
    0.266808444261550903E+03   -0.149443703889846802E+01    0.235779881477355957E+01    0.130005763721466078E+00   -0.112570348168704342E+03   -0.515670759141427038E+01    1
    0.283100356161594391E+03    0.145952641963958740E+00    0.222978770732879639E+01    0.952688970565795934E-02   -0.112549159208006472E+03   -0.516452009141426771E+01    1
    0.148508542776107788E+03   -0.992337524890899658E+00    0.287431478500366211E+01    0.321878344559669516E+00   -0.109464276186331730E+03   -0.517233259141426593E+01    1
    0.158513034880161285E+03   -0.181857573986053467E+01    0.382261931896209717E+01    0.450410940170288127E-01   -0.109267195657780931E+03   -0.518014509141426593E+01    1
    0.248601046204566956E+03   -0.151083928346633911E+01    0.115839838981628418E+01    0.482648412466049226E+00   -0.108278908368332665E+03   -0.518795759141426949E+01    1
    0.166453902423381805E+03   -0.169883406162261963E+01    0.334341824054718018E+01    0.117413808202743539E+00   -0.106212146357728557E+03   -0.519577009141427038E+01    1
    0.269510903954505920E+03    0.354690551757812500E+00    0.164973139762878418E+00    0.528911909508705147E+00   -0.105666896012657674E+03   -0.520358259141426593E+01    1
    0.286192286014556885E+03   -0.187844532728195190E+01    0.181463479995727539E+01    0.190799067449569704E+00   -0.105314162744452773E+03   -0.521139509141426771E+01    1
    0.127998991310596466E+03   -0.190142560005187988E+01    0.426002204418182373E+01    0.251008003234863275E-01   -0.105062752364535811E+03   -0.521920759141426860E+01    1
    0.315358452498912811E+03    0.505239009857177734E+00    0.903194546699523926E+00    0.163855809044837958E+00   -0.105004120129548326E+03   -0.522702009141426593E+01    1
    0.172530460357666016E+03    0.389511704444885254E+00    0.141462981700897217E+01    0.456354277396202102E+00   -0.103553579693489269E+03   -0.523483259141426860E+01    1
    0.170454779267311096E+03    0.851292788982391357E+00    0.932247042655944824E+00    0.383657752132415764E+00   -0.983852519472390412E+02   -0.524264509141427393E+01    1
    0.236436718702316284E+03   -0.778353214263916016E+00    0.966634750366210938E+00    0.400144822955131541E+00   -0.958965279894753024E+02   -0.525045759141427482E+01    1
    0.289794211089611053E+03   -0.373421370983123779E+00    0.249379873275756836E-01    0.451785132837295544E+00   -0.908318528004955681E+02   -0.525827009141427659E+01    1
    0.173096768558025360E+03    0.467616915702819824E+00    0.553585290908813477E+00    0.531750433802604672E+00   -0.898127143628941553E+02   -0.526608259141428015E+01    1
    0.234635816514492035E+03   -0.142505043745040894E+01    0.976019501686096191E+00    0.370047690367698690E+00   -0.892933212343553180E+02   -0.527389509141427659E+01    1
    0.191089831292629242E+03    0.990242838859558105E+00    0.189995765686035156E+00    0.305591612863540640E+00   -0.843694509442665890E+02   -0.528170759141427126E+01    1
    0.185387052595615387E+03   -0.667017757892608643E+00    0.155088841915130615E+01    0.228080909729003911E+00   -0.817072681113958481E+02   -0.528952009141427393E+01    1
    0.210625325143337250E+03    0.571359932422637939E+00   -0.564771890640258789E-01    0.404128473687171974E+00   -0.780514379452118874E+02   -0.529733259141427126E+01    1
    0.180353739857673645E+03    0.224246144294738770E+00    0.127238929271697998E+01    0.192019150471687328E+00   -0.774792005575425264E+02   -0.530514509141426416E+01    1
    0.210600206255912781E+03   -0.449279785156250000E+00    0.673264861106872559E+00    0.333824588513374321E+00   -0.768488981309428709E+02   -0.531295759141427038E+01    1
    0.276826642453670502E+03    0.277164340019226074E+00    0.872455835342407227E+00    0.392592358589172359E-02   -0.762399428417562603E+02   -0.532077009141427038E+01    1
    0.275355061888694763E+03   -0.852156162261962891E+00    0.105935692787170410E+01    0.512381304502487200E-01   -0.759229346849671458E+02   -0.532858259141426416E+01    1
    0.196176399290561676E+03   -0.570239365100860596E+00    0.810378789901733398E+00    0.302532347059249862E+00   -0.728113020300445868E+02   -0.533639509141427304E+01    1
    0.258921864628791809E+03    0.897809088230133057E+00   -0.919882059097290039E+00    0.283207980179786711E+00   -0.701365052931643618E+02   -0.534420759141427837E+01    1
    0.156332921981811523E+03    0.772443711757659912E+00    0.843881368637084961E+00    0.148239319539070130E+00   -0.685746302939649723E+02   -0.535202009141427126E+01    1
    0.311007480323314667E+03   -0.697330832481384277E+00   -0.520704984664916992E+00    0.299550289607048048E+00   -0.672905828221393421E+02   -0.535983259141427126E+01    1
    0.175336198508739471E+03   -0.288242638111114502E+00    0.556029081344604492E+00    0.356153018760681173E+00   -0.672529550604557187E+02   -0.536764509141427837E+01    1
    0.185573922097682953E+03   -0.788888752460479736E+00    0.137714207172393799E+01    0.978564856767654423E-01   -0.663558494701966879E+02   -0.537545759141427215E+01    1
    0.285269324481487274E+03    0.583582222461700439E+00   -0.288847684860229492E+00    0.114047994875907902E+00   -0.662926190415739853E+02   -0.538327009141427126E+01    1
    0.262989836931228638E+03    0.254334986209869385E+00   -0.147442877292633057E+01    0.567428607773780791E+00   -0.647292306950321006E+02   -0.539108259141427482E+01    1
    0.308788743615150452E+03   -0.128495150804519653E+01   -0.118309199810028076E+01    0.485956771588325509E+00   -0.641822199988191926E+02   -0.539889509141427748E+01    1
    0.215721750259399414E+03   -0.133694005012512207E+01   -0.268982052803039551E+00    0.477573438906669645E+00   -0.635326372522459550E+02   -0.540670759141427926E+01    1
    0.214315655827522278E+03   -0.142280828952789307E+01    0.178599357604980469E-01    0.401768654823303262E+00   -0.633331166322540469E+02   -0.541452009141427926E+01    1
    0.307066081464290619E+03   -0.127036654949188232E+01   -0.433887839317321777E+00    0.259457319545745857E+00   -0.626944157064558709E+02   -0.542233259141428015E+01    1
    0.151915471255779266E+03   -0.119657182693481445E+01    0.727231502532958984E+00    0.363701661944389354E+00   -0.594649547732538224E+02   -0.543014509141427837E+01    1
    0.246005915105342865E+03    0.848750948905944824E+00   -0.135262012481689453E+01    0.318495438265800512E+00   -0.591052074749340761E+02   -0.543795759141427748E+01    1
    0.188975660502910614E+03   -0.137733966112136841E+01    0.782680511474609375E-01    0.370177235269546545E+00   -0.566038921360326270E+02   -0.544577009141427748E+01    1
    0.260606077313423157E+03   -0.141762071847915649E+01   -0.303713083267211914E+00    0.232644117808341988E+00   -0.543398869391393760E+02   -0.545358259141427038E+01    1
    0.224378177523612976E+03    0.403063833713531494E+00   -0.423200726509094238E+00    0.201088828897476202E+00   -0.531095011654407472E+02   -0.546139509141426327E+01    1
    0.256229020655155182E+03   -0.197365391254425049E+01    0.457521080970764160E+00    0.374951802492141731E-01   -0.529066873523679035E+02   -0.546920759141426149E+01    1
    0.177990311384201050E+03   -0.538053929805755615E+00   -0.630041956901550293E+00    0.490287842845916755E+00   -0.517282963369415754E+02   -0.547702009141426238E+01    1
    0.257035480439662933E+03    0.167410671710968018E+00   -0.761472582817077637E+00    0.202616073560714732E+00   -0.507799216156253408E+02   -0.548483259141427393E+01    1
    0.304175665974617004E+03   -0.197950309514999390E+01   -0.182146191596984863E+01    0.517282721328735318E+00   -0.498067291008433273E+02   -0.549264509141427659E+01    1
    0.286289717257022858E+03    0.116709947586059570E+00   -0.962302088737487793E+00    0.179306725358963026E+00   -0.496327817375262015E+02   -0.550045759141427482E+01    1
    0.172736386954784393E+03   -0.418756783008575439E+00   -0.416243076324462891E+00    0.405239243602752708E+00   -0.489030191782296697E+02   -0.550827009141427482E+01    1
    0.242990589141845703E+03   -0.118091773986816406E+01   -0.124794423580169678E+01    0.456375566840171831E+00   -0.487416254509987823E+02   -0.551608259141426771E+01    1
    0.337038560211658478E+03    0.829187631607055664E+00   -0.205607175827026367E+01    0.127138546442985528E+00   -0.465473875718736707E+02   -0.552389509141426327E+01    1
    0.219282127916812897E+03    0.471400797367095947E+00   -0.161737501621246338E+01    0.434368627667427065E+00   -0.463117496554000425E+02   -0.553170759141427304E+01    1
    0.274277886748313904E+03   -0.150019913911819458E+01   -0.109274148941040039E+01    0.301105135488510145E+00   -0.459895865985333572E+02   -0.553952009141427837E+01    1
    0.335811489820480347E+03   -0.192535877227783203E+00   -0.162279427051544189E+01    0.230437248587608334E+00   -0.457451407009853881E+02   -0.554733259141427215E+01    1
    0.329909785091876984E+03    0.739494740962982178E+00   -0.240239441394805908E+01    0.231324922871589678E+00   -0.438133775221969088E+02   -0.555514509141427126E+01    1
    0.237555213272571564E+03   -0.125937342643737793E+01    0.153553485870361328E-01    0.291232087612152100E-01   -0.433157241943488955E+02   -0.556295759141427038E+01    1
    0.186333389580249786E+03    0.598870992660522461E+00   -0.278297066688537598E+00    0.487992949962616010E-01   -0.430574381031563007E+02   -0.557077009141426682E+01    1
    0.177431634068489075E+03    0.591985940933227539E+00   -0.525854825973510742E+00    0.143722170352935802E+00   -0.422890894771808945E+02   -0.557858259141426949E+01    1
    0.254507552087306976E+03   -0.154448956251144409E+01   -0.569626092910766602E+00    0.140085906028747570E+00   -0.416187365617020717E+02   -0.558639509141427038E+01    1
    0.317743687331676483E+03   -0.169203162193298340E+00   -0.177663505077362061E+01    0.231101997828483591E+00   -0.408062463107240347E+02   -0.559420759141427038E+01    1
    0.191736015677452087E+03   -0.165865725278854370E+01   -0.396039485931396484E+00    0.269124978876113918E+00   -0.404604395511193928E+02   -0.560202009141427748E+01    1
    0.133461149036884308E+03   -0.953080356121063232E+00   -0.303468704223632812E+00    0.440627007722854624E+00   -0.399288632257511935E+02   -0.560983259141427482E+01    1
    0.235523614287376404E+03   -0.114728552103042603E+01   -0.576993227005004883E+00    0.141386029171943678E+00   -0.398839190168073969E+02   -0.561764509141427304E+01    1
    0.340295673906803131E+03    0.928085505962371826E+00   -0.300949871540069580E+01    0.209886213970184338E+00   -0.381500997420861694E+02   -0.562545759141427126E+01    1
    0.226050508022308350E+03   -0.191951370239257812E+01   -0.448948144912719727E+00    0.124952045488357547E+00   -0.368346587284560627E+02   -0.563327009141427126E+01    1
    0.339138488471508026E+03   -0.174103826284408569E+01   -0.168740034103393555E+01    0.187971324348449709E+00   -0.365872309875233341E+02   -0.564108259141427304E+01    1
    0.348419991135597229E+03    0.663328588008880615E+00   -0.303868234157562256E+01    0.286946085834503206E+00   -0.364640468630745929E+02   -0.564889509141427038E+01    1
    0.247706167399883270E+03    0.199441432952880859E+00   -0.256538927555084229E+01    0.508265618276596109E+00   -0.363810347536237089E+02   -0.565670759141426860E+01    1
    0.138272508978843689E+03   -0.130486565828323364E+01   -0.115305185317993164E-01    0.273318453454971300E+00   -0.355133271498127598E+02   -0.566452009141426682E+01    1
    0.222613324224948883E+03   -0.136207771301269531E+01   -0.192075192928314209E+01    0.504162657952308635E+00   -0.354368503892544879E+02   -0.567233259141426682E+01    1
    0.242647950351238251E+03   -0.133469557762145996E+01   -0.198615610599517822E+01    0.449184340667724613E+00   -0.348928796775704484E+02   -0.568014509141426771E+01    1
    0.167109581828117371E+03   -0.536066591739654541E+00   -0.476619005203247070E+00    0.216967239975929260E+00   -0.346121063568636913E+02   -0.568795759141426771E+01    1
    0.255883136391639709E+03   -0.427946746349334717E+00   -0.178526401519775391E+01    0.281522190570831332E+00   -0.339112580266312307E+02   -0.569577009141426771E+01    1
    0.317254774272441864E+03   -0.166233491897583008E+01   -0.305144786834716797E+01    0.559729642009735073E+00   -0.338024428175920022E+02   -0.570358259141427038E+01    1
    0.223200942575931549E+03   -0.627201616764068604E+00   -0.475124120712280273E+00    0.603736560344696107E-02   -0.334067590247565818E+02   -0.571139509141427126E+01    1
    0.145892289280891418E+03    0.835478305816650391E-03   -0.474688410758972168E+00    0.234729800963401791E+00   -0.331702806780821007E+02   -0.571920759141427038E+01    1
    0.330265499651432037E+03   -0.194584155082702637E+01   -0.207193255424499512E+01    0.251065866851806652E+00   -0.326255198004278384E+02   -0.572702009141427482E+01    1
    0.193763819336891174E+03   -0.177407431602478027E+01   -0.827165246009826660E+00    0.240370548319816607E+00   -0.318970493106043804E+02   -0.573483259141427482E+01    1
    0.141972951591014862E+03   -0.168415594100952148E+01   -0.505436062812805176E+00    0.346529030084610001E+00   -0.315660185227609702E+02   -0.574264509141427038E+01    1
    0.133816246688365936E+03   -0.944782495498657227E+00   -0.383684039115905762E+00    0.302531528234481817E+00   -0.312806932094843830E+02   -0.575045759141426860E+01    1
    0.278525365889072418E+03    0.288196980953216553E+00   -0.332953631877899170E+01    0.514785305786132796E+00   -0.302601561473796181E+02   -0.575827009141427304E+01    1
    0.349412073194980621E+03   -0.138405734300613403E+01   -0.183482050895690918E+01    0.759610772609710660E-01   -0.300024204882011318E+02   -0.576608259141427304E+01    1
    0.309259162843227386E+03    0.812873899936676025E+00   -0.366017758846282959E+01    0.342153025817871104E+00   -0.296172213682172796E+02   -0.577389509141427215E+01    1
    0.187943010032176971E+03   -0.443136453628540039E+00   -0.180124521255493164E+01    0.409452779388427723E+00   -0.295222895106413930E+02   -0.578170759141427126E+01    1
    0.185841593146324158E+03   -0.188394117355346680E+01   -0.107997536659240723E+01    0.291051912045478811E+00   -0.295143935195156857E+02   -0.578952009141427215E+01    1
    0.161877182126045227E+03   -0.170956397056579590E+01   -0.760673880577087402E+00    0.287232538032531737E+00   -0.293188567149218606E+02   -0.579733259141427038E+01    1
    0.152717424929141998E+03   -0.171999830007553101E+01   -0.107049942016601562E-02    0.985446737766265957E-01   -0.289974065513066428E+02   -0.580514509141426771E+01    1
    0.309178227186203003E+03   -0.112767124176025391E+01   -0.340805709362030029E+01    0.554605811905860890E+00   -0.289416038586257613E+02   -0.581295759141427393E+01    1
    0.202552962303161621E+03   -0.156185668706893921E+01   -0.163573324680328369E+01    0.370896265769004807E+00   -0.287390816277968071E+02   -0.582077009141427482E+01    1
    0.210843053460121155E+03   -0.114203929901123047E+00   -0.196011543273925781E+01    0.339265133213996872E+00   -0.284534505646784552E+02   -0.582858259141427570E+01    1
    0.297391688823699951E+03   -0.172735774517059326E+01   -0.166859149932861328E+01    0.118714067816734312E+00   -0.284201555928855285E+02   -0.583639509141427126E+01    1
    0.132383893430233002E+03    0.692331850528717041E+00   -0.509061813354492188E+00    0.439254452705383283E-01   -0.284198830539428471E+02   -0.584420759141426860E+01    1
    0.221397358179092407E+03   -0.190446794033050537E+01   -0.118336141109466553E+01    0.186201809906959531E+00   -0.281742539164256023E+02   -0.585202009141427393E+01    1
    0.304064595699310303E+03   -0.513125658035278320E+00   -0.188696444034576416E+01    0.828249441146850646E-01   -0.280027665300791853E+02   -0.585983259141427748E+01    1
    0.130095352232456207E+03    0.732440352439880371E+00   -0.152410924434661865E+01    0.320996402049064655E+00   -0.276841570692291796E+02   -0.586764509141427215E+01    1
    0.139306795597076416E+03    0.636200726032257080E+00   -0.465127229690551758E+00    0.869967198371887195E-03   -0.275108138275130258E+02   -0.587545759141427215E+01    1
    0.244500270485877991E+03   -0.187748348712921143E+01   -0.183471679687500000E+01    0.275311336469650281E+00   -0.269097742326260168E+02   -0.588327009141427304E+01    1
    0.291720184683799744E+03   -0.520494937896728516E+00   -0.280161440372467041E+01    0.350594904470443725E+00   -0.267696292228049764E+02   -0.589108259141427215E+01    1
    0.284087918698787689E+03   -0.686721622943878174E+00   -0.209200084209442139E+01    0.170061101961135858E+00   -0.264422698256707953E+02   -0.589889509141427570E+01    1
    0.155503877997398376E+03    0.360984086990356445E+00   -0.182013809680938721E+01    0.394795133686065669E+00   -0.263736734897680805E+02   -0.590670759141427304E+01    1
    0.306257489323616028E+03    0.129699707031250000E+00   -0.273724496364593506E+01    0.215957219624519359E+00   -0.259982785938998404E+02   -0.591452009141427748E+01    1
    0.137984640896320343E+03   -0.155814075469970703E+01   -0.621123909950256348E+00    0.275294823503494268E+00   -0.258926827350756241E+02   -0.592233259141427659E+01    1
    0.215932504832744598E+03   -0.100384777784347534E+01   -0.186342120170593262E+01    0.294348807621002184E+00   -0.255816282117507541E+02   -0.593014509141427659E+01    1
    0.338725401461124420E+03    0.752361834049224854E+00   -0.450423598289489746E+01    0.460990838527679470E+00   -0.255167982569588716E+02   -0.593795759141427748E+01    1
    0.198420523107051849E+03   -0.793279170989990234E+00   -0.161855340003967285E+01    0.265784446763992321E+00   -0.254577899097279783E+02   -0.594577009141426949E+01    1
    0.169931936264038086E+03    0.129081726074218750E+00   -0.246889650821685791E+01    0.531801439762115469E+00   -0.251706533269868835E+02   -0.595358259141426593E+01    1
    0.253724843263626099E+03   -0.876918315887451172E+00   -0.256363749504089355E+01    0.359856017303466835E+00   -0.249429314547634675E+02   -0.596139509141426860E+01    1
    0.193863656244574031E+03   -0.176909526717944710E+01   -0.152565484497301096E+01    0.294422823291368208E+00   -0.247649227551943127E+02   -0.596920759141426593E+01    1
    0.185730294883251190E+03   -0.131601202487945557E+01   -0.224932372570037842E+01    0.494627921175956720E+00   -0.245901098965429448E+02   -0.597702009141426682E+01    1
    0.137322403490543365E+03    0.128830492496490479E+00   -0.122909545898437500E+01    0.290254206132888826E+00   -0.240842730807826655E+02   -0.598483259141427570E+01    1
    0.225961967044350274E+03    0.586792477504010535E+00   -0.357895442861424495E+01    0.497600821674068383E+00   -0.231386851306315542E+02   -0.599264509141427126E+01    1
    0.239240780472755432E+03    0.777775228023529053E+00   -0.401049196720123291E+01    0.496149468183517461E+00   -0.231132545597838046E+02   -0.600045759141427215E+01    1
    0.340840604901313782E+03    0.575102686882019043E+00   -0.406253755092620850E+01    0.353187133097648653E+00   -0.230481264954408118E+02   -0.600827009141427126E+01    1
    0.289259231090545654E+03   -0.411978662014007568E+00   -0.288606286048889160E+01    0.275710138249397274E+00   -0.223277566015887814E+02   -0.601608259141427038E+01    1
    0.167148111760616302E+03   -0.168459975719451904E+01   -0.885421633720397949E+00    0.133824557733535771E+00   -0.216953595417065443E+02   -0.602389509141427926E+01    1
    0.334929338097572327E+03   -0.104040521383285522E+01   -0.392245233058929443E+01    0.479496141815185573E+00   -0.214304202158373371E+02   -0.603170759141427570E+01    1
    0.342930461466312408E+03    0.411484181880950928E+00   -0.434832990169525146E+01    0.453323875164985679E+00   -0.213847129155150135E+02   -0.603952009141427215E+01    1
    0.201245224475860596E+03    0.578020572662353516E+00   -0.236289978027343750E+01    0.173455676507949824E+00   -0.206974207993319474E+02   -0.604733259141427837E+01    1
    0.220696362853050232E+03    0.948727607727050781E+00   -0.449605584144592285E+01    0.547711239123344407E+00   -0.205465565753907811E+02   -0.605514509141427748E+01    1
    0.321604137122631073E+03   -0.138009786605834961E-01   -0.428684115409851074E+01    0.516452774190902741E+00   -0.204759519832867092E+02   -0.606295759141427126E+01    1
    0.275330613553524017E+03    0.840737044811248779E+00   -0.459367632865905762E+01    0.459830325007438701E+00   -0.201818617495025698E+02   -0.607077009141427482E+01    1
    0.224133667349815369E+03   -0.152193039655685425E+01   -0.229041516780853271E+01    0.289596348667144787E+00   -0.199797798865734570E+02   -0.607858259141427482E+01    1
    0.291293125192001810E+03   -0.392952062874487140E+00   -0.335218730249148766E+01    0.341535597521112400E+00   -0.198371770772805966E+02   -0.608639509141426860E+01    1
    0.311580252647399902E+03   -0.153060555458068848E-01   -0.399480164051055908E+01    0.429928140950202931E+00   -0.195575889228628697E+02   -0.609420759141427393E+01    1
    0.256262145936489105E+03   -0.177906054258346558E+01   -0.314915478229522705E+01    0.434829898953437821E+00   -0.192169660798274151E+02   -0.610202009141427393E+01    1
    0.315194206112992731E+03   -0.664207034773838245E+00   -0.432318720587407679E+01    0.551467389371891770E+00   -0.190250978627984182E+02   -0.610983259141426860E+01    1
    0.329701055586338043E+03   -0.109415256977081299E+01   -0.245995640754699707E+01    0.245224029779434229E-01   -0.189455409145042069E+02   -0.611764509141427482E+01    1
    0.335138295590877533E+03    0.441492915153503418E+00   -0.458088040351867676E+01    0.458112737703323392E+00   -0.189391356096937997E+02   -0.612545759141427215E+01    1
    0.166688635945320129E+03    0.351289868354797363E+00   -0.215037465095520020E+01    0.264398074078559864E+00   -0.187051795318498293E+02   -0.613327009141427215E+01    1
    0.260509407798625887E+03    0.211972777289914482E+00   -0.358740197059339305E+01    0.371963009664389443E+00   -0.180606374889719170E+02   -0.614108259141427126E+01    1
    0.261241675342217718E+03   -0.106283471381073347E+01   -0.315233241920164708E+01    0.349654646154621274E+00   -0.179752344060010003E+02   -0.614889509141426327E+01    1
    0.276276361262969033E+03   -0.114011726224544319E+01   -0.241437586153244155E+01    0.101585711544960294E+00   -0.178407034200679604E+02   -0.615670759141427038E+01    1
    0.182083469629287720E+03    0.357845187187194824E+00   -0.315821349620819092E+01    0.456177445363998402E+00   -0.177119877882370460E+02   -0.616452009141426771E+01    1
    0.221577169139567815E+03    0.992903060446659325E+00   -0.348285150845264191E+01    0.141283563511899884E+00   -0.174448877346897646E+02   -0.617233259141426593E+01    1
    0.321264851093292236E+03    0.466291546821594238E+00   -0.314436376094818115E+01    0.296225895166397114E-01   -0.171446618070096548E+02   -0.618014509141427659E+01    1
    0.241408827837147726E+03    0.151729775678338008E+00   -0.280909784009553753E+01    0.184773600336103794E+00   -0.170798395915996011E+02   -0.618795759141427215E+01    1
    0.241844412169180515E+03    0.710684518407274979E+00   -0.360671484508445417E+01    0.247212839555318975E+00   -0.170698921981599270E+02   -0.619577009141426949E+01    1
    0.169677166640758514E+03   -0.165610986948013306E+01   -0.167072236537933350E+01    0.227618921971321109E+00   -0.169851606259711190E+02   -0.620358259141426771E+01    1
    0.252018448710441589E+03    0.364786386489868164E-02   -0.406003057956695557E+01    0.529146843981742832E+00   -0.169147516739516135E+02   -0.621139509141426327E+01    1
    0.188498996881726242E+03   -0.126899857973907060E+01   -0.181917391702533360E+01    0.162747064895072541E+00   -0.166736362603433932E+02   -0.621920759141426949E+01    1
    0.173101489245891571E+03   -0.154396545886993408E+01   -0.116417348384857178E+01    0.481771587610244773E-01   -0.166416365513213549E+02   -0.622702009141427304E+01    1
    0.224754357337951660E+03   -0.183825796842575073E+01   -0.325003981590270996E+01    0.486457789993286149E+00   -0.164950536012849405E+02   -0.623483259141427393E+01    1
    0.274512647092342377E+03    0.628530323505401611E+00   -0.393319606781005859E+01    0.266973550915718061E+00   -0.163642541718005141E+02   -0.624264509141427482E+01    1
    0.317757111787796021E+03   -0.188358461856842041E+01   -0.347476422786712646E+01    0.300861944532394399E+00   -0.161772603477055021E+02   -0.625045759141427126E+01    1
    0.153051480650901794E+03    0.912798523902893066E+00   -0.318336009979248047E+01    0.306533363699913020E+00   -0.161470923977613907E+02   -0.625827009141426860E+01    1
    0.323820620775222778E+03   -0.151184421777725220E+01   -0.434633135795593262E+01    0.505408329248428378E+00   -0.158311353199314304E+02   -0.626608259141427304E+01    1
    0.209587511420249939E+03   -0.583336949348449707E-01   -0.235492467880249023E+01    0.142331874132156366E+00   -0.156837917063254793E+02   -0.627389509141427126E+01    1
    0.169566456834177131E+03    0.274949910821116639E+00   -0.314318308297321058E+01    0.466013178601076550E+00   -0.156290203313427494E+02   -0.628170759141427304E+01    1
    0.322774854302406311E+03   -0.186920762062072754E+00   -0.301769673824310303E+01    0.477739899158477824E-01   -0.155875662643515263E+02   -0.628952009141427304E+01    1
    0.242020997405052185E+03    0.181063294410705566E+00   -0.335590600967407227E+01    0.280300231075286899E+00   -0.151615934325202435E+02   -0.629733259141426682E+01    1
    0.250108080598895640E+03   -0.107953629415685981E+00   -0.271956208223131268E+01    0.115992850746435811E+00   -0.151354053113993139E+02   -0.630514509141426771E+01    1
    0.278546053173403948E+03   -0.563447600625781586E+00   -0.330387986487621532E+01    0.231816812617301998E+00   -0.149395098265779751E+02   -0.631295759141427393E+01    1
    0.282609806954860687E+03    0.441906332969665527E+00   -0.304324924945831299E+01    0.312344801902771016E-01   -0.148769375882747692E+02   -0.632077009141427393E+01    1
    0.210961084067821503E+03   -0.192743855714797974E+01   -0.194626629352569580E+01    0.109761310744285592E+00   -0.147654517687901041E+02   -0.632858259141427215E+01    1
    0.161689208439116726E+03   -0.696280979010098555E+00   -0.222749451615837923E+01    0.296381920861218284E+00   -0.147099697617715357E+02   -0.633639509141427126E+01    1
    0.294781228899955750E+03   -0.776798427104949951E+00   -0.272966206073760986E+01    0.353769829273223868E-01   -0.144848791661197716E+02   -0.634420759141426949E+01    1
    0.312197710573673248E+03   -0.122350817918777466E+01   -0.378302156925201416E+01    0.301596942114830013E+00   -0.141077051114927414E+02   -0.635202009141426949E+01    1
    0.326031992449679024E+03   -0.188637119653280050E+01   -0.405017719328015335E+01    0.379472057411988861E+00   -0.139070418812187757E+02   -0.635983259141426771E+01    1
    0.256214304616489642E+03    0.346554765952653554E-01   -0.379054014086382729E+01    0.347129534000255147E+00   -0.139046934879442592E+02   -0.636764509141426682E+01    1
    0.175574713945388794E+03   -0.525510489940643311E+00   -0.230151414871215820E+01    0.216313613104820252E+00   -0.137654536496240834E+02   -0.637545759141426593E+01    1
    0.176351990790330404E+03   -0.903720164700908768E+00   -0.275133422663023008E+01    0.365620094401888474E+00   -0.137168608897470872E+02   -0.638327009141426771E+01    1
    0.295982201397418976E+03   -0.102343595027923584E+01   -0.374363780021667480E+01    0.297231650805473313E+00   -0.133451252570744501E+02   -0.639108259141427304E+01    1
    0.326156878471374512E+03   -0.105381768941879272E+01   -0.413325250148773193E+01    0.334397902321815488E+00   -0.131495493476794110E+02   -0.639889509141427215E+01    1
    0.327308873832225800E+03   -0.195897936820983887E+00   -0.319956243038177490E+01    0.984223959445953457E-02   -0.129689382525071739E+02   -0.640670759141427126E+01    1
    0.198826428507042635E+03   -0.134395898983502859E+01   -0.262746065836887333E+01    0.257036740214330317E+00   -0.129429627077916596E+02   -0.641452009141427126E+01    1
    0.312991700097860132E+03   -0.165425106241786235E+01   -0.343764912896859709E+01    0.173874563759780110E+00   -0.124750388236278980E+02   -0.642233259141426949E+01    1
    0.306398223868049172E+03   -0.131355377916941363E+01   -0.412397423929417783E+01    0.362025136495989608E+00   -0.124516583395056877E+02   -0.643014509141427215E+01    1
    0.255183482170104980E+03   -0.166809988021850586E+01   -0.268194794654846191E+01    0.954970079898834201E-01   -0.122675528081673626E+02   -0.643795759141427748E+01    1
    0.349974543935010502E+03   -0.513829900621983304E+00   -0.499961492979290245E+01    0.462743501858542017E+00   -0.120087570049752248E+02   -0.644577009141427570E+01    1
    0.185338222980499268E+03   -0.676647961139678955E+00   -0.215521812438964844E+01    0.783017219781875634E-01   -0.118509429309424767E+02   -0.645358259141426771E+01    1
    0.147820287942886353E+03   -0.805183887481689453E+00   -0.137169778347015381E+01    0.180323296308517456E-01   -0.118298856890348532E+02   -0.646139509141426860E+01    1
    0.274110241206421904E+03   -0.197868092695715725E+01   -0.307471652965848818E+01    0.155183562621194870E+00   -0.118138938554555093E+02   -0.646920759141426949E+01    1
    0.276534531680912664E+03    0.195572704893154814E+00   -0.462650891732084535E+01    0.424283943759690252E+00   -0.114543966031559741E+02   -0.647702009141426327E+01    1
    0.148360350728034973E+03    0.259562969207763672E+00   -0.366691052913665771E+01    0.568897545289993256E+00   -0.113422509234890470E+02   -0.648483259141426416E+01    1
    0.342328127264974796E+03   -0.140826150387062077E+01   -0.322151252555553214E+01    0.827967984417494335E-02   -0.113277575095845791E+02   -0.649264509141426593E+01    1
    0.165436248844350331E+03   -0.104519768742903030E+01   -0.232210989830054571E+01    0.216593293196690850E+00   -0.113047762759529942E+02   -0.650045759141426771E+01    1
    0.224864582717418671E+03    0.823709845542907715E+00   -0.409127712249755859E+01    0.183305114936828606E+00   -0.112917355253734506E+02   -0.650827009141426682E+01    1
    0.213370861113071442E+03    0.348511993885040283E+00   -0.321447193622589111E+01    0.174252870655059816E+00   -0.112353617504804504E+02   -0.651608259141426682E+01    1
    0.153530137798787621E+03    0.664533198888732635E+00   -0.347373550551683508E+01    0.344369002964888815E+00   -0.112180028266172851E+02   -0.652389509141426860E+01    1
    0.317829625308513641E+03   -0.157334208488464355E-01   -0.374810934066772461E+01    0.103311359810829173E+00   -0.112035564914937495E+02   -0.653170759141427215E+01    1
    0.272373732924461365E+03   -0.105665349960327148E+01   -0.406279981136322021E+01    0.367819156408309922E+00   -0.111846029657999555E+02   -0.653952009141427570E+01    1
    0.271039655804634094E+03    0.370879828929901123E+00   -0.423071146011352539E+01    0.286913059902191181E+00   -0.110976929925776702E+02   -0.654733259141427926E+01    1
    0.141609632968902588E+03   -0.986450254917144775E+00   -0.140717446804046631E+01    0.394639420509338423E-01   -0.110310038538250659E+02   -0.655514509141427837E+01    1
    0.298228216171264648E+03    0.502649962902069092E+00   -0.402969419956207275E+01    0.120343017339706426E+00   -0.110263277927623946E+02   -0.656295759141427215E+01    1
    0.140910877287387848E+03   -0.477226257324218750E+00   -0.173133969306945801E+01    0.100754067707061773E+00   -0.109349591122112031E+02   -0.657077009141427215E+01    1
    0.257064220309257507E+03   -0.169231057167053223E+01   -0.264418721199035645E+01    0.327693331003189106E-01   -0.109342222264317481E+02   -0.657858259141427482E+01    1
    0.262778492271900177E+03   -0.199471336603164673E+01   -0.311692118644714355E+01    0.161484697222709667E+00   -0.108100218033792430E+02   -0.658639509141427038E+01    1
    0.327009996004615687E+03   -0.125584206857814262E+01   -0.395688407899832661E+01    0.213501472298902206E+00   -0.108064793067959712E+02   -0.659420759141426860E+01    1
    0.259889176487922668E+03    0.242750167846679688E+00   -0.310835540294647217E+01    0.237674124240875272E-02   -0.106915410635228199E+02   -0.660202009141426860E+01    1
    0.190843837499179728E+03    0.600055355077166119E+00   -0.302479503849083287E+01    0.755173427038324935E-01   -0.106754258555714188E+02   -0.660983259141427215E+01    1
    0.329428006708621979E+03   -0.135392898321151733E+01   -0.328661561012268066E+01    0.195786802053451552E-01   -0.106466022217340637E+02   -0.661764509141427659E+01    1
    0.287757415155864521E+03   -0.171016418045610519E+01   -0.369178413101842118E+01    0.245485254791318802E+00   -0.106026097154473913E+02   -0.662545759141427837E+01    1
    0.180244989693164825E+03   -0.106234103441238403E+01   -0.334912359714508057E+01    0.417887152147293106E+00   -0.105703059308583924E+02   -0.663327009141427837E+01    1
    0.188436120748519897E+03   -0.130969166755676270E+01   -0.273754894733428955E+01    0.228670156502723709E+00   -0.105292749951462561E+02   -0.664108259141427570E+01    1
    0.248218482732772827E+03   -0.853790521621704102E+00   -0.393030047416687012E+01    0.360351372170448325E+00   -0.104962036047165839E+02   -0.664889509141427126E+01    1
    0.185454621406010659E+03   -0.185082626090580238E+00   -0.313966309710862479E+01    0.276534549660885864E+00   -0.104552396782192485E+02   -0.665670759141426949E+01    1
    0.332157123155646445E+03   -0.188816226423598899E+01   -0.322145030999541948E+01    0.584007313856458633E-02   -0.102044308222690638E+02   -0.666452009141427482E+01    1
    0.129079157114028931E+03   -0.119964510202407837E+01   -0.257929623126983643E+01    0.427482993721961968E+00   -0.102012348634332266E+02   -0.667233259141427837E+01    1
    0.327147666551831094E+03    0.606928287748447204E+00   -0.452109821845084436E+01    0.114721979999281895E+00   -0.101339338898374685E+02   -0.668014509141427837E+01    1
    0.297053810954093933E+03   -0.976055979728698730E+00   -0.398179113864898682E+01    0.239467282247543350E+00   -0.999383413708181045E+01   -0.668795759141427659E+01    1
    0.142523920626656775E+03    0.563757411170971334E+00   -0.309271636896129998E+01    0.275772449213969872E+00   -0.981682526960095991E+01   -0.669577009141427304E+01    1
    0.345768144726753235E+03   -0.267052650451660156E+00   -0.383772790431976318E+01    0.494834230899810837E-01   -0.980462694202724094E+01   -0.670358259141426682E+01    1
    0.184667323202708445E+03   -0.103251902924052508E+01   -0.302081224102135426E+01    0.269741457319822631E+00   -0.969362484741483676E+01   -0.671139509141426149E+01    1
    0.275285937989513798E+03   -0.121599104384239176E+01   -0.384664307718164000E+01    0.244283740295559437E+00   -0.953247194404898757E+01   -0.671920759141426238E+01    1
    0.263162410259246826E+03    0.279692411422729492E-01   -0.370931267738342285E+01    0.145159241938591005E+00   -0.945785077436338995E+01   -0.672702009141426149E+01    1
    0.226405074208290273E+03    0.996046608883117024E+00   -0.451735692329196858E+01    0.886746886929747763E-01   -0.932177417869961644E+01   -0.673483259141427038E+01    1
    0.257271795858072664E+03   -0.116261358153771122E+01   -0.335868496357244029E+01    0.139186351230280392E+00   -0.924001437017682115E+01   -0.674264509141428192E+01    1
    0.264605693519115448E+03   -0.182689756155014038E+01   -0.356148183345794678E+01    0.208274289178848271E+00   -0.916876183917024612E+01   -0.675045759141427837E+01    1
    0.302488180994987488E+03   -0.188144940137863159E+01   -0.330179274082183838E+01    0.454155698776245106E-01   -0.913007162037315467E+01   -0.675827009141426771E+01    1
    0.338870790690988656E+03   -0.198267958996130589E+01   -0.449634680518960295E+01    0.309070746090579773E+00   -0.906391329628839948E+01   -0.676608259141426949E+01    1
    0.264377236366271973E+03   -0.758976221084594727E+00   -0.365611135959625244E+01    0.168376950001716624E+00   -0.898666879922458151E+01   -0.677389509141427126E+01    1
    0.348752705752849579E+03   -0.944387853145599365E+00   -0.414302945137023926E+01    0.134828846311569217E+00   -0.890203856806779115E+01   -0.678170759141426238E+01    1
    0.258497861027717590E+03   -0.131942772865295410E+01   -0.441454112529754639E+01    0.429352131843566909E+00   -0.888782802986306564E+01   -0.678952009141426061E+01    1
    0.162297571954351213E+03    0.143824441180747886E+00   -0.326558583339583119E+01    0.302017807189964016E+00   -0.879514288195365168E+01   -0.679733259141426327E+01    1
    0.242506329715251923E+03   -0.593948662281036377E+00   -0.385120213031768799E+01    0.264885445404052733E+00   -0.876962204227768538E+01   -0.680514509141427482E+01    1
    0.275757064229354000E+03   -0.921451879103709182E+00   -0.453500452743036142E+01    0.385576417000571658E+00   -0.870809035440318979E+01   -0.681295759141427570E+01    1
    0.186489748954772949E+03   -0.139641284942626953E+00   -0.283049464225769043E+01    0.103895795989036560E+00   -0.863124009008654980E+01   -0.682077009141426860E+01    1
    0.208952814252629025E+03    0.382215296753439127E+00   -0.477585653316814618E+01    0.521310117130314388E+00   -0.854870915917600627E+01   -0.682858259141427482E+01    1
    0.193550288677215576E+03    0.986185014247894287E+00   -0.441762864589691162E+01    0.123734111881256104E+00   -0.854671696682971671E+01   -0.683639509141427926E+01    1
    0.197904264926910400E+03   -0.100372135639190674E+00   -0.338347852230072021E+01    0.224641948056221008E+00   -0.849408867147398716E+01   -0.684420759141426682E+01    1
    0.169728383816558846E+03   -0.552597996266836589E+00   -0.254226638312604836E+01    0.115526031910695409E+00   -0.849237049300766600E+01   -0.685202009141426238E+01    1
    0.205994517544593378E+03    0.195423096973687649E+00   -0.299510910817926979E+01    0.394892093518757342E-01   -0.840567039536943383E+01   -0.685983259141427304E+01    1
    0.260751238465309143E+03   -0.367305040359497070E+00   -0.407623350620269775E+01    0.245730302309989934E+00   -0.839620316719180693E+01   -0.686764509141426860E+01    1
    0.295528438863824135E+03   -0.303508763515912161E+00   -0.396222879589572408E+01    0.123543593341270685E+00   -0.831338152391803753E+01   -0.687545759141427038E+01    1
    0.195900614559650421E+03    0.452427387237548828E+00   -0.462301254272460938E+01    0.481409632945060728E+00   -0.821585352323237572E+01   -0.688327009141427482E+01    1
    0.232829881188406461E+03   -0.116214591887948160E+01   -0.362551994877927664E+01    0.230721036682905445E+00   -0.811331939006431924E+01   -0.689108259141427215E+01    1
    0.332632713894906544E+03   -0.490311998874805255E+00   -0.410106852890683271E+01    0.817246854587954513E-01   -0.807509357115594639E+01   -0.689889509141426771E+01    1
    0.128886601328849792E+03    0.861599445343017578E+00   -0.399823367595672607E+01    0.342099802207946779E+00   -0.801672373016215367E+01   -0.690670759141425794E+01    1
    0.182829147018389023E+03   -0.237013023232074405E+00   -0.252886650251801237E+01    0.404803310685313434E-02   -0.801571423427376217E+01   -0.691452009141426860E+01    1
    0.302000487667325956E+03   -0.144910724739222951E+01   -0.418860749395096477E+01    0.222050125376662078E+00   -0.797680180193539279E+01   -0.692233259141427748E+01    1
    0.166571457737412459E+03   -0.471291638600637164E-01   -0.391422621019792594E+01    0.459218526488975320E+00   -0.790131344400873026E+01   -0.693014509141427659E+01    1
    0.163520477712154388E+03    0.351837217807769775E+00   -0.426153063774108887E+01    0.496765906763076803E+00   -0.757885590278765786E+01   -0.693795759141427570E+01    1
    0.271384051442146301E+03    0.377805292606353760E+00   -0.431236684322357178E+01    0.149212390422821056E+00   -0.744252190158083060E+01   -0.694577009141427482E+01    1
    0.127392289042472839E+03    0.623948037624359131E+00   -0.267389774322509766E+01    0.757583840131759723E-01   -0.737382087751115467E+01   -0.695358259141427304E+01    1
    0.172163379368730716E+03   -0.191501468789815377E+01   -0.301844253862411183E+01    0.263885767166271712E+00   -0.734141958898359004E+01   -0.696139509141427038E+01    1
    0.227980129674800196E+03   -0.164548927495614938E+01   -0.364292418095733073E+01    0.238365416527827889E+00   -0.732101442134713665E+01   -0.696920759141427393E+01    1
    0.278474296103449205E+03   -0.868377808954452490E-01   -0.431318703827168193E+01    0.193594052413639250E+00   -0.731064944610864309E+01   -0.697702009141427038E+01    1
    0.277506579426325288E+03   -0.804779258428048205E+00   -0.450542847678417857E+01    0.297101468955601078E+00   -0.727891814268258575E+01   -0.698483259141426505E+01    1
    0.347200976224094006E+03    0.510461147296528139E-01   -0.489926504991473521E+01    0.192849981872700915E+00   -0.719551398570634682E+01   -0.699264509141427038E+01    1
    0.164924494276321980E+03   -0.848433724260776678E+00   -0.310136042950183644E+01    0.248943410541267118E+00   -0.716780705553074249E+01   -0.700045759141427126E+01    1
    0.235879323523619263E+03   -0.120786676460963749E+01   -0.322644347730393832E+01    0.517483768781565254E-01   -0.698685154734715574E+01   -0.700827009141426593E+01    1
    0.167888997135128534E+03   -0.678864946809085712E+00   -0.391483585203742246E+01    0.453269201195773019E+00   -0.697997374103034396E+01   -0.701608259141426682E+01    1
    0.348737175762653351E+03   -0.111303031444549561E+01   -0.485669851303100586E+01    0.248160267162323006E+00   -0.692608732531865989E+01   -0.702389509141426949E+01    1
    0.131882091601738068E+03   -0.432813221048922392E+00   -0.332901754133749916E+01    0.426535381377303735E+00   -0.692473250597749512E+01   -0.703170759141427393E+01    1
    0.288721210975488304E+03   -0.838394733596850239E+00   -0.375653966844514287E+01    0.471978504915937097E-01   -0.692260022435158184E+01   -0.703952009141427126E+01    1
    0.234433057944146810E+03   -0.463485303079814059E+00   -0.393587096062163289E+01    0.205791667483118557E+00   -0.686157246394980014E+01   -0.704733259141426593E+01    1
    0.126380417512220291E+03   -0.220617849043299952E+00   -0.439259993387019687E+01    0.956816236733593582E-02   -0.684372989864247749E+01   -0.705514509141426505E+01    1
    0.174688127090731143E+03   -0.142834868144612059E+01   -0.369179565820214295E+01    0.391736552606379629E+00   -0.682583372975599190E+01   -0.706295759141427038E+01    1
    0.337799549340493343E+03   -0.233156057893742386E+00   -0.448752600450215677E+01    0.981770091180902832E-01   -0.679627914522251153E+01   -0.707077009141427748E+01    1
    0.283694103360176086E+03   -0.183027017116546631E+01   -0.401413559913635254E+01    0.174258363604545607E+00   -0.675774103249494118E+01   -0.707858259141427659E+01    1
    0.331017787588627357E+03    0.391282808396381743E+00   -0.442639045117519103E+01    0.908035383832558191E-02   -0.673094020541475402E+01   -0.708639509141427038E+01    1
    0.229089708277443776E+03    0.820690972594538160E+00   -0.449923129407646272E+01    0.299402998823446072E-01   -0.671927549102995325E+01   -0.709420759141427215E+01    1
    0.192797366055705140E+03   -0.233917136850974261E+00   -0.321148160466158883E+01    0.107188676645355488E+00   -0.670438133811847514E+01   -0.710202009141427038E+01    1
    0.129696106507698289E+03    0.962735545692514627E+00   -0.460239495262907550E+01    0.287791981365653760E+00   -0.667087761562180948E+01   -0.710983259141426949E+01    1
    0.194932546853920144E+03    0.690016181786257565E+00   -0.456237961079626153E+01    0.250481974545123942E+00   -0.664575366231872966E+01   -0.711764509141427482E+01    1
    0.213822232682481456E+03    0.393966219759056990E+00   -0.418419855736857027E+01    0.230569037223307238E+00   -0.659965775991670434E+01   -0.712545759141426949E+01    1
    0.270144455134868622E+03   -0.745544433593750000E-01   -0.472800970077514648E+01    0.286724320793151854E+00   -0.654959809238158375E+01   -0.713327009141426505E+01    1
    0.143944381848828101E+03   -0.367408168950801750E+00   -0.400509307025290884E+01    0.533460548255598077E+00   -0.648890758652239175E+01   -0.714108259141426771E+01    1
    0.310718085891843145E+03   -0.107123669372847319E+01   -0.472631942661363524E+01    0.251530641138753674E+00   -0.647858201859147975E+01   -0.714889509141426682E+01    1
    0.143695498151516148E+03    0.826952115586189862E+00   -0.432473876006763813E+01    0.267861398981316834E+00   -0.647770853558445303E+01   -0.715670759141426238E+01    1
    0.177883857260197374E+03    0.809363160468863363E+00   -0.475262281594248659E+01    0.253115511242497426E+00   -0.646294819794454067E+01   -0.716452009141426149E+01    1
    0.303493166916842824E+03   -0.689461716438994898E+00   -0.432194864425878222E+01    0.129882114456298908E+00   -0.643712356487908011E+01   -0.717233259141426416E+01    1
    0.127096548707479997E+03   -0.843627851556894015E+00   -0.366152017132041374E+01    0.548800867513651647E+00   -0.643281370747517300E+01   -0.718014509141426682E+01    1
    0.232601984413960736E+03   -0.575910462894399400E+00   -0.467847523110293118E+01    0.405454316424485761E+00   -0.641338930053624523E+01   -0.718795759141426505E+01    1
    0.314625976507091536E+03   -0.939331773948628213E+00   -0.471680574604391190E+01    0.229669931164235841E+00   -0.641072567563003926E+01   -0.719577009141426505E+01    1
    0.228142486658839516E+03    0.135348928251040945E+00   -0.386072605163510429E+01    0.119102671030716076E+00   -0.640323679343159480E+01   -0.720358259141426771E+01    1
    0.229667325151857710E+03   -0.895753494572790743E+00   -0.324449511032745885E+01    0.232536990764938174E-01   -0.639549925809576347E+01   -0.721139509141426771E+01    1
    0.303996243655009380E+03    0.309359078146578703E+00   -0.472868392570463758E+01    0.141307546808256856E+00   -0.638730553004705826E+01   -0.721920759141426682E+01    1
    0.259476931979346830E+03   -0.209521390418126785E+00   -0.456248355565120445E+01    0.270797212848976121E+00   -0.638502562689986952E+01   -0.722702009141426416E+01    1
    0.275736962987787422E+03    0.185954905478038057E+00   -0.413425280898938574E+01    0.567466906901379561E-01   -0.636767771764368717E+01   -0.723483259141426949E+01    1
    0.204477179468255940E+03   -0.121551940225387067E+00   -0.335213286640515662E+01    0.789814085157314466E-01   -0.632502697553229165E+01   -0.724264509141427215E+01    1
    0.270445841550827026E+03   -0.112787258625030518E+01   -0.493426620960235596E+01    0.400498691725730938E+00   -0.632264360516511914E+01   -0.725045759141426771E+01    1
    0.132371506624021748E+03   -0.784350276987872519E+00   -0.347443039208368720E+01    0.450311403073803684E+00   -0.626735791490477201E+01   -0.725827009141427038E+01    1
    0.300867979228496552E+03   -0.182217615842819214E+01   -0.495919942855834961E+01    0.367266893219947821E+00   -0.624728764163127703E+01   -0.726608259141427482E+01    1
    0.243018169394168581E+03    0.605875611690529059E+00   -0.460785016871968534E+01    0.131768455992149230E+00   -0.620298846558238992E+01   -0.727389509141427393E+01    1
    0.344518552875931448E+03   -0.168555707908039998E+01   -0.407275819443735632E+01    0.227689118049104085E-01   -0.617260656754158710E+01   -0.728170759141427215E+01    1
    0.197935070097446442E+03   -0.829560160636901855E-01   -0.466736555099487305E+01    0.462301606392860442E+00   -0.609547303338173840E+01   -0.728952009141427304E+01    1
    0.203630034079192654E+03   -0.185281675583557837E+01   -0.310429038527058676E+01    0.979979608037306743E-01   -0.605695221809194440E+01   -0.729733259141427304E+01    1
    0.126985045303567475E+03    0.257981544570446975E+00   -0.485507305011612988E+01    0.140242877342148936E+00   -0.603756163516633482E+01   -0.730514509141427570E+01    1
    0.206791416806488144E+03    0.376528809831333522E+00   -0.347477270146068307E+01    0.959906316590296294E-02   -0.595140086513143451E+01   -0.731295759141427038E+01    1
    0.228571898052033418E+03   -0.165514253737221217E+01   -0.394784741969328401E+01    0.241569532931851239E+00   -0.593716440392902989E+01   -0.732077009141426949E+01    1
    0.136100830693200777E+03   -0.932417284410014036E+00   -0.342970878212368824E+01    0.404106422404821419E+00   -0.592227519817025350E+01   -0.732858259141427482E+01    1
    0.316646207869052887E+03   -0.547633171081542969E-01   -0.489956915378570557E+01    0.183913228797912609E+00   -0.588510629201927937E+01   -0.733639509141427215E+01    1
    0.193856924812949813E+03   -0.546895593471554031E+00   -0.419959448064430152E+01    0.359008187444325499E+00   -0.587002117880968033E+01   -0.734420759141426949E+01    1
    0.289186470116178612E+03   -0.143562503406255315E+01   -0.452389660303146268E+01    0.232311756135726688E+00   -0.586807872890538551E+01   -0.735202009141427038E+01    1
    0.143866014480590820E+03    0.283885240554809570E+00   -0.303616583347320557E+01    0.133118491959571844E+00   -0.586796539949451645E+01   -0.735983259141427304E+01    1
    0.144385238861980184E+03    0.738537667704064926E+00   -0.466930729517104748E+01    0.374752389203453995E+00   -0.580351178923375244E+01   -0.736764509141427038E+01    1
    0.162831413579375351E+03   -0.900165368173164504E+00   -0.425430115573027123E+01    0.509302640498522030E+00   -0.577717923790331422E+01   -0.737545759141427038E+01    1
    0.128379266760289539E+03   -0.161151766869957402E+01   -0.473724559296383330E+01    0.261349392656055168E+00   -0.575845617387805753E+01   -0.738327009141427215E+01    1
    0.167778464252897436E+03    0.471973745468083905E+00   -0.365212960025394606E+01    0.145702478254937845E+00   -0.571377361219464497E+01   -0.739108259141427570E+01    1
    0.322579769748347758E+03   -0.152569244583629771E+01   -0.494527135634982695E+01    0.267039407624488967E+00   -0.570866795171807517E+01   -0.739889509141427659E+01    1
    0.149692567179081863E+03   -0.272334359611931642E+00   -0.417319787025376776E+01    0.495331434563777984E+00   -0.569754782960835282E+01   -0.740670759141427570E+01    1
    0.159683365559856242E+03    0.453480029402341778E+00   -0.327787288028227675E+01    0.707776476203949984E-01   -0.564051915027802320E+01   -0.741452009141427482E+01    1
    0.190297659610428695E+03   -0.182847430981488923E+00   -0.310158221826652802E+01    0.722155514733565079E-02   -0.562356598831416932E+01   -0.742233259141426682E+01    1
    0.320081957774538182E+03   -0.134769054112440867E+01   -0.491113677524813941E+01    0.246129550553072868E+00   -0.561775551626538139E+01   -0.743014509141426416E+01    1
    0.301205075406824790E+03   -0.169882230722464356E+01   -0.409055534652040098E+01    0.716287074738119617E-01   -0.559196637030132315E+01   -0.743795759141426238E+01    1
    0.238399855762915820E+03   -0.183050208870914122E+01   -0.417282473272669030E+01    0.259639633392737268E+00   -0.558616175991170483E+01   -0.744577009141426949E+01    1
    0.201287247936385910E+03   -0.178670504102049010E+01   -0.338621357314321569E+01    0.148567369886701356E+00   -0.555509385343531115E+01   -0.745358259141427304E+01    1
    0.258716656741187421E+03   -0.141250411326268255E+00   -0.438472464176949828E+01    0.157396483338996862E+00   -0.548883410192527421E+01   -0.746139509141426682E+01    1
    0.133706852793693542E+03    0.815336346626281738E+00   -0.383716881275177002E+01    0.332093490600585961E-01   -0.544258177762929574E+01   -0.746920759141426505E+01    1
    0.209247541538834469E+03   -0.187548955956088204E+01   -0.375267954327482700E+01    0.221807194627515553E+00   -0.542060570638200012E+01   -0.747702009141426416E+01    1
    0.239746701557562801E+03   -0.116005671686643108E+01   -0.437444784611629345E+01    0.265775408557791915E+00   -0.541714358222352388E+01   -0.748483259141426682E+01    1
    0.240504383654402432E+03    0.258423462505634305E+00   -0.458488964724424974E+01    0.201228741909597553E+00   -0.539698077411653543E+01   -0.749264509141427215E+01    1
    0.206888186278261628E+03   -0.747155872898336959E+00   -0.469423767150602700E+01    0.433856013826881493E+00   -0.536705615889434373E+01   -0.750045759141427659E+01    1
    0.309290192172929778E+03   -0.126542039261018302E+01   -0.441776794909366455E+01    0.100742662352166057E+00   -0.532603403284214139E+01   -0.750827009141427748E+01    1
    0.222256996491780740E+03    0.692937345332902410E+00   -0.497892544485101674E+01    0.156191618105387536E+00   -0.532217085510561816E+01   -0.751608259141427304E+01    1
    0.252909652888774872E+03   -0.138342577219009399E+01   -0.484692573547363281E+01    0.366536160349845874E+00   -0.527511573515845544E+01   -0.752389509141426505E+01    1
    0.261920962121389607E+03   -0.112070716156368277E+01   -0.477141951421412891E+01    0.304181019856404389E+00   -0.527011587992105479E+01   -0.753170759141426505E+01    1
    0.225356292907816339E+03   -0.956786019600181170E+00   -0.384452756783017024E+01    0.133949550849375515E+00   -0.525542391593049452E+01   -0.753952009141426505E+01    1
    0.215969626605510712E+03   -0.876720190048217773E+00   -0.346203446388244629E+01    0.476907086133956937E-01   -0.523530400453706424E+01   -0.754733259141426505E+01    1
    0.191254505515098572E+03   -0.295787155628204346E+00   -0.481784522533416748E+01    0.475945103502273592E+00   -0.519224546924747532E+01   -0.755514509141427393E+01    1
    0.174809692297040471E+03   -0.142412004294627970E+01   -0.422197613650882442E+01    0.430606778538215940E+00   -0.516839919997836450E+01   -0.756295759141428103E+01    1
    0.303659962018493729E+03   -0.131819877114193407E+01   -0.477930682366452952E+01    0.206315892920796662E+00   -0.516766593630571336E+01   -0.757077009141427126E+01    1
    0.284234401576423693E+03   -0.521054283497484505E+00   -0.488797257950344743E+01    0.237314304442542062E+00   -0.514119477622940746E+01   -0.757858259141426327E+01    1
    0.171525385986797289E+03   -0.153332654914944966E+01   -0.485227438761323882E+01    0.141430692077011422E+00   -0.514058358292317052E+01   -0.758639509141426505E+01    1
    0.127922709001417516E+03   -0.762724385545680672E+00   -0.345350790691994192E+01    0.383422977208711491E+00   -0.513290633465077661E+01   -0.759420759141427126E+01    1
    0.206801849117257177E+03    0.105009282695354145E-01   -0.416467509619280740E+01    0.201663401541649745E+00   -0.512099178877897110E+01   -0.760202009141427393E+01    1
    0.158915788500138291E+03   -0.250553907884871530E+00   -0.377885296565866557E+01    0.291228782054696878E+00   -0.511800947405379070E+01   -0.760983259141427126E+01    1
    0.294512605667114258E+03   -0.169725441932678223E+01   -0.453371405601501465E+01    0.174372794365882877E+00   -0.506583257146366606E+01   -0.761764509141427304E+01    1
    0.180468954145908356E+03    0.490760803222656250E-01   -0.388320147991180420E+01    0.187134758377075189E+00   -0.504285753097986600E+01   -0.762545759141426949E+01    1
    0.280316840164450809E+03   -0.518864287123351531E+00   -0.423765963761872921E+01    0.512385332091493464E-01   -0.503648129174052084E+01   -0.763327009141426949E+01    1
    0.153365016828855943E+03   -0.197926181612953900E+01   -0.489225126036128177E+01    0.261814296028811622E+00   -0.503489389766925033E+01   -0.764108259141427304E+01    1
    0.210037531116527987E+03   -0.174592821632877326E+01   -0.424387383940882223E+01    0.319590638590144471E+00   -0.500450022262373384E+01   -0.764889509141427393E+01    1
    0.155247786819959117E+03    0.315791574859083823E+00   -0.320328496565234566E+01    0.533034692257596393E-01   -0.499253366728288039E+01   -0.765670759141426949E+01    1
    0.208949291445130370E+03   -0.925533510998241216E+00   -0.392717892252743672E+01    0.185733593298491789E+00   -0.499210729292427668E+01   -0.766452009141426771E+01    1
    0.211621211898370518E+03   -0.135278077855027368E+01   -0.341925276153542645E+01    0.538038771949305300E-01   -0.497417357915968328E+01   -0.767233259141426682E+01    1
    0.329690474271774292E+03   -0.157849246263504028E+01   -0.444755613803863525E+01    0.572208053827285776E-01   -0.497178238388330751E+01   -0.768014509141426771E+01    1
    0.149791309237480164E+03    0.726521253585815430E+00   -0.495513737201690674E+01    0.184153792691230778E+00   -0.492825651589669889E+01   -0.768795759141427126E+01    1
    0.266302606463432312E+03   -0.163339066505432129E+01   -0.378051936626434326E+01    0.448971855640411394E-02   -0.488243241663013805E+01   -0.769577009141427393E+01    1
    0.315554468382720756E+03   -0.185775754675417271E+01   -0.485692089454243181E+01    0.205008772849929105E+00   -0.488227768962051289E+01   -0.770358259141427570E+01    1
    0.229770248068868455E+03   -0.105565320754925640E+01   -0.430165840652168541E+01    0.221196321581492272E+00   -0.485787351074623697E+01   -0.771139509141427304E+01    1
    0.181990489039544912E+03   -0.490156465873176295E+00   -0.483294598304624046E+01    0.488280153357413982E+00   -0.485462831652435423E+01   -0.771920759141427215E+01    1
    0.210533118248788469E+03   -0.855008398833581040E-01   -0.367334498207733340E+01    0.379287038682865549E-01   -0.485440786072918584E+01   -0.772702009141426860E+01    1
    0.216968935868725822E+03   -0.931501315125633944E+00   -0.436407367765838572E+01    0.273072228534606720E+00   -0.484568969156355855E+01   -0.773483259141426682E+01    1
    0.130989694595336914E+03   -0.185331016778945923E+01   -0.358378112316131592E+01    0.440022851514816293E+00   -0.484420186292279364E+01   -0.774264509141426860E+01    1
    0.178880167568412844E+03   -0.137899622880297823E+01   -0.443362997154117267E+01    0.437791179109818795E+00   -0.483248748637687786E+01   -0.775045759141427126E+01    1
    0.128147922499385146E+03    0.721227240469131115E+00   -0.468884733844053070E+01    0.273104582265838614E+00   -0.482497745033635539E+01   -0.775827009141427570E+01    1
    0.145095539093017578E+03    0.177076995372772217E+00   -0.307621479034423828E+01    0.687561016559600918E-01   -0.481305339112962827E+01   -0.776608259141427570E+01    1
    0.270215391478779793E+03   -0.141014862349161096E+01   -0.489945302349075629E+01    0.290338881475497690E+00   -0.478192792136517841E+01   -0.777389509141427215E+01    1
    0.150658950126853426E+03   -0.498751365320264650E+00   -0.294813351051893369E+01    0.717062427346851772E-01   -0.477563438131289164E+01   -0.778170759141426682E+01    1
    0.187991130663807098E+03   -0.580833773817351462E+00   -0.468985385839701152E+01    0.422876557197589265E+00   -0.471498318847197773E+01   -0.778952009141426416E+01    1
    0.201649205386638641E+03   -0.893678903579711914E+00   -0.368874251842498779E+01    0.109906720376014719E+00   -0.468301221643079568E+01   -0.779733259141426682E+01    1
    0.227614066624512532E+03   -0.132900355763770528E+01   -0.459061344625712842E+01    0.308309200032320152E+00   -0.467189908372604723E+01   -0.780514509141427038E+01    1
    0.253746245686109347E+03   -0.187776094269211935E+00   -0.489492004802068248E+01    0.248965413881574976E+00   -0.466094416502350306E+01   -0.781295759141427038E+01    1
    0.158917437282732294E+03   -0.906000548282402285E+00   -0.397401091442694554E+01    0.348039002398373265E+00   -0.465268741125162055E+01   -0.782077009141427304E+01    1
    0.149419470942246107E+03   -0.163310038849237493E+01   -0.366727488023080639E+01    0.340124334825492480E+00   -0.463057761134137280E+01   -0.782858259141427038E+01    1
    0.133335255001533483E+03   -0.689919527316713133E+00   -0.491625358227435338E+01    0.327302184797561180E+00   -0.462089080853651346E+01   -0.783639509141426327E+01    1
    0.136777392029762268E+03   -0.205115795135498047E+00   -0.474276661872863770E+01    0.224444747757911678E+00   -0.461740109804163978E+01   -0.784420759141426505E+01    1
    0.160039262344715866E+03   -0.167155212092842631E+01   -0.398830804627536750E+01    0.385868677535414373E+00   -0.460944231651590819E+01   -0.785202009141426771E+01    1
    0.272623504507894154E+03   -0.188418684587412311E+01   -0.406069574488173313E+01    0.526184224068950712E-01   -0.460845012513488417E+01   -0.785983259141426682E+01    1
    0.191955004632472992E+03   -0.723237395286560059E+00   -0.477451205253601074E+01    0.439664206266403221E-01   -0.459372333501354202E+01   -0.786764509141426416E+01    1
    0.174085650422521240E+03   -0.184206865854897472E+01   -0.442521625255857387E+01    0.457454882279088093E+00   -0.456668127011450231E+01   -0.787545759141426682E+01    1
    0.282201346737556833E+03   -0.524096869255813003E+00   -0.436448946825674700E+01    0.362297681677812011E-01   -0.453530157758341090E+01   -0.788327009141426682E+01    1
    0.152374455653235287E+03   -0.914846002743531450E+00   -0.416701253829516105E+01    0.417199719280566150E+00   -0.449849156183622512E+01   -0.789108259141426682E+01    1
    0.195364964008331299E+03   -0.124327659606933594E+01   -0.407501041889190674E+01    0.240440319013595583E+00   -0.447755249550411616E+01   -0.789889509141427570E+01    1
    0.147263534327595437E+03   -0.744877194763269967E+00   -0.332657013285531988E+01    0.182070116567575130E+00   -0.447234519958074106E+01   -0.790670759141427926E+01    1
    0.169744436836970067E+03   -0.836222365614438523E-01   -0.353355212126913898E+01    0.100326002180477450E+00   -0.446531299745467702E+01   -0.791452009141427482E+01    1
    0.188005742550987065E+03   -0.370252460337689548E+00   -0.366229405183282530E+01    0.837512179432241682E-01   -0.446445842551712424E+01   -0.792233259141427482E+01    1
    0.163893686782068528E+03   -0.135905463901199997E+01   -0.398275470628746797E+01    0.332105363856235958E+00   -0.442811424353251493E+01   -0.793014509141427393E+01    1
    0.173046572699048397E+03   -0.482550652546989367E+00   -0.464423038364900709E+01    0.777647876201520150E-01   -0.441893578032995293E+01   -0.793795759141427215E+01    1
    0.194592833566397530E+03   -0.678864776957595728E+00   -0.435427651010826278E+01    0.281324114271172265E+00   -0.440155735595832809E+01   -0.794577009141427126E+01    1
    0.127061476188338887E+03   -0.949128681005267261E+00   -0.393027914472421758E+01    0.465814370277272849E+00   -0.440076249218418614E+01   -0.795358259141427304E+01    1
    0.125844634771798511E+03    0.610122467719180772E+00   -0.447301521270728131E+01    0.298202138621495638E+00   -0.438589640260748137E+01   -0.796139509141427748E+01    1
    0.171002146712592833E+03   -0.489873603287191983E+00   -0.321483246101507536E+01    0.220780236594107365E-01   -0.438014524914646852E+01   -0.796920759141427482E+01    1
    0.299615165355895613E+03   -0.104969017797844755E+01   -0.447741470371418782E+01    0.400561472217552048E-01   -0.436975088268359535E+01   -0.797702009141426860E+01    1
    0.153084511076020618E+03    0.156784070773827722E-01   -0.408807528728548775E+01    0.303353735396808877E+00   -0.436875377503883744E+01   -0.798483259141427126E+01    1
    0.125544436932574484E+03   -0.150848766600285900E+01   -0.401133242341696139E+01    0.524793774658208423E+00   -0.435899597421085083E+01   -0.799264509141426949E+01    1
    0.190415649987153955E+03   -0.760003220950041136E+00   -0.498754385966182578E+01    0.472319048981121259E+00   -0.433569961160830708E+01   -0.800045759141426771E+01    1
    0.230266637077970415E+03   -0.899395010692488395E+00   -0.470968469935628509E+01    0.270296763322308342E+00   -0.432979100358098901E+01   -0.800827009141427126E+01    1
    0.199605843786472008E+03   -0.136561075461507553E+01   -0.383002873001316235E+01    0.144185024488329316E+00   -0.432889459654276987E+01   -0.801608259141427482E+01    1
    0.159199642372484078E+03   -0.726666414489374413E+00   -0.445739328218492048E+01    0.107690329509306945E+00   -0.432805132297980855E+01   -0.802389509141427659E+01    1
    0.178225842701063613E+03   -0.188472213609418926E+01   -0.344302309996065592E+01    0.122151380323251083E+00   -0.431609162229446408E+01   -0.803170759141426949E+01    1
    0.136641336977481842E+03   -0.141770511865615845E+01   -0.449564039707183838E+01    0.270639770579338079E+00   -0.431161315452093596E+01   -0.803952009141427126E+01    1
    0.161418835526611929E+03    0.361804030678599009E+00   -0.370406202481803515E+01    0.881051153526997838E-01   -0.430539476149968436E+01   -0.804733259141426949E+01    1
    0.146234889803604517E+03   -0.201298136954920714E+00   -0.480488172217668730E+01    0.560696946823628140E+00   -0.429936001616458352E+01   -0.805514509141426593E+01    1
    0.202226296067237854E+03    0.215430438518524170E+00   -0.421443104743957520E+01    0.113298463153839110E+00   -0.429701718364718843E+01   -0.806295759141426949E+01    1
    0.140692105010914474E+03   -0.164601946919073616E+01   -0.372830632806688200E+01    0.357529954757859758E+00   -0.427394480704853130E+01   -0.807077009141426949E+01    1
    0.277526631951332092E+03   -0.182043290138244629E+01   -0.462196946144104004E+01    0.157400706338882451E+00   -0.426996164048189897E+01   -0.807858259141426949E+01    1
    0.132354831762261767E+03   -0.566723352206407682E+00   -0.428707592637479440E+01    0.500384695915218058E+00   -0.426939212474933516E+01   -0.808639509141426949E+01    1
    0.182243741881171815E+03   -0.134822514789954684E+01   -0.341616536848287478E+01    0.612963262788662963E-01   -0.425566275904537950E+01   -0.809420759141427482E+01    1
    0.196461180162700316E+03   -0.162505113655912004E+01   -0.485387785312152342E+01    0.453746383968014644E+00   -0.425100470677523568E+01   -0.810202009141427482E+01    1
    0.252891269978744162E+03   -0.163360739839498881E+01   -0.438419350857550416E+01    0.142956243481878076E+00   -0.424004275810401943E+01   -0.810983259141427482E+01    1
    0.132388576323250589E+03   -0.740761731483586150E+00   -0.462787236024020743E+01    0.297616640594225601E+00   -0.423573901220363780E+01   -0.811764509141427126E+01    1
    0.160181281477256533E+03    0.512098905337407651E+00   -0.373790037243993023E+01    0.113512296451856695E-03   -0.422490074622141165E+01   -0.812545759141427126E+01    1
    0.138778585635531698E+03   -0.179951097281715100E+00   -0.398347581400287387E+01    0.394073817953019545E-01   -0.421331328772282721E+01   -0.813327009141427659E+01    1
    0.169665093159296930E+03   -0.527428890905449865E+00   -0.320598631865107020E+01    0.462040520744469788E-02   -0.420217722340757760E+01   -0.814108259141426949E+01    1
    0.174859549794204895E+03   -0.634603946856217238E+00   -0.340851189297454304E+01    0.445745425716483068E-01   -0.419710827560463251E+01   -0.814889509141426593E+01    1
    0.188432078787369676E+03   -0.187269006561491502E+01   -0.444094710261946624E+01    0.359690727421464851E+00   -0.419412892033636098E+01   -0.815670759141426238E+01    1
    0.271221150351672520E+03   -0.144199698996938031E+01   -0.432214601480629934E+01    0.564384220458095803E-01   -0.418321164260941636E+01   -0.816452009141426949E+01    1
    0.216372672647057726E+03    0.211364362635400038E+00   -0.429795525442071913E+01    0.762978494044605909E-01   -0.418212843660672551E+01   -0.817233259141426949E+01    1
    0.239942555648466481E+03   -0.234609085464883682E+00   -0.412495740308600922E+01    0.118619592408819273E-01   -0.418059628825370133E+01   -0.818014509141426061E+01    1
    0.165306301068938097E+03    0.935528113755950130E-01   -0.377536156245199939E+01    0.123767375507397873E+00   -0.417586419573791812E+01   -0.818795759141426061E+01    1
    0.206810345448394315E+03   -0.133332767720893752E+00   -0.429637101584749725E+01    0.155334332538156178E+00   -0.416720804453000060E+01   -0.819577009141427126E+01    1
    0.178641132786444246E+03    0.478235247218132820E+00   -0.416197862165375732E+01    0.530398002683742445E-01   -0.413759774127279023E+01   -0.820358259141428015E+01    1
    0.135169813800062855E+03   -0.408590449251291510E+00   -0.465432599216929521E+01    0.562500613074043532E+00   -0.413176520236836353E+01   -0.821139509141427659E+01    1
    0.150203003488180201E+03   -0.820036856396385128E+00   -0.345161264552945823E+01    0.161042692863955089E+00   -0.411101552678549531E+01   -0.821920759141426949E+01    1
    0.142792045930152199E+03   -0.100055803727264792E+01   -0.335698458462536298E+01    0.178336959257813427E+00   -0.410522305083521388E+01   -0.822702009141426061E+01    1
    0.193394793717769744E+03   -0.112484119984681508E+01   -0.494912445993520400E+01    0.179672803863030583E+00   -0.410492352845712549E+01   -0.823483259141425883E+01    1
    0.242907359569743079E+03    0.405964286195677815E+00   -0.464023733614512945E+01    0.383772074467808103E-01   -0.409550703287353901E+01   -0.824264509141426238E+01    1
    0.324521203762045502E+03   -0.108418017457063232E+01   -0.475275491084675572E+01    0.295865448256650010E-01   -0.409143762423026836E+01   -0.825045759141426593E+01    1
    0.139859790760218971E+03   -0.166309180190335271E+01   -0.374937026168961740E+01    0.340843110604927280E+00   -0.408989627173353831E+01   -0.825827009141427126E+01    1
    0.179249356324792871E+03   -0.666299096562711135E+00   -0.398370390980219780E+01    0.173411581749392946E+00   -0.408237858485990479E+01   -0.826608259141428015E+01    1
    0.181262793523157910E+03   -0.140656138343136083E+01   -0.494337811369752966E+01    0.484161595831988645E+00   -0.407766497601239397E+01   -0.827389509141427304E+01    1
    0.257860554754734039E+03   -0.152097427845001221E+01   -0.450319945812225342E+01    0.130083688545227061E+00   -0.406312305994929623E+01   -0.828170759141426949E+01    1
    0.215450592339038849E+03   -0.187191736698150635E+01   -0.413024246692657471E+01    0.165004893136024483E+00   -0.406158417418438678E+01   -0.828952009141427659E+01    1
    0.269560230983036945E+03   -0.136626519772446153E+01   -0.453599132610558797E+01    0.985471784759825720E-01   -0.406059247536592505E+01   -0.829733259141427482E+01    1
    0.168712907295592800E+03   -0.108018377822723433E+01   -0.498829312026613003E+01    0.289385429442150954E+00   -0.405630232932753731E+01   -0.830514509141426593E+01    1
    0.227622733212075957E+03   -0.153248469995485959E+01   -0.414166694604685137E+01    0.111381432702871874E+00   -0.405598131751819935E+01   -0.831295759141426771E+01    1
    0.207785834798238767E+03    0.251840959435607470E+00   -0.451831600736692351E+01    0.138207122591144566E+00   -0.405523685077856122E+01   -0.832077009141426949E+01    1
    0.150850488467886862E+03    0.478936801781447041E+00   -0.365534226742767920E+01    0.276592795943048043E-02   -0.405120900132544381E+01   -0.832858259141427126E+01    1
    0.167045365757157157E+03   -0.140201155662644972E+01   -0.341693957434169349E+01    0.103549778796811737E+00   -0.404662843339133538E+01   -0.833639509141427482E+01    1
    0.174588668996181639E+03   -0.114486987174887833E+01   -0.408223551462703860E+01    0.248537791015936704E+00   -0.404635259866775598E+01   -0.834420759141427126E+01    1
    0.250338219106197357E+03   -0.175440514087677002E+01   -0.410760939121246338E+01    0.433717491388320928E-01   -0.402421160692853608E+01   -0.835202009141427126E+01    1
    0.214320666854082731E+03   -0.135281007828088984E+01   -0.475880227661744470E+01    0.316937375951426847E+00   -0.402302701008470986E+01   -0.835983259141427126E+01    1
    0.236461065846846395E+03   -0.149452157355699300E+01   -0.419795401091252796E+01    0.915269364011222775E-01   -0.402163431098388369E+01   -0.836764509141427126E+01    1
    0.130840572308735432E+03   -0.171613946553713781E+01   -0.387657065383054844E+01    0.414346749025743699E+00   -0.401884378965350386E+01   -0.837545759141427659E+01    1
    0.188280595432142803E+03   -0.103540155062709593E+01   -0.385951193426775330E+01    0.118062471055856558E+00   -0.400743999827349562E+01   -0.838327009141427659E+01    1
    0.167334430308901517E+03   -0.244599764463377944E+00   -0.463411411533276496E+01    0.376325951218073051E+00   -0.399360906060521881E+01   -0.839108259141427482E+01    1
    0.192815065938901938E+03   -0.672094278842487514E+00   -0.358442048552201342E+01    0.354036133086925268E-02   -0.399023234349551448E+01   -0.839889509141427126E+01    1
    0.198364571047622348E+03   -0.106056707346213086E+01   -0.450843154810414237E+01    0.561598740798440951E-01   -0.396992140546499117E+01   -0.840670759141426771E+01    1
    0.186086850406662961E+03   -0.942747988335893128E+00   -0.352956278702755544E+01    0.147204336154916089E-01   -0.396863790605615741E+01   -0.841452009141426949E+01    1
    0.130858025899138767E+03   -0.109553321884262167E+01   -0.454381577871768272E+01    0.351790487496787208E+00   -0.395407143127721517E+01   -0.842233259141427304E+01    1
    0.182494804724703528E+03   -0.157985865748135490E+01   -0.367461782367462675E+01    0.975387497529603686E-01   -0.395231795789269924E+01   -0.843014509141427126E+01    1
    0.128311688388385846E+03   -0.402056018149912875E+00   -0.399197029659419700E+01    0.155527642818644896E+00   -0.395002094716893515E+01   -0.843795759141427304E+01    1
    0.190547986906298604E+03   -0.119652948868559661E+01   -0.413539948356769749E+01    0.189629575826244762E+00   -0.394381745072165568E+01   -0.844577009141427482E+01    1
    0.241630986108660949E+03   -0.546000195101592478E-01   -0.451026180151099965E+01    0.615956605189439260E-01   -0.393798373413093383E+01   -0.845358259141427126E+01    1
    0.226918346848725406E+03   -0.100448176443539916E+01   -0.495039298900832936E+01    0.295771993864157978E+00   -0.393669300995983029E+01   -0.846139509141426949E+01    1
    0.172132501006126404E+03   -0.142296546697616577E+01   -0.377731144428253174E+01    0.166311259818077095E+00   -0.393602241796378660E+01   -0.846920759141426949E+01    1
    0.272633584762697581E+03   -0.372281627715036034E+00   -0.480440540102742553E+01    0.864289596957930756E-01   -0.393529676603621636E+01   -0.847702009141427482E+01    1
    0.170742919972956571E+03    0.185102068616084914E+00   -0.413358664170180656E+01    0.145571877395068217E+00   -0.392879909326392207E+01   -0.848483259141427837E+01    1
    0.137807462511906266E+03   -0.125591539369566463E+01   -0.496459120296549017E+01    0.455665036037484983E+00   -0.392511403918896296E+01   -0.849264509141427482E+01    1
    0.167292292932044290E+03   -0.356018403016582496E-01   -0.450739463464648438E+01    0.305813291474818727E+00   -0.392297239174269974E+01   -0.850045759141426771E+01    1
    0.140643622497049620E+03   -0.620189556274363563E+00   -0.480880467510139820E+01    0.354197041423478243E+00   -0.391968265589408382E+01   -0.850827009141426949E+01    1
    0.129521155170672529E+03   -0.767897501961823270E+00   -0.416828654375145291E+01    0.434213387513933236E+00   -0.391220207931735509E+01   -0.851608259141427482E+01    1
    0.195772005857958646E+03   -0.166177032308749695E+01   -0.445385783211818431E+01    0.282514553458786399E+00   -0.390504714446074619E+01   -0.852389509141427126E+01    1
    0.146709522189597777E+03   -0.699936403685030406E+00   -0.499695124814784286E+01    0.390456611212185556E+00   -0.389646269082489649E+01   -0.853170759141427126E+01    1
    0.186372891351236888E+03   -0.147644168753832705E+01   -0.482930223761736688E+01    0.402344752783379889E+00   -0.389018959754437921E+01   -0.853952009141426949E+01    1
    0.193471536303060418E+03   -0.533975783679261795E+00   -0.474671432776532853E+01    0.120958530835769532E+00   -0.388871931179806030E+01   -0.854733259141426949E+01    1
    0.145496534196801008E+03   -0.193583091167462129E+01   -0.338603500325123763E+01    0.178848393958189300E+00   -0.388386635325225260E+01   -0.855514509141427126E+01    1
    0.142835825232370951E+03   -0.112195054477678102E+01   -0.375772367532120732E+01    0.790549252409897263E-01   -0.388051969442065570E+01   -0.856295759141426949E+01    1
    0.143830031782756919E+03   -0.178919526020064490E+01   -0.396788175807834964E+01    0.178315191119393396E+00   -0.388034674097996657E+01   -0.857077009141427482E+01    1
    0.151297840808893540E+03   -0.936948483351780048E+00   -0.371891184539755315E+01    0.152055071997244037E-01   -0.388034133502323098E+01   -0.857858259141427304E+01    1
    0.148534516223413874E+03   -0.112048321096390802E+01   -0.408118231808350096E+01    0.326526488593753217E+00   -0.387896524812948318E+01   -0.858639509141426771E+01    1
    0.206228837939356140E+03   -0.171897947645151028E+01   -0.377634440806616212E+01    0.474423730137816732E-01   -0.387574772714975913E+01   -0.859420759141426771E+01    1
    0.216240084544460814E+03   -0.165646928924962955E+01   -0.474463447352051837E+01    0.125750720021278212E+00   -0.386916259170637655E+01   -0.860202009141426949E+01    1
    0.156853217230558585E+03   -0.171539936746505672E+01   -0.485930996229395618E+01    0.376695205637461283E+00   -0.386909167043984237E+01   -0.860983259141427304E+01    1
    0.212577822552873698E+03   -0.796457548822913308E+00   -0.474123827729602798E+01    0.800753720711976230E-01   -0.386882163330317441E+01   -0.861764509141427126E+01    1
    0.162393516433197107E+03    0.313147031423011590E+00   -0.432958259334978557E+01    0.614894188462731736E-01   -0.385659919784196781E+01   -0.862545759141426771E+01    1
    0.204838542344627854E+03   -0.178356182386253659E+01   -0.449460086553277094E+01    0.255589753044741963E+00   -0.385117072078925160E+01   -0.863327009141427482E+01    1
    0.166052255034446716E+03   -0.567778348922729492E-01   -0.351981580257415771E+01    0.938018360137939447E-02   -0.384877204442013676E+01   -0.864108259141427482E+01    1
    0.161678834865268954E+03   -0.530656691168037042E+00   -0.485502898497458091E+01    0.282131225422569298E+00   -0.384580154577337741E+01   -0.864889509141427126E+01    1
    0.227140196440987353E+03   -0.426792689737743203E+00   -0.481545724564142930E+01    0.363249982658746945E-01   -0.383846653724393017E+01   -0.865670759141426949E+01    1
    0.129234413651649135E+03   -0.944762247516426346E-01   -0.443413043898983883E+01    0.283010185784724311E+00   -0.383799119589710447E+01   -0.866452009141426949E+01    1
    0.217950980637420997E+03    0.914218856620889753E-01   -0.431363577613885063E+01    0.305948720881845659E-01   -0.383726559124134869E+01   -0.867233259141427659E+01    1
    0.183526176201155295E+03   -0.124625463754988974E+01   -0.466134164431730369E+01    0.183660139018418794E+00   -0.382887137889478080E+01   -0.868014509141427304E+01    1
    0.159132125599623976E+03   -0.179435892465146352E+01   -0.393270109550679248E+01    0.254972256354863036E+00   -0.382853222792397174E+01   -0.868795759141426949E+01    1
    0.160781384670571526E+03   -0.148264312464896042E+01   -0.469992784390836604E+01    0.456528706262382122E+00   -0.382509613366075740E+01   -0.869577009141426771E+01    1
    0.152338217017554655E+03    0.126633663900583393E+00   -0.424792195573183129E+01    0.977116849896877415E-01   -0.382276362107148726E+01   -0.870358259141426949E+01    1
    0.258880149449545343E+03   -0.158850312163855945E+01   -0.459059486006242778E+01    0.102861889588944336E+00   -0.381853633102016365E+01   -0.871139509141427659E+01    1
    0.130057688089051283E+03    0.562696567692722027E-02   -0.408066948262127838E+01    0.168822697475972783E+00   -0.381806387824690141E+01   -0.871920759141427304E+01    1
    0.194188481570704710E+03   -0.877726042081418134E+00   -0.412191554281158812E+01    0.128540076312948004E+00   -0.381641562159408787E+01   -0.872702009141426416E+01    1
    0.137331818256639508E+03   -0.178420556302838884E+01   -0.425542337534400694E+01    0.447545860437005283E+00   -0.381637447502026639E+01   -0.873483259141426771E+01    1
    0.164693891769668852E+03   -0.133080452455493425E+01   -0.385511260452208404E+01    0.436816628489457640E-01   -0.381356883715322947E+01   -0.874264509141427482E+01    1
    0.153405395258186445E+03   -0.916000773368266241E-01   -0.387144788791836225E+01    0.157602275991111040E+00   -0.380999069776081001E+01   -0.875045759141427304E+01    1
    0.147284553855366255E+03    0.151713823733592434E+00   -0.450764892642402337E+01    0.328214200485093754E+00   -0.380851734104724660E+01   -0.875827009141427304E+01    1
    0.165472030233667454E+03    0.220347691541173063E+00   -0.417961933546844566E+01    0.138484764827383089E+00   -0.380747254175085859E+01   -0.876608259141427126E+01    1
    0.219818423738635545E+03   -0.134021929443673704E+01   -0.423220156039587803E+01    0.987843530335697217E-01   -0.380596164777435497E+01   -0.877389509141427482E+01    1
    0.167328513164145477E+03   -0.159608496146626688E+01   -0.461687653255658326E+01    0.406909148754971195E+00   -0.380576466732677510E+01   -0.878170759141427304E+01    1
    0.133337059738361461E+03   -0.173591755557904692E+01   -0.444879030770960249E+01    0.518035747651543810E+00   -0.380235427043687935E+01   -0.878952009141427304E+01    1
    0.180182810962508682E+03    0.446899582913449223E-01   -0.481552839797993570E+01    0.153072589391759661E+00   -0.380064377021694533E+01   -0.879733259141428015E+01    1
    0.190612477365347502E+03   -0.196752195159702481E+01   -0.403477517273858677E+01    0.160019317372162767E+00   -0.380035801988486543E+01   -0.880514509141428192E+01    1
    0.207897146385209908E+03   -0.961594678709721595E+00   -0.491087579836125165E+01    0.174556781412848222E+00   -0.379611800694219070E+01   -0.881295759141428015E+01    1
    0.137252127346210301E+03   -0.196004864274667057E+01   -0.416666863771897855E+01    0.422360365608016042E+00   -0.379526037476625433E+01   -0.882077009141427126E+01    1
    0.172153596580028534E+03   -0.155356955528259277E+01   -0.435067772865295410E+01    0.301451361894607528E+00   -0.379153911210413153E+01   -0.882858259141426771E+01    1
    0.277373737478902910E+03   -0.128102060901152170E+01   -0.498001783944897802E+01    0.141906729380764984E+00   -0.379020360998704842E+01   -0.883639509141427126E+01    1
    0.232815084548222842E+03   -0.494245214362280860E+00   -0.468638255597897313E+01    0.134247301009255804E+00   -0.378992896117767319E+01   -0.884420759141427659E+01    1
    0.210413885324953469E+03   -0.162104382584885065E+01   -0.378557045167020423E+01    0.620654022411364428E-02   -0.378659382017596791E+01   -0.885202009141426949E+01    1
    0.153658710708822753E+03   -0.766462429973000514E+00   -0.390808713314635270E+01    0.732251520479247769E-01   -0.378635871762976173E+01   -0.885983259141426238E+01    1
    0.194198239460233310E+03   -0.893173728511624798E+00   -0.409013086661263614E+01    0.111158927964800702E+00   -0.378631552036778896E+01   -0.886764509141427126E+01    1
    0.272624073738372090E+03   -0.455496335787366036E+00   -0.483182890643971241E+01    0.639268896684410254E-01   -0.378557224763698441E+01   -0.887545759141427304E+01    1
    0.259196696545698046E+03   -0.180813252806262681E+01   -0.452956092527950283E+01    0.823070617556450057E-01   -0.378331992081626423E+01   -0.888327009141426949E+01    1
    0.130410340596638520E+03   -0.686658063360267912E+00   -0.378574183139370835E+01    0.145779949619655735E+00   -0.378217671186885429E+01   -0.889108259141427304E+01    1
    0.211703384483106447E+03   -0.191039984788960160E+01   -0.401150174131827253E+01    0.774389266288977446E-01   -0.378172274560679877E+01   -0.889889509141426771E+01    1
    0.190078088641166687E+03   -0.185428023338317871E+01   -0.395629405975341797E+01    0.126948340272903443E+00   -0.378166065525179285E+01   -0.890670759141426238E+01    1
    0.212352444834438984E+03   -0.191174120541198889E+01   -0.388069935057354343E+01    0.368121172418990755E-01   -0.377913980538401439E+01   -0.891452009141426061E+01    1
    0.161268086689485756E+03    0.319967235224858371E-01   -0.418253799615184008E+01    0.621736868863179901E-01   -0.377746255099086081E+01   -0.892233259141426416E+01    1
    0.188444478135098421E+03   -0.683872495580412298E+00   -0.404967895794796018E+01    0.985744647861465512E-01   -0.377732804743815542E+01   -0.893014509141427304E+01    1
    0.147892702132485596E+03   -0.375227328552428130E+00   -0.323239569301625451E+01    0.742245938507904955E-02   -0.377649835303937387E+01   -0.893795759141426949E+01    1
    0.225855611177885748E+03   -0.408063000624623307E+00   -0.466417243930953962E+01    0.136292040190623166E-01   -0.377609019004236623E+01   -0.894577009141426061E+01    1
    0.181875703811829169E+03   -0.129986116121260276E+01   -0.407370187213117774E+01    0.391665607260724552E-01   -0.377559151622834843E+01   -0.895358259141426416E+01    1
    0.170785070409427590E+03   -0.208099048359505101E+00   -0.491882503801774984E+01    0.261526028020273860E+00   -0.377507519656940449E+01   -0.896139509141426416E+01    1
    0.150972823159321507E+03    0.334157220598159554E+00   -0.458273125330772224E+01    0.239756998458977411E+00   -0.377217331944113088E+01   -0.896920759141426949E+01    1
    0.131811531955314479E+03   -0.114799032742147644E+01   -0.451123051541288866E+01    0.505712918238482634E+00   -0.377112987604087113E+01   -0.897702009141428015E+01    1
