luminosity_distance KNtimeshift supernova_mag_boost Ebv log_likelihood log_prior
136.77739202976227 -0.20511579513549805 -4.742766618728638 0.22444474775791168 -9.325017033983421 -8.063997533693676
203.69553339437508 -0.2259708453976772 -3.71015193385501 0.2810555884679219 -8.591188445307608 -8.241565307570808
244.96152044133856 -0.28862328308175345 -4.074714666480946 0.26143306623172585 -8.562959914939144 -8.176384835450973
146.55880763035037 -1.7612576810795735 -2.626033496367591 0.23786275111348396 -8.345549407431346 -8.10332318941016
128.8866013288498 0.8615994453430176 -3.998233675956726 0.3420998022079468 -8.273937300533277 -8.476687754017599
151.0408799964715 -0.1633496858676886 -4.577060671206127 0.16050548299620424 -8.182722118167423 -7.895304129809802
299.59360330570894 -0.11878833282912105 -4.700927416450933 0.2706210965134573 -8.068315018035946 -8.206376778096354
154.61192998284974 -0.6625293226279376 -3.8402863894415367 0.49801145770998306 -8.054918766248454 -9.60676949118775
130.83192264048705 -1.5681715258915632 -2.7149540682122604 0.3129771879906921 -7.908010878572616 -8.357612210234242
230.47457800102717 0.11485583637325636 -4.486902616430403 0.34966189196085995 -7.839224885560444 -8.510074741792979
283.6941033601761 -1.8302701711654663 -4.0141355991363525 0.1742583636045456 -7.806794596697122 -7.92926360737114
348.73717576265335 -1.1130303144454956 -4.856698513031006 0.248160267162323 -7.749520962433016 -8.134588261334098
271.3840514421463 0.37780529260635376 -4.312366843223572 0.14921239042282106 -7.681206218890845 -7.868255817510325
189.07982592208802 0.011444552418190757 -4.237949667677958 0.40952573944832443 -7.612648488959101 -8.823092924228744
127.39228904247284 0.6239480376243591 -2.6738977432250977 0.07575838401317597 -7.526520437943902 -7.708202748300129
134.5296359107131 -0.141718553401466 -4.745225857390242 0.3249414729016292 -7.51144319593887 -8.404828419000614
217.8451634139342 0.6435158454213528 -4.552781915192222 0.2465992391287742 -7.500868956004084 -8.129785388130294
174.4020154261854 -0.4976660177278327 -3.1544635730629427 0.1740546260458653 -7.477207119265752 -7.928752016948505
157.5876007513432 -0.442975070551167 -3.39568252399344 0.3048749421119736 -7.369213562143701 -8.326858183392428
303.67215148420905 -1.727320458524885 -4.429094104596922 0.21491950331288814 -7.336159284426823 -8.03699061376455
192.23513454198837 -0.1322845220565796 -3.260791301727295 0.1148419478416443 -7.327184465809508 -7.79016765305974
176.38309664574578 -1.1522796516393439 -3.2286995281488444 0.2015073969702073 -7.273616244438108 -8.00015887869305
215.18641061897165 -0.298573547056622 -4.027020522181594 0.2677346988061243 -7.272637416777299 -8.196857618771263
151.2482231138505 -1.2367316054062067 -3.413668746099089 0.36708387966867106 -7.269890895400817 -8.591520577892783
181.7817983952996 -1.2727346898741239 -2.7443671429242875 0.03991384462806313 -7.247346254869729 -7.638514521745019
188.84329910446905 -1.1444636117962033 -3.41674632521511 0.2096529530226495 -7.245249766813525 -8.022365668613055
300.86797922849655 -1.8221761584281921 -4.95919942855835 0.3672668932199478 -7.222338489714538 -8.592412349889498
270.445841550827 -1.1278725862503052 -4.934266209602356 0.40049869172573094 -7.172400146592473 -8.769150896658683
326.62352179860574 0.09370698634048047 -4.91523278002635 0.2006422723778654 -7.1593913213475044 -7.997829047417231
270.1444551348686 -0.074554443359375 -4.7280097007751465 0.28672432079315185 -7.101012065803012 -8.261214241108252
126.50482908340791 0.6578009587200753 -3.600085075817863 0.03340730719339533 -7.093547517828247 -7.626369405817059
198.89375521163373 0.6928263312773328 -4.279052632553438 0.15044996157635565 -7.079379656224056 -7.871184505023034
188.05215471524954 -0.6571191707812158 -3.734083943204878 0.2678890156072115 -7.015733230289313 -8.197364259650232
192.22705839218315 -0.15236619092263037 -3.9695518802581162 0.2950567447205369 -6.934802168188798 -8.290815491927876
180.3992739814546 -0.43391163889203854 -4.481698421119101 0.49056851872681917 -6.914422421345298 -9.511409393478353
292.68553569470794 0.05123407966712268 -4.444979220976764 0.12806727390699713 -6.8505750750978835 -7.819497754811821
154.09297026053912 0.30613716533928415 -4.334892921687496 0.12607322424579637 -6.795833766587905 -7.815020054885519
197.93507009744644 -0.08295601606369019 -4.667365550994873 0.46230160639286044 -6.764205460557344 -9.214696966374433
287.69122991168865 -1.9015562328578333 -4.9129177995522255 0.35519780916477356 -6.742380186447142 -8.53524274496182
187.9439562671119 0.47599102145059824 -3.9047661799495557 0.1726108629446387 -6.6741102231431695 -7.925134168938992
276.56947717375357 -1.368898090580624 -3.8607708598368484 0.052530200860891996 -6.635385957079265 -7.662493025736433
276.56947717375357 -1.368898090580624 -3.8607708598368484 0.052530200860891996 -6.635385957079265 -7.662493025736433
126.00559275131754 -0.8509684030205442 -2.4786562119651343 0.15620457358557155 -6.621878053686208 -7.884916494702884
173.40701990723596 -1.1492203186321728 -2.9090398242657627 0.07324294183185333 -6.584204612445069 -7.703150627631693
186.66903345759016 -1.1740343850627215 -3.958337055262187 0.3239174670599299 -6.568728461049002 -8.400698866602454
186.66903345759016 -1.1740343850627215 -3.958337055262187 0.3239174670599299 -6.568728461049002 -8.400698866602454
150.218575198947 0.2901090145960348 -4.174707373480725 0.4457001700538614 -6.551275524628418 -9.074250674540172
213.94306621564084 -0.13548296533591841 -4.761356232595769 0.0858448912500469 -6.54755925285958 -7.728721248527689
140.86392297970704 -1.1385338238633336 -4.308253338099504 0.2862721558435798 -6.523931020392573 -8.259632701207408
140.86392297970704 -1.1385338238633336 -4.308253338099504 0.2862721558435798 -6.523931020392573 -8.259632701207408
240.3683635428497 -1.8311207365033382 -4.241995136127928 0.2581599853065566 -6.509610494804813 -8.165914347764318
152.55081785621533 -0.5580876965908004 -3.5484502282950334 0.31611713001683794 -6.5051267781690285 -8.369789624357736
316.6462078690529 -0.0547633171081543 -4.899569153785706 0.1839132287979126 -6.498228698305416 -7.953812301421007
261.67651095780866 -1.0741765979813251 -4.1926613148507235 0.16152986878020084 -6.488422183398708 -7.897794237559396
150.30441443329624 -0.6837652476822507 -3.926671070720885 0.4405927883975803 -6.481272409170087 -9.034731082862477
348.46924253938084 -1.4716449067408903 -4.763939421335545 0.1513288246769665 -6.458493969476061 -7.873269537771141
143.86601448059082 0.28388524055480957 -3.0361658334732056 0.13311849195957184 -6.444209905151687 -7.830930963742143
143.86601448059082 0.28388524055480957 -3.0361658334732056 0.13311849195957184 -6.444209905151687 -7.830930963742143
171.00032494813863 0.5195503987538408 -3.3487441916640206 0.03191582365500964 -6.436031590604387 -7.623606058995835
171.00032494813863 0.5195503987538408 -3.3487441916640206 0.03191582365500964 -6.436031590604387 -7.623606058995835
277.5252469975136 -1.2030413374336986 -4.6637232776947135 0.2510806026384688 -6.3889625433081605 -8.143635783893973
183.59771758625016 0.33798200451412486 -4.72363664154819 0.4348132846698607 -6.362959883679944 -8.991817044416512
183.59771758625016 0.33798200451412486 -4.72363664154819 0.4348132846698607 -6.362959883679944 -8.991817044416512
204.56995402428447 -1.4293537552531599 -4.351883015180393 0.08038949907495774 -6.3540696273673065 -7.71757136008096
296.4489446989977 -1.283665645432349 -4.857317776093593 0.26427022154665086 -6.342028636572027 -8.185550366847353
218.50480472413807 0.39442080034783 -3.889861089591763 0.07539188993789638 -6.324395150544586 -7.707465075693191
218.50480472413807 0.39442080034783 -3.889861089591763 0.07539188993789638 -6.324395150544586 -7.707465075693191
129.9040633393033 -1.6788102054907141 -3.6642520434774957 0.48610360642049477 -6.313062092637232 -9.458283611818148
242.38648861646652 -0.9895288944244385 -4.842326641082764 0.08839117841720581 -6.310812389305617 -7.73396828672782
252.90965288877487 -1.383425772190094 -4.846925735473633 0.3665361603498459 -6.307390384741574 -8.588856442010245
193.5141480593586 0.04596659788063917 -3.233862619098403 0.009120144004078979 -6.294391129682592 -7.582294835130986
193.5141480593586 0.04596659788063917 -3.233862619098403 0.009120144004078979 -6.294391129682592 -7.582294835130986
152.83687769646093 -1.85858130780906 -4.1691370488242505 0.24678963183135974 -6.29243919211072 -8.130369942797905
198.54637985875456 -1.9001957629510988 -3.965333500521793 0.28874966408152847 -6.2768338849609115 -8.268329151646201
198.54637985875456 -1.9001957629510988 -3.965333500521793 0.28874966408152847 -6.2768338849609115 -8.268329151646201
157.15214467688514 0.5655273152518241 -4.300550945333725 0.30336918673279933 -6.276302026278516 -8.321245499185592
157.15214467688514 0.5655273152518241 -4.300550945333725 0.30336918673279933 -6.276302026278516 -8.321245499185592
280.54655901990833 -1.3602223033034897 -3.8570163176965577 0.010409079213536176 -6.260798033401102 -7.584585725110118
280.54655901990833 -1.3602223033034897 -3.8570163176965577 0.010409079213536176 -6.260798033401102 -7.584585725110118
309.6019140080201 -1.2090235354340761 -4.6914763979784 0.17492417637486735 -6.2557984502177515 -7.930937308513223
309.6019140080201 -1.2090235354340761 -4.6914763979784 0.17492417637486735 -6.2557984502177515 -7.930937308513223
199.14075023135462 -0.6094798797623435 -4.695843211588747 0.16627000843851328 -6.252423103796397 -7.909398135073013
199.14075023135462 -0.6094798797623435 -4.695843211588747 0.16627000843851328 -6.252423103796397 -7.909398135073013
172.3045538149855 -1.2363367303093562 -4.307559427222633 0.18091516358251328 -6.24242245560796 -7.946124637019858
191.5364327832132 0.3590560474146858 -4.802435298443169 0.16466503106207095 -6.230382071854766 -7.9054540422937265
316.4698177400921 -0.14611000276346875 -4.578009320599663 0.0769827648126019 -6.224884937459722 -7.710671112792091
163.33418495071874 -1.253722385059201 -4.546622227413815 0.2897945239045076 -6.221628534268001 -8.272019572076887
215.9696266055107 -0.8767201900482178 -3.4620344638824463 0.047690708613395694 -6.218865038292557 -7.653227041155101
134.66961906918507 0.1280399247419406 -2.850795577723171 0.12031884916989265 -6.201220676091748 -7.802209718736983
151.5596054537873 0.5813494817000957 -3.5450398682481867 0.054745633767814494 -6.197918981249676 -7.666763646793737
247.5452954182561 0.3418281463110455 -4.365755317923754 0.12034827928942132 -6.183853959785477 -7.802274820052211
294.51260566711426 -1.6972544193267822 -4.533714056015015 0.17437279436588288 -6.158634397323281 -7.929551060876187
294.51260566711426 -1.6972544193267822 -4.533714056015015 0.17437279436588288 -6.158634397323281 -7.929551060876187
180.54785496437523 -1.688597731054908 -3.8129226063023642 0.029749093507398402 -6.14882922589924 -7.6196052043062386
224.5916649611557 -0.4888878673827226 -4.780703414569094 0.11248784946850734 -6.13937614611515 -7.785035925549844
224.5916649611557 -0.4888878673827226 -4.780703414569094 0.11248784946850734 -6.13937614611515 -7.785035925549844
204.8544840778681 0.3470162160162089 -3.7527949131456078 0.06510371453928597 -6.126030080052519 -7.686976197318067
166.33712100637686 -1.1898325257985554 -3.8065525223692553 0.3215046493718474 -6.124500274572487 -8.391035497265
199.79645875006966 -1.2386322579687992 -4.146943374467379 0.05178835882555684 -6.118392233825274 -7.661067066305933
130.9896945953369 -1.8533101677894592 -3.583781123161316 0.4400228515148163 -6.1159982245267495 -9.030416385605108
239.3759467527774 0.5575449631427265 -4.667184609386833 0.055103435138902236 -6.115305209178735 -7.667455083217616
329.96718514656584 -0.3673720820366182 -4.611985122733572 0.05957586150322374 -6.10074345162388 -7.676138443238882
216.55466598681687 -1.506178708296099 -4.304428343877176 0.05946711271749043 -6.094211382256503 -7.675926407087225
233.7789115880709 -0.4904874717959795 -4.187260319346959 0.16898723107215236 -6.091690499844356 -7.916111141403076
210.70991777895875 0.5403047918430821 -4.340135153049456 0.027097448199770228 -6.091127736342749 -7.614730638141703
301.23428098515575 -1.4224705901328392 -4.984520287692605 0.2664612625337124 -6.078885092372225 -8.192686542138809
308.32730374746905 -0.13460419631629805 -4.603724411539191 0.0843551365108455 -6.075991550745365 -7.725664084682137
191.25450551509857 -0.29578715562820435 -4.8178452253341675 0.4759451035022736 -6.072968418314403 -9.34699591441262
280.3124931993985 -1.453594760686002 -4.095979898501256 0.06114209842082607 -6.0654374364433625 -7.679197257039919
259.55846689959816 -0.4496708925599129 -4.460199308118676 0.1750577624475462 -6.062715787132506 -7.931273451035548
226.83972009210507 -1.1721788269451618 -4.3304205904387425 0.02399324704076003 -6.030252825180064 -7.60905415814669
329.6904742717743 -1.5784924626350403 -4.447556138038635 0.05722080538272858 -6.029703629439317 -7.671556628833011
329.6904742717743 -1.5784924626350403 -4.447556138038635 0.05722080538272858 -6.029703629439317 -7.671556628833011
215.80718157734486 -1.855568510380358 -4.053885148013563 0.015033127053040433 -6.028065077445417 -7.592847737790631
165.04568259202273 -1.3125651806513705 -3.7252852478301515 0.29498002851791166 -6.025999122991498 -8.29053891915083
165.04568259202273 -1.3125651806513705 -3.7252852478301515 0.29498002851791166 -6.025999122991498 -8.29053891915083
326.0034711596892 -1.014285443502884 -4.3061903005888045 0.002865921253881365 -6.021133027593791 -7.571252798827261
313.5309365453759 -1.241876662084071 -4.817442859865616 0.17798799944840268 -6.015165742956679 -7.9386753700614445
313.5309365453759 -1.241876662084071 -4.817442859865616 0.17798799944840268 -6.015165742956679 -7.9386753700614445
307.4586442025823 0.13923585082410872 -4.661190309432078 0.06551196999920812 -6.014867816576797 -7.6877812886131105
245.78238936042396 -1.4157983860502987 -4.136874749799299 0.15149284172621796 -6.014291464379587 -7.8736591369918845
245.78238936042396 -1.4157983860502987 -4.136874749799299 0.15149284172621796 -6.014291464379587 -7.8736591369918845
266.3026064634323 -1.6333906650543213 -3.7805193662643433 0.004489718556404114 -6.012641038358805 -7.574107968649107
266.3026064634323 -1.6333906650543213 -3.7805193662643433 0.004489718556404114 -6.012641038358805 -7.574107968649107
143.37030403034035 -1.6255698681873012 -2.753458773463366 0.10682090170179918 -5.969279324118222 -7.772789416250749
143.37030403034035 -1.6255698681873012 -2.753458773463366 0.10682090170179918 -5.969279324118222 -7.772789416250749
310.06866612153726 -0.37384210992122524 -4.7193704776095755 0.11218455684390195 -5.957192957710069 -7.784376685162597
219.63158703977325 -1.3953022816511877 -4.818473791557463 0.41248213889624963 -5.957043022141953 -8.841411104375338
204.48393953407754 0.33658823158688467 -4.349707873715301 0.028715774601419906 -5.95498739257446 -7.617702809387241
275.91542835880966 -1.446642351739833 -4.866287304495151 0.27394208361300354 -5.948380347946404 -8.217442480423706
125.26545718819538 0.5068028157949951 -3.9982138894156316 0.34589821699905293 -5.943673055068015 -8.493318602828118
125.26545718819538 0.5068028157949951 -3.9982138894156316 0.34589821699905293 -5.943673055068015 -8.493318602828118
160.40004436556669 -1.5377234723659932 -3.506140858974459 0.24474637066658875 -5.941023665006659 -8.124114377404219
141.39738215845134 -0.27359538062180455 -3.0341897840672174 0.14434838907168435 -5.940369291143224 -7.856827645096118
141.39738215845134 -0.27359538062180455 -3.0341897840672174 0.14434838907168435 -5.940369291143224 -7.856827645096118
202.91515287941095 -0.7430892464293657 -4.338464559408497 0.09289306808832049 -5.936029554481349 -7.743313068928523
141.07934546012604 0.3868589787832786 -3.3677585810018495 0.1682122798658408 -5.934816055827732 -7.914191995848658
196.8059031228584 0.3764656632459271 -4.155119972308393 0.17651646076722344 -5.931024287177616 -7.93495134453491
139.67704120010276 -1.6706650549608568 -4.071423928667694 0.505852279689825 -5.9290974456902035 -9.71815213072883
139.67704120010276 -1.6706650549608568 -4.071423928667694 0.505852279689825 -5.9290974456902035 -9.71815213072883
204.51790181434268 0.3142811710573299 -4.094590863755423 0.14365153926323926 -5.9279762763405195 -7.855201011333722
204.51790181434268 0.3142811710573299 -4.094590863755423 0.14365153926323926 -5.9279762763405195 -7.855201011333722
194.11273206264298 -0.7063496214820326 -4.18894012675083 0.28724191697552526 -5.9268712224094875 -8.263027715918156
293.14668881179375 -1.8210778872976694 -4.7716903441033836 0.21871612369165097 -5.914274861805007 -8.047667910300289
276.4500690183361 -0.03273672213613077 -4.631806374999883 0.13637702136071275 -5.91266817760557 -7.838376474427703
276.4500690183361 -0.03273672213613077 -4.631806374999883 0.13637702136071275 -5.91266817760557 -7.838376474427703
223.7982698001125 -1.2311893224628658 -4.9174961779351545 0.4152461501596343 -5.912647080495432 -8.85884615887497
223.7982698001125 -1.2311893224628658 -4.9174961779351545 0.4152461501596343 -5.912647080495432 -8.85884615887497
180.46895414590836 0.049076080322265625 -3.883201479911804 0.1871347583770752 -5.890141518040043 -7.962139383330699
180.46895414590836 0.049076080322265625 -3.883201479911804 0.1871347583770752 -5.890141518040043 -7.962139383330699
295.2048424403903 -1.045345768799549 -4.431367248304564 0.08818415267331563 -5.886147333064557 -7.733540646834533
154.49890921899006 -1.853996541014354 -3.398440749599003 0.06573464862364624 -5.882038901883648 -7.688220690487965
154.49890921899006 -1.853996541014354 -3.398440749599003 0.06573464862364624 -5.882038901883648 -7.688220690487965
156.4258382365535 -1.1817325300946466 -4.291439193663468 0.2825024137145705 -5.8783982924882325 -8.246543709820871
156.4258382365535 -1.1817325300946466 -4.291439193663468 0.2825024137145705 -5.8783982924882325 -8.246543709820871
256.6466765756275 0.1151970177232311 -4.2780748243687015 0.06467172121137056 -5.874906916556888 -7.686124999486578
281.56371026329134 -1.2374537542391704 -4.381662622037177 0.10759679830947944 -5.872955638868225 -7.774457325856432
281.56371026329134 -1.2374537542391704 -4.381662622037177 0.10759679830947944 -5.872955638868225 -7.774457325856432
242.44261984744338 0.48195154638733273 -4.774601672025811 0.09123566796727202 -5.871055835858619 -7.739862561293559
274.1751351219615 -1.1336379950470277 -4.910295116968705 0.08450913735856413 -5.852861926653487 -7.725979680975772
251.84605737573304 -0.5060252299536785 -4.628645163743896 0.2200414062995812 -5.849922823905429 -8.051422030542925
251.84605737573304 -0.5060252299536785 -4.628645163743896 0.2200414062995812 -5.849922823905429 -8.051422030542925
187.24483369150576 0.0043587666054181184 -4.502829145596577 0.1548861551369229 -5.848160608774253 -7.881753714599312
187.24483369150576 0.0043587666054181184 -4.502829145596577 0.1548861551369229 -5.848160608774253 -7.881753714599312
133.60541643433766 -1.4533082634855756 -3.93212356926291 0.30602364223857403 -5.846651621733388 -8.331161232102906
133.60541643433766 -1.4533082634855756 -3.93212356926291 0.30602364223857403 -5.846651621733388 -8.331161232102906
213.45887482884228 -0.8376626508084077 -4.002633814450064 0.16456316479563235 -5.841872143032038 -7.905204238986523
213.45887482884228 -0.8376626508084077 -4.002633814450064 0.16456316479563235 -5.841872143032038 -7.905204238986523
257.99057736531256 -1.0516257231267163 -4.891617173450618 0.2992371976064648 -5.8390492090552 -8.306003456483733
227.22168567671622 -0.8818215874753697 -3.841722980750067 0.07215013705780016 -5.831308353093786 -7.70096372020389
220.2261571411044 -0.4159537241324187 -4.71124236025003 0.14118659141077217 -5.83065063072292 -7.849468304591618
166.71370740637644 -0.551368091320763 -3.63897537013544 0.02494278622601064 -5.824714197059338 -7.610787109410181
271.87926370078765 -1.3422352528933055 -4.798772792084897 0.07344960692202357 -5.8237720079299535 -7.7035647415487185
212.18474356723817 -0.7125713184792404 -4.198676069942863 0.2174741943309676 -5.822747425552774 -8.04416265017222
175.21117327912333 -0.8612518568151717 -3.7673191994931234 0.21949089912372458 -5.8186874975637135 -8.049860900515576
199.42305206048871 0.1060619324154497 -4.714478563748873 0.1798353017832065 -5.818351126138077 -7.943370059829489
201.64920538663864 -0.8936789035797119 -3.688742518424988 0.10990672037601472 -5.818135835140978 -7.779439393384909
283.3823361914783 -1.6946979522431287 -4.531347654335091 0.15172165755178907 -5.814103474604109 -7.874202910217571
183.03674012422562 -1.7721953392028809 -4.328376650810242 0.2212990959405899 -5.809973347645599 -8.054997761583778
258.3971144019524 -1.11282231226985 -4.33232969865972 0.13563713730484647 -5.802973839578852 -7.8366810201752095
196.9272185468617 -0.8118011213448708 -3.8079089575683835 0.15225468829376912 -5.790438617577685 -7.875470787996107
196.9272185468617 -0.8118011213448708 -3.8079089575683835 0.15225468829376912 -5.790438617577685 -7.875470787996107
158.557654678694 0.45555212033384374 -3.7985410532127375 0.12418025839606607 -5.7890873557823435 -7.810787812875642
151.60093310343356 -0.11373748695909147 -4.805068284532884 0.41061070719950804 -5.78132653456556 -8.829776592776689
219.94347128612083 -0.2656616982048132 -4.771741231508383 0.3281233989749 -5.7735197904366675 -8.417770225688773
135.11750407563392 0.3680225263718473 -3.064919441841352 0.0819440628290876 -5.772649718306037 -7.72073597719405
137.16822144725882 -1.7187448139498698 -4.300274435425254 0.42566304638794067 -5.7667505264786385 -8.927429867065383
145.09553909301758 0.17707699537277222 -3.0762147903442383 0.06875610165596009 -5.758108691123654 -7.694201952247125
163.5930014778864 -1.6780196970415613 -3.557377797839744 0.08848117419451444 -5.757469248201037 -7.734154242316155
169.5455188887614 -1.7636017430593753 -3.180622377874968 0.08664628782761287 -5.751508295424251 -7.730369689314802
169.5455188887614 -1.7636017430593753 -3.180622377874968 0.08664628782761287 -5.751508295424251 -7.730369689314802
131.22572084435737 -0.48267104594510535 -2.6745743020977213 0.07244251713583225 -5.748688045536387 -7.701548359154176
195.3649640083313 -1.243276596069336 -4.075010418891907 0.24044031901359558 -5.747223428044753 -8.111057900959405
165.8064498184453 -0.23205830667639393 -4.354326558312723 0.2314975390617294 -5.746038212089848 -8.084475021626519
200.51710645146187 -1.7451567466650588 -4.165312762436241 0.13684767952479898 -5.7453829404195815 -7.839456491748785
150.286274672816 -0.3541176161383519 -3.0116859414219928 0.07132464854043336 -5.7401919230579255 -7.69931492779858
240.2485957323678 -0.9199196240843857 -4.881908378756338 0.17222485704030482 -5.739964437776598 -7.924169111013443
152.18296663810906 -1.831060076682687 -3.4188639964386374 0.22636295386073566 -5.734713839402758 -8.069525580596258
184.81817286500984 -0.5239108983688465 -4.149692665187474 0.262128392555805 -5.729935222968676 -8.178623352762138
245.62372188330534 -1.8996746171795436 -4.847402042745791 0.2070334399873563 -5.724712204085495 -8.015170296045119
184.42632111653828 -0.9275103701635099 -4.117520647595415 0.12550833756916718 -5.721907808357964 -7.813755220377432
197.6518122590145 -0.217073813097171 -3.4677500565117283 0.013053252732283365 -5.717323635334801 -7.589301839613345
189.67903268237683 -0.05859520551592334 -4.282411428838414 0.25872053167470854 -5.707035701126862 -8.167699756665348
127.294160425663 -0.6541431546211243 -4.703983664512634 0.547476884651184 -5.705059800144543 -10.700275719586001
171.90500494635694 -1.4278615912881336 -3.9781894519041305 0.17431944813625758 -5.704807397847447 -7.929417043265624
157.81948033582873 0.4126940326652764 -3.7257201464804646 0.08072441456624614 -5.704107397627336 -7.718252299882537
164.09550185490951 -0.9500670901275847 -3.601857766876045 0.20002893877476516 -5.702650001691774 -7.996180586153043
177.84351286177088 0.4136253368099476 -4.173920936874959 0.1625724191104115 -5.701819753188568 -7.9003348828557645
240.82869366935927 -1.9292284119317826 -4.307662622321713 0.07271636699684415 -5.700391053429488 -7.702096255521213
240.82869366935927 -1.9292284119317826 -4.307662622321713 0.07271636699684415 -5.700391053429488 -7.702096255521213
204.2000864920092 0.10146443603786315 -4.5590299610813005 0.14096961759304158 -5.70008218759891 -7.848965260752269
169.52222371722823 -1.7625411675747733 -4.438082827225863 0.4388011894000316 -5.697944850751549 -9.021230061321015
190.0780886411667 -1.8542802333831787 -3.956294059753418 0.12694834027290344 -5.6941540177026955 -7.816982686573381
270.5242021552119 -1.5794919488431294 -4.660320755145612 0.18977628220670162 -5.692816246039371 -7.969019373508382
274.0228757787853 -1.8557060155999683 -4.2428507553156924 0.06903114022461229 -5.692428747377204 -7.694748198703833
221.70745397767985 0.40735212641790053 -4.259195099560228 0.015807520486028064 -5.689856672064166 -7.594238082161856
282.6368114328951 -1.9721132825291932 -4.822176106700693 0.11789449003060593 -5.689165017464329 -7.796861383000055
241.54175815601 -0.07382925254290096 -4.375963152039665 0.12380263326312123 -5.688479118922329 -7.809945667578122
249.3696663033475 -0.038210684602868694 -4.9373773258703135 0.12580485792892931 -5.687573330317533 -7.814418957925998
286.1404306426172 -0.0675035249430811 -4.862963766957993 0.018101865379042088 -5.683919553350013 -7.598368728556815
128.90548971622164 0.3496415299003104 -3.2828057869599734 0.08297149656122836 -5.68317991548998 -7.722833028777037
204.90408229735237 -1.3955968722868906 -3.884653002437063 0.14465581609499578 -5.68284543770129 -7.857546103958364
127.75318932193203 -1.377806320981372 -3.9753698050311757 0.4870081363264952 -5.678213414342585 -9.468820596577306
146.2633711035147 -1.5561589807884888 -4.0356306637875 0.41260165644151886 -5.678150535956379 -8.842158752127274
214.09110495630517 -0.8001355329068174 -4.541585067745221 0.2865351158435284 -5.676429702517163 -8.260552153520202
179.73809581817443 0.2515039640525236 -4.618905327378572 0.3319428891873733 -5.675305094646995 -8.433529679465995
151.30884852352887 -1.2179099333602688 -3.6675514993364007 0.16401646751015872 -5.675122103571385 -7.903864656224649
284.0329367709812 -0.019780327951177235 -4.874753727148868 0.14899366265027558 -5.667216445356518 -7.8677390933400035
247.16483320114122 -1.9695411264926248 -4.553311391062045 0.13996793179934247 -5.666346148281371 -7.846646173397724
318.32020759352224 -1.6290334815287384 -4.805366061646616 0.12158631100143526 -5.665736556379365 -7.805017271971714
213.1667068016045 -1.9894491388710132 -4.504893794915047 0.23243487815226815 -5.662472935405354 -8.087228390141641
172.15359658002853 -1.5535695552825928 -4.350677728652954 0.30145136189460753 -5.661759446985656 -8.314142144058325
148.64805602637387 -1.0350988567134012 -4.350191498973501 0.3687229492291247 -5.658914718292046 -8.599535764703617
205.61658818262674 -1.635351751006585 -4.120201229853262 0.12345767530060954 -5.6577304211022135 -7.809176992982918
277.5266319513321 -1.8204329013824463 -4.62196946144104 0.15740070633888245 -5.655556902385435 -7.887794601481238
315.9276134435272 -1.664988098106376 -4.520073336179478 0.04409804063277203 -5.653906347509047 -7.646403406710194
219.21282931017265 -1.7246599113204661 -4.564216018959022 0.2160192668497714 -5.653191866131585 -8.040071785177082
157.76698893177854 0.22972284410410237 -4.481009050373308 0.3863608934726233 -5.651410188120977 -8.690114517928162
157.77415796988828 -1.8580913391793377 -3.246019181184961 0.0639145151880049 -5.6503856193977136 -7.684634749717043
211.5850552688998 -1.9856858576197938 -3.742862451342374 0.07927407239992548 -5.649943647058326 -7.715306847025925
199.97356649852944 -1.7184523588250242 -4.0729286801673865 0.13794390634931283 -5.648839513062545 -7.841976530375668
210.78570161860483 -1.9930793477892037 -4.5850509635861485 0.2696444926408523 -5.648406147337681 -8.203145846309374
224.24606629801514 -0.7832850905708737 -3.715350198312451 0.00686509850943536 -5.647106162759062 -7.57829940810535
249.36770982629722 -1.898166875320117 -4.9381759941364844 0.31423544299053197 -5.6462583724182815 -8.362474220220678
140.98151674174753 -0.9947325310084973 -4.349539555700107 0.5082528227936649 -5.646181791907235 -9.75489133261454
142.91187718852817 -1.932988528340527 -4.005781445775641 0.36654666752406206 -5.6461752485483 -8.588907482748548
150.5670309148233 -0.8039079919779435 -3.2254358491202137 0.13066557077704558 -5.644520084414761 -7.825362557049485
136.72516908682508 0.28044004156201296 -3.895455367156578 0.23059687802870601 -5.6439633631046995 -8.081836515136803
206.8837565165175 -0.9846760622902879 -4.69525877117085 0.32439814630455743 -5.567257981032692 -8.40263519897364
154.4535269153345 -1.1069683901567289 -4.710572185431405 0.5400132476631115 -5.599748416548996 -10.438321958995502
132.67066946996803 -0.6569259342443299 -4.464179991340703 0.5327198388118863 -5.537791571673273 -10.23522007508022
138.07466671914045 -0.22214616300329593 -4.439382244044238 0.41568437362525207 -5.587042525578861 -8.8616385536988
156.32150235025244 -0.7610130913292983 -4.224504230301415 0.3075165724787429 -5.5703809976874386 -8.336781586631755
162.55681946304222 -0.6480666081775865 -4.545233712991911 0.42912662977197646 -5.559401421137539 -8.951316934447556
187.4984313505663 -0.3668236558638338 -4.413309769756185 0.2927106585816951 -5.592391457036304 -8.2823919273996
141.2877077563909 -0.4298197304574507 -4.584363831944099 0.45177226743423715 -5.595604428664744 -9.123362206891594
157.2144837113272 -0.16858867353984475 -4.8874555024435935 0.5008835937511875 -5.517092014693286 -9.64614453828524
213.39159434072013 -0.3409035245470666 -4.756650237057715 0.324513759017354 -5.64325444565103 -8.40310148447689
192.57843002815758 -0.2655202609217642 -4.682454103351832 0.28865162898855695 -5.529499623845762 -8.267983591838787
127.06076136917369 -0.26546178793572306 -4.548071964587742 0.5138057262617541 -5.573027953351391 -9.845434445658185
173.17917917283052 -0.8469690730294297 -4.878610743944175 0.44726757734866535 -5.5493368745893985 -9.086698861924384
159.3590670803868 -1.139765612249188 -4.699236869226326 0.5169272957243783 -5.606298889100428 -9.900180334770953
139.96445868990938 -0.9040663190924072 -4.5755285488780295 0.5546030133111948 -5.580342684166741 -11.037042263867503
194.36312971756416 -0.7309796980219829 -4.969442555844643 0.4236241958537837 -5.541677320056545 -8.913630917056215
196.33335482222887 -0.1667473046354746 -4.391302382617235 0.23386102971851003 -5.542970174007725 -8.091432207577794
204.31742842091683 -0.44787675889849865 -4.428440379773374 0.2589569848724025 -5.623092811195397 -8.168453846066184
198.53326196927867 -0.615505417512195 -4.429209665327062 0.23223732052614035 -5.527909851513138 -8.086647447467925
188.47349063526974 -0.14210518103562286 -4.502607333971014 0.24108085239199206 -5.527726048553962 -8.112989316677506
207.64345894323972 0.14627607637277418 -4.556433108013936 0.17689411565715893 -5.56430525150684 -7.935905754354784
207.7863806290501 0.0976473018535291 -4.728118481892987 0.21526977150143065 -5.574401980990365 -8.037970918717297
192.98196516275934 -0.20402212962838195 -4.161058979976465 0.19846151025381875 -5.593479786430962 -7.991980101719856
162.05022356954862 -0.14571775218193816 -4.375657836907655 0.32220506973732493 -5.51821773430837 -8.393831084600674
200.57121962635077 0.20368036589174832 -4.469072693740319 0.17016343749521273 -5.581284025166975 -7.919031040204816
204.79800227488917 -1.6140631378251835 -4.5264840336985035 0.28182719412042223 -5.593219545953382 -8.24421725214858
207.75578996666397 -1.1690545355816586 -4.354966136939817 0.23934467370367557 -5.5948967151818785 -8.107762798475191
151.12830961954634 -1.364618206089876 -4.469012270974245 0.43956038201308895 -5.5926564111761525 -9.026928898923073
164.49307861823192 -1.5770979174051183 -4.687719666487069 0.4603743935345268 -5.6072314081628685 -9.197343945369642
291.0780155938735 -0.722959209847394 -4.70190854094906 0.11035829823070029 -5.607190502674729 -7.780416269110944
275.77145562308084 -0.5644870121040402 -4.9388066703067235 0.14167151273817477 -5.52466819758651 -7.85059348804284
291.5754666411831 -0.5132947171323785 -4.7402958487203986 0.058977395382116035 -5.519237898734055 -7.674972122969484
297.6277671880243 -0.26353621639164526 -4.966242044607784 0.09111605085029734 -5.517367696162331 -7.739613992887485
263.2154223987834 -0.49622244689319084 -4.383645463604864 0.05540430067486219 -5.553589615293094 -7.668036863735297
292.882803384408 -0.3883936188128372 -4.986961104102211 0.11488059477898088 -5.5186521757269515 -7.790252120089384
288.3190445722168 -0.40319317186532966 -4.796805502592709 0.10141395833539726 -5.53306562083469 -7.761242961643437
240.43216216782437 -0.547719108034765 -4.710157600613929 0.2002011137285081 -5.5376528035830725 -7.996643067770495
320.6997531343697 -0.33070350159308903 -4.880980870428846 0.026158721671591854 -5.515608621171975 -7.6130106398535995
299.10311225195574 -0.6376171439038687 -4.648028227654705 0.03974545850608147 -5.530040505647734 -7.638198345442903
223.7655550355476 -0.569788327899619 -4.572089458581342 0.20352470546120555 -5.534216191760511 -8.005612787947697
202.22629606723785 0.21543043851852417 -4.214431047439575 0.11329846315383911 -5.583739191233591 -7.786800020920102
258.5831533333121 0.258788757404242 -4.911607371875503 0.14913366790089919 -5.6144150272900415 -7.86806981206272
250.8944191944123 0.31383830465315654 -4.897065272632268 0.14708816404310976 -5.627772990525507 -7.863248788150875
229.95523565541785 0.09493203781951376 -4.530978623587808 0.1488599016025442 -5.583921206068187 -7.867423226732157
226.47009400446154 0.11613955896631989 -4.3250842710700415 0.025247550718250304 -5.606559642067183 -7.611343955399031
242.73443606346618 -0.10178871996543526 -4.740179729772528 0.12970217623239014 -5.54842549621273 -7.823183995780533
219.00863167322188 -0.08208517354348155 -4.3211633203512525 0.04973587770214064 -5.638944483800124 -7.657132375511255
235.7998800581036 -0.5561058257523102 -4.457832096979915 0.17542030725271154 -5.637506831487497 -7.932186292080245
207.66472119172326 0.15900864419774985 -4.7200468702636815 0.2219295825355536 -5.569059131533727 -8.056795117733758
257.86055475473404 -1.5209742784500122 -4.503199458122253 0.13008368854522706 -5.574123179383681 -7.824046156781777
244.14335795112925 -1.449315064037408 -4.789081062727543 0.2015716471935834 -5.608743251499731 -8.000332125041373
216.27134459249507 -1.1546144767763447 -4.4007961144886725 0.14465315509444857 -5.640245345973086 -7.857539882968411
238.5560973604246 -1.503758366222217 -4.356683815735752 0.12208353428378968 -5.577684235289522 -7.806120826947017
220.57089717379802 -1.3402991956640782 -4.473600669444519 0.2002961484914709 -5.576351328921387 -7.99689843365498
262.50096287377187 -1.9646683055824539 -4.914875741687427 0.23359699509127643 -5.60088299078208 -8.090652587680376
275.0802539103591 -1.0152642589399317 -4.639077830006003 0.08223718335217278 -5.540113479232606 -7.721333804903694
285.61870324189204 -1.203793656025443 -4.523869662416962 0.09197171438639826 -5.62742132722229 -7.741393451920983
277.8907548973049 -1.5710037669734296 -4.7494750947113 0.15011059828185053 -5.574134028999258 -7.870380554634915
320.8012689470054 -1.4551186328464536 -4.986792536971812 0.07760636305148616 -5.596770173088634 -7.711930639098805
258.54196439819407 -1.0697171916929484 -4.831672697052892 0.17982888758956542 -5.547158072799145 -7.943353720761637
280.76652115523285 -1.1091714797346264 -4.550001868087277 0.023273401439108523 -5.5893161115114935 -7.607742406291726
270.2417581887255 -1.403292897619835 -4.684611117431845 0.11458485472873312 -5.571061334100315 -7.7896059299933595
266.3413094562558 -1.1992759638593384 -4.959921314790158 0.24008735242218776 -5.575414610447976 -8.109995184331153
316.61868509091767 -1.7328401452489104 -4.797741872297893 0.11011827512550569 -5.61678147249315 -7.779896920355582
284.6119779144939 -1.6206348124086523 -4.399317695737379 0.060840590396737074 -5.610545556030552 -7.678607693235072
301.7381516010562 -1.1856919858301873 -4.588724286389022 0.038665577860556785 -5.548153886626809 -7.6361730412593865
326.3588977105061 -1.1973228614494547 -4.655354629003919 0.021369823088740112 -5.568893038916534 -7.604281844501809
326.7520294526389 -0.9405501676704491 -4.78080565529254 0.04811800539327693 -5.565479292926363 -7.654041722476519
153.5772460723834 -0.7533514433425608 -4.010972044477494 0.3030808687143297 -5.54174451522897 -8.32017438160138
126.61196356107281 0.0319659663077152 -3.151482524096323 0.11288905932256639 -5.534091988108981 -7.785908668215025
166.05225503444672 -0.05677783489227295 -3.5198158025741577 0.009380183601379394 -5.599084189665294 -7.5827565943027135
190.53422232964905 -0.25214210153243055 -3.648953649910652 0.06485658100060376 -5.613798569809171 -7.686489157754122
167.56608261273863 -0.07512879465831257 -3.3812529215919094 0.06530119039650352 -5.6164621418214065 -7.687365544349954
190.1086163888338 -0.5060214249563135 -3.7929156090698646 0.09946915373606846 -5.556714805700906 -7.757122244287601
179.01253992866785 -0.08642372521192554 -3.5299907308404785 0.005854398756411175 -5.517162060851704 -7.576513846002457
214.83374230479248 -0.340863602486551 -4.032624286722147 0.07762711767296807 -5.540274768047955 -7.7119725859938955
229.1751051017834 -0.2596127645336743 -4.052849302530452 0.00494673811443565 -5.517099462426134 -7.574913031636026
208.4364652333873 -0.3653541312215014 -3.83259883509491 0.036008603760862214 -5.531456303203046 -7.631207308232836
173.8032047529184 -0.13386475059526637 -3.815818097499995 0.07413824974096335 -5.5781779454070435 -7.704945877815478
219.6734705496462 -0.35607918806288774 -3.968356971853706 0.0039018803786696815 -5.527210834508858 -7.573073414118158
200.06837065991857 0.003245012466555952 -4.0462047846912075 0.1101489187715583 -5.5548267098739 -7.779963210369006
197.85814472441893 0.053991299562028416 -3.8997297289062423 0.04154984262698689 -5.533829131849103 -7.64159162777478
168.04335179825154 -0.17698536301549317 -3.92788441382393 0.2172321284293305 -5.576732225113476 -8.043480864321218
168.67420086035136 0.3615683813110193 -4.001522276585012 0.1533446216099633 -5.642674381722984 -7.8780683405050524
132.79832857300596 -0.9567281209691081 -3.5653172732973717 0.29442531338738476 -5.572490457172733 -8.288541365494542
150.3203762922829 -0.7519170360463776 -3.2551723170086984 0.11197325040826055 -5.564585662852805 -7.783917643765154
141.1229335773731 -0.8408051462412054 -3.4373453856974825 0.19270571581469564 -5.547792418118458 -7.976705006066597
168.08064851936916 -0.9001239982760767 -3.6465568506909927 0.1422729131523563 -5.5512960916924285 -7.851990703859539
181.5889138915208 -0.9478992751020892 -3.416782988679131 0.044979542843682135 -5.601541297032364 -7.648073357829862
139.61129748842342 -0.9506048063574681 -3.2214737110827554 0.15104060522644386 -5.5648363105532 -7.872585280879241
165.66882749991802 -0.10229459549399378 -3.4501823282052015 0.06837551143091739 -5.541360017226681 -7.693446564367376
140.53337713158945 -0.9812702329520435 -3.5408527342252154 0.20890057369509749 -5.559004878197921 -8.020293700970118
167.78323757538462 -0.8163650718587439 -3.431207254893679 0.049757487074145075 -5.54842501396516 -7.657173721028981
219.6745046660812 -1.6974993934721692 -3.812655084132328 0.007994584660106418 -5.6281059696042535 -7.580298604894844
196.93433822459775 -1.380263874079774 -3.6102809013922497 0.03885303921094816 -5.5771648440217865 -7.636524328849178
166.54452432341043 -1.5572787905002707 -3.256514496473897 0.01909140980027403 -5.631857398105154 -7.600155544512937
198.3017624670755 -1.6031811641312135 -3.455927420439714 0.03082248621376932 -5.638794849630799 -7.621585217072878
173.45006779398148 -1.4248817545503307 -3.4482897784406608 0.10835289079117777 -5.630099356154483 -7.776085344149206
194.30400244288762 -1.6094043442807642 -3.5455571311414564 0.02150956235326651 -5.602635128239684 -7.60453547305441
169.52061569599877 -1.4877055513532573 -3.2362454155451292 0.057954340496878254 -5.618257834764105 -7.672981488062695
147.4879113070627 -1.2374099150829043 -3.1069124299758655 0.0795726839836577 -5.569938415396245 -7.715912578778005
153.43872364845407 -0.9374210462082504 -4.019110221366843 0.2741873888130661 -5.569519868311836 -8.218264727216692
215.45059233903885 -1.8719173669815063 -4.130242466926575 0.16500489313602448 -5.627832728750483 -7.90628792661167
218.54315697218965 -1.2689145805151998 -4.022938140764667 0.043603460580302345 -5.617725965327468 -7.645467675386906
207.98258383311259 -0.9496760017094692 -4.02219623814412 0.09441130515581726 -5.544346633094363 -7.74648433843091
196.8945984646748 -1.2656777113386155 -3.8949019616562053 0.13088522234564345 -5.578855382986264 -7.825859928734431
224.73711750613444 -1.1737723156449036 -3.9819508895793074 0.06185427585939892 -5.575105807296821 -7.680591218728775
144.22833816211866 -1.3581389641852109 -3.735133039031956 0.3190990966173414 -5.642067722320073 -8.381493296234366
164.17529983129174 -1.4408328760372706 -3.886044746227637 0.26395336525527635 -5.611439276703116 -8.184522574306202
172.1325010061264 -1.4229654669761658 -3.7773114442825317 0.1663112598180771 -5.584440118337954 -7.909499712094047
134.3890279016199 -1.7614317935972639 -3.547641557626451 0.26460410389660716 -5.632035882662917 -8.186634531370615
227.43558111770852 -1.1920743423975457 -3.984861262549164 0.018047253210417218 -5.576620369254499 -7.598270208509458
