luminosity_distance KNtimeshift supernova_mag_boost Ebv log_likelihood log_prior
185.33822298049927 -0.676647961139679 -2.1552181243896484 0.07830172197818756 -10.858358448595514 -7.713336978923776
304.07856488733375 -1.2420066589829726 -3.2527820035959336 0.003265624628323237 -8.50814287176374 -7.571954852861363
223.08803778149175 -0.9359575801541251 -4.151101895623864 0.45385481494911395 -8.490551300006636 -9.140777223347193
264.60569351911545 -1.8268975615501404 -3.5614818334579468 0.20827428917884827 -8.47367050958849 -8.018572252276405
263.1624102592468 0.02796924114227295 -3.709312677383423 0.145159241938591 -8.368660145957644 -7.858723729146982
306.8728730364918 0.5198105033735168 -4.595253472033061 0.156174453328614 -7.583842643006151 -7.884844126855497
260.75123846530914 -0.36730504035949707 -4.076233506202698 0.24573030230998993 -7.52216160800226 -8.127121858092735
187.12121739716594 -0.0057076901729942175 -3.5339618173285268 0.27227075067038925 -7.334762253500271 -8.21185820671525
195.90061455965042 0.45242738723754883 -4.623012542724609 0.48140963294506073 -7.167232013140072 -9.405317775314563
139.95221913660546 0.45605064946561846 -3.6180995822944015 0.41047700314549246 -7.067362614911032 -8.828950525519488
165.9960974558791 -1.225159651229432 -4.641400559442399 0.16877763369750706 -7.013575757404054 -7.9155917157418925
218.44444950177396 -1.5590257792349715 -4.032142230135132 0.38795887025399023 -7.0106959131896165 -8.698741087092774
344.27016139778664 -0.7023168542125859 -4.813224536330456 0.25948047274349423 -6.969391727463387 -8.17012536362208
240.9300464402032 -1.243514641293821 -4.481465309592041 0.4295244961724593 -6.953136401124549 -8.954097771228337
187.3349766512036 -0.6548113426883979 -3.354424533924025 0.23393436675696186 -6.815971260330111 -8.091648859099385
323.225636828447 -0.9768257764566224 -3.8233839036961736 0.020367992910468792 -6.725200417275673 -7.602465391235142
163.5204777121544 0.3518372178077698 -4.261530637741089 0.4967659067630768 -6.687118854766453 -9.59016426941707
127.39228904247284 0.6239480376243591 -2.6738977432250977 0.07575838401317597 -6.548099569487943 -7.708202748300129
271.3840514421463 0.37780529260635376 -4.312366843223572 0.14921239042282106 -6.547559542483124 -7.868255817510325
129.09434674737105 -1.8728550000305138 -4.264419220812041 0.2918404848940661 -6.5473170262590505 -8.279285542166562
271.68637382229184 -1.5516382187065827 -4.327567339479485 0.28999227123036114 -6.527525245966929 -8.272719546280054
180.6853185000843 -0.4395901797035817 -4.5288268499828295 0.5638060486912335 -6.524828455613504 -11.765012800076503
348.73717576265335 -1.1130303144454956 -4.856698513031006 0.248160267162323 -6.378672769148324 -8.134588261334098
283.6941033601761 -1.8302701711654663 -4.0141355991363525 0.1742583636045456 -6.334473285298161 -7.92926360737114
283.9320310531368 -1.4383557232574447 -3.4935550654670555 0.001731543796592068 -6.217971991921711 -7.569263015789966
294.5258317993158 -0.48703143813578276 -4.160507379215333 0.1179477469783611 -6.194097854237478 -7.7969785654478745
205.52933740361485 -1.2827252824136712 -4.581510876157344 0.06751013195180525 -6.1793372531223225 -7.691731097270178
126.06406240715263 -1.7705527527024487 -4.359069360585796 0.35764084092562337 -6.177536824811954 -8.546554209795312
334.9439343168719 -1.2882120953681577 -4.430415911720386 0.14460720366138397 -6.1711597555649 -7.857432462035719
165.68413242690306 -1.4063724530760697 -4.004208487606773 0.5021785076277487 -6.120247686810544 -9.66441699636559
268.29401167605266 -1.9381705153605353 -3.7993464390632514 0.13465213447553462 -6.087790301561507 -7.834428324549939
208.97817073707438 -1.09554060469678 -3.892828721894001 0.2949241557201498 -6.060805972571654 -8.29033753793164
329.45528572800424 -0.9943882432620452 -4.746534865582547 0.221688920298358 -6.054050676585996 -8.056108669937807
275.9180175200571 -1.582871528064476 -4.9211378719184244 0.4129622897570084 -6.011729545700082 -8.84441810513333
167.17270075020664 -1.371568578512669 -4.2706120689839135 0.13237880945605573 -6.004345193584387 -7.829248533609303
148.1825498720685 0.10218542622811988 -2.720257412124561 0.09834185330696794 -5.994343999205224 -7.754741433169476
319.51399102360773 -1.5860243353969399 -3.9268316361296822 0.034904969671175956 -5.993639465129947 -7.629151905629873
214.1284093801173 -0.9982731432465264 -4.234389505789867 0.36638496226239703 -5.99107346143478 -8.588122254837552
270.1444551348686 -0.074554443359375 -4.7280097007751465 0.28672432079315185 -5.941509028682136 -8.261214241108252
170.75607237858094 -1.5223263303529975 -4.774432809906312 0.27993605512527253 -5.906306407781274 -8.237730026000522
199.7746147685732 -1.2563044643938337 -4.137854389562255 0.3903289732335656 -5.89445075567291 -8.711674551784299
300.86797922849655 -1.8221761584281921 -4.95919942855835 0.3672668932199478 -5.893948026311997 -8.592412349889498
270.445841550827 -1.1278725862503052 -4.934266209602356 0.40049869172573094 -5.89185867010314 -8.769150896658683
167.96032014566183 -1.6940691292769505 -3.138518349426609 0.23416811850663571 -5.872338120784592 -8.092339719502684
192.02349133082942 -0.8711764734464469 -3.4798469392265416 0.20207437508119125 -5.847005590350095 -8.001688733734891
176.95339798822562 -1.1664228612684902 -2.7169733379039593 0.032921107555269426 -5.71228610876452 -7.62546776004778
253.57089295845168 -1.029113549804103 -4.17457913365496 0.21179420860458753 -5.7116763554351255 -8.028286048606759
180.8024371871541 -0.11876954464310763 -4.7238945392811775 0.5355826202955152 -5.670489164800776 -10.310101411422346
180.8024371871541 -0.11876954464310763 -4.7238945392811775 0.5355826202955152 -5.670489164800776 -10.310101411422346
197.93507009744644 -0.08295601606369019 -4.667365550994873 0.46230160639286044 -5.625727786687231 -9.214696966374433
197.93507009744644 -0.08295601606369019 -4.667365550994873 0.46230160639286044 -5.625727786687231 -9.214696966374433
137.9483115697686 0.29397823252263944 -2.431205810275107 0.0013286982660022895 -5.60483737380259 -7.568557346140633
137.9483115697686 0.29397823252263944 -2.431205810275107 0.0013286982660022895 -5.60483737380259 -7.568557346140633
165.15189937475736 -1.138900679121519 -4.2271954518141595 0.1508731866688871 -5.586362440230749 -7.8721880301990215
306.1227026117237 -0.4421879496876211 -4.777234845487109 0.20969684826203053 -5.5842820993125 -8.022486683782704
196.4733864893991 -0.8511673722209319 -4.70430703781642 0.5163989768452193 -5.557915203463144 -9.890701458499755
167.7153788835465 -1.2700850490191808 -4.11018965699915 0.47122798448723363 -5.5530651466673 -9.299249227629929
163.81984925866703 0.12581103842341212 -4.4613735142883195 0.1464154053038879 -5.518324080701181 -7.861668236758782
167.2182009775229 -1.9086884572069058 -4.015401592702077 0.12908063162850483 -5.507185358978652 -7.821780987551448
230.88087484083104 -1.2605658852100818 -4.930908480898785 0.4801507181903824 -5.500356419658541 -9.391576922060352
129.39756459836386 -1.5074987224092848 -3.3325664804444246 0.4269446914672353 -5.4948228167070345 -8.936202538110587
191.59009948669393 0.5208670374086637 -3.8314091412495292 0.08795269924505418 -5.458844499987812 -7.733062764645818
191.59009948669393 0.5208670374086637 -3.8314091412495292 0.08795269924505418 -5.458844499987812 -7.733062764645818
171.03542952701082 -0.23928819182508754 -2.999172105617417 0.07026986943954525 -5.452030113519454 -7.697212109366136
236.06157055159906 -0.6994253511977213 -3.9311113412065293 0.14682201516468926 -5.449904654375695 -7.862623210360198
236.06157055159906 -0.6994253511977213 -3.9311113412065293 0.14682201516468926 -5.449904654375695 -7.862623210360198
316.6462078690529 -0.0547633171081543 -4.899569153785706 0.1839132287979126 -5.445850612340778 -7.953812301421007
322.6195496887102 -1.9557905951487617 -4.873771335002344 0.2613725404007567 -5.435468756482765 -8.176190216876254
287.9575346025288 -1.8110519390638253 -4.072057749465072 0.10826591825275862 -5.4350639341005405 -7.7758979399235635
181.68934558257308 0.3794047796157245 -4.7645499447037105 0.144959305173692 -5.427726921773882 -7.858255866488045
143.86601448059082 0.28388524055480957 -3.0361658334732056 0.13311849195957184 -5.422385509350306 -7.830930963742143
219.45422647329974 -0.3386117139319569 -4.760184937362884 0.08467217297415781 -5.421766652134487 -7.726313900930429
210.53847325739287 -1.1116306857549354 -3.8168618383212363 0.2118346655309531 -5.406945852530143 -8.028398246460936
180.17846492153194 -0.5768024136402721 -3.4631205247093555 0.17110547399739656 -5.3655433712280205 -7.92137578317059
290.1152839520834 -1.6849752174436798 -4.329990002910296 0.16231945098518583 -5.345537175667229 -7.899717818274927
309.13359082355 -0.10011297508595574 -4.987513220728766 0.21760927143997666 -5.339003612987185 -8.044543301049368
309.13359082355 -0.10011297508595574 -4.987513220728766 0.21760927143997666 -5.339003612987185 -8.044543301049368
283.34418131473956 0.503099722457748 -4.873315925856039 0.11757753021609416 -5.332240861530175 -7.79616425317582
242.38648861646652 -0.9895288944244385 -4.842326641082764 0.08839117841720581 -5.319531907645844 -7.73396828672782
147.50161354432035 -0.7050407589189951 -2.5050492445644745 0.03695656269754834 -5.312657083503776 -7.632976161332566
191.87061820497595 -1.9823268052694762 -3.6717956508999503 0.2553370409832431 -5.312019693280122 -8.156971056646269
181.55259868082604 -1.1308920258887227 -3.8422981616502554 0.29708515154227094 -5.306005896339572 -8.298156073442035
181.55259868082604 -1.1308920258887227 -3.8422981616502554 0.29708515154227094 -5.306005896339572 -8.298156073442035
158.5230115021228 -0.5051764189314318 -3.760389770100705 0.33923586131382216 -5.280696742872687 -8.464328756256775
227.26057194771212 -0.6278562326277826 -4.791614018666882 0.10072554138529832 -5.2791323639714856 -7.7597823783851405
250.89095237152688 -0.03363888462626985 -4.316513967795251 0.15825135548231806 -5.277135405446272 -7.889846465576204
250.89095237152688 -0.03363888462626985 -4.316513967795251 0.15825135548231806 -5.277135405446272 -7.889846465576204
188.9918892590998 -0.6972221178638971 -3.833976544372378 0.24878599265800422 -5.274348332170642 -8.136519949465058
303.03814675226494 -0.8265088481908938 -4.621180077865519 0.16365872846590715 -5.270737179567715 -7.902989051750655
303.03814675226494 -0.8265088481908938 -4.621180077865519 0.16365872846590715 -5.270737179567715 -7.902989051750655
295.43527613331366 -0.4282040431911678 -4.454198383980821 0.11557703411200147 -5.268243727074129 -7.791775487024372
293.1578737275881 -0.04521500058784689 -4.316413223980009 0.055313191449852125 -5.25667153786415 -7.667860651054874
293.1578737275881 -0.04521500058784689 -4.316413223980009 0.055313191449852125 -5.25667153786415 -7.667860651054874
287.77995365453955 -1.1129801591529418 -4.305784554933145 0.12403272640422582 -5.237377197448623 -7.810458715998996
287.77995365453955 -1.1129801591529418 -4.305784554933145 0.12403272640422582 -5.237377197448623 -7.810458715998996
125.39593087436914 -1.2418432294355082 -2.3220258371761378 0.10985834145949751 -5.220980685723514 -7.779334794272885
125.39593087436914 -1.2418432294355082 -2.3220258371761378 0.10985834145949751 -5.220980685723514 -7.779334794272885
206.26079869646196 0.5594069153946597 -4.605441201811815 0.1806821833839543 -5.219669227474963 -7.945529694690364
259.1960601728241 -1.3973076823862491 -4.28345728400742 0.19476198761265426 -5.215858873451578 -7.982135322085771
142.9595149692953 -0.7906142620987613 -2.5587278992878617 0.06618651367968495 -5.211220297521084 -7.689112929656558
183.44570672878882 -1.8075300895863746 -3.4174413318595924 0.1843578263207774 -5.206306651344568 -7.954957390923147
183.44570672878882 -1.8075300895863746 -3.4174413318595924 0.1843578263207774 -5.206306651344568 -7.954957390923147
249.68755121857626 -1.7069560323757467 -3.990706417100103 0.1463866923041908 -5.184895302156818 -7.861600835185076
126.04652463662704 -0.3259578883133254 -3.4933345261855364 0.11502882520497773 -5.173455574778265 -7.790576159773543
252.90965288877487 -1.383425772190094 -4.846925735473633 0.3665361603498459 -5.169891461621455 -8.588856442010245
252.90965288877487 -1.383425772190094 -4.846925735473633 0.3665361603498459 -5.169891461621455 -8.588856442010245
151.8770474339599 0.503420412439167 -4.890636143211981 0.3561124401115837 -5.166770055476452 -8.53946260161372
154.9869987681208 -1.7711275758994316 -3.6004999620019342 0.08855646419944373 -5.165598211294015 -7.734309838375824
154.9869987681208 -1.7711275758994316 -3.6004999620019342 0.08855646419944373 -5.165598211294015 -7.734309838375824
136.59948067990172 0.49765480897920966 -4.76680040854276 0.5547029416171414 -5.132541070417033 -11.042672986979735
136.59948067990172 0.49765480897920966 -4.76680040854276 0.5547029416171414 -5.132541070417033 -11.042672986979735
158.46073790284427 -1.393778584551234 -2.806752464444858 0.08593464813826449 -5.127604965188792 -7.72890573979402
140.3238888925482 -1.367512287231168 -3.4016506114326033 0.08170961403264244 -5.123681856244225 -7.7202580692706775
140.3238888925482 -1.367512287231168 -3.4016506114326033 0.08170961403264244 -5.123681856244225 -7.7202580692706775
132.95857479079058 -0.7397304832239202 -2.8769867040987545 0.19533844887552157 -5.117396158293653 -7.983662979985278
132.95857479079058 -0.7397304832239202 -2.8769867040987545 0.19533844887552157 -5.117396158293653 -7.983662979985278
215.9696266055107 -0.8767201900482178 -3.4620344638824463 0.047690708613395694 -5.114371838706259 -7.653227041155101
215.9696266055107 -0.8767201900482178 -3.4620344638824463 0.047690708613395694 -5.114371838706259 -7.653227041155101
218.2963047589803 -1.740756584497961 -4.469989810579886 0.36554491661583427 -5.107332532212746 -8.58405295186407
171.9512351717695 -0.9285322954597164 -4.031875902556095 0.36411361471197445 -5.100105093763027 -8.577157434633536
304.4203559251488 -1.9783119497749204 -4.794678865538633 0.23689358399916496 -5.0834034562734844 -8.100430339761738
274.1414192564477 0.19432938703185165 -4.529120762199362 0.09922088942257687 -5.075294655943232 -7.756597433577398
217.51257937672673 -0.023962126440906673 -4.209557394401603 0.19979819256375703 -5.074687307522899 -7.995561110657777
248.9724244806671 -1.6615661716292585 -4.870397066416826 0.3818454608707367 -5.06573926816707 -8.666132971455017
294.51260566711426 -1.6972544193267822 -4.533714056015015 0.17437279436588288 -5.053542298742624 -7.929551060876187
177.76879497742092 -1.080671764926296 -3.7437470728461535 0.25189753387752495 -5.0528059058146555 -8.146181448748056
177.76879497742092 -1.080671764926296 -3.7437470728461535 0.25189753387752495 -5.0528059058146555 -8.146181448748056
218.8796436705986 0.5163383116818938 -4.718552826954891 0.1700365803797873 -5.043963780477997 -7.918715710552082
218.8796436705986 0.5163383116818938 -4.718552826954891 0.1700365803797873 -5.043963780477997 -7.918715710552082
173.02409826283005 0.396575387126163 -4.023161266880903 0.02214999824631948 -5.038263753746379 -7.605698696095452
173.02409826283005 0.396575387126163 -4.023161266880903 0.02214999824631948 -5.038263753746379 -7.605698696095452
191.25450551509857 -0.29578715562820435 -4.8178452253341675 0.4759451035022736 -5.0372551858909045 -9.34699591441262
191.25450551509857 -0.29578715562820435 -4.8178452253341675 0.4759451035022736 -5.0372551858909045 -9.34699591441262
169.97484055262976 -1.970780096078408 -3.3117222516535794 0.19653260983239448 -5.031450281233373 -7.986835024231881
233.20797089529566 -0.43923530357967633 -4.071303938364859 0.13234485410178898 -5.029207857657642 -7.829171369043282
306.1211968721923 -0.6213866157709931 -4.64555258181585 0.1226492129003394 -5.02564332702438 -7.807377796777349
158.0030339870042 0.09503390117447541 -4.694245589211066 0.5316542388410395 -5.0237901361625426 -10.20871960605174
158.0030339870042 0.09503390117447541 -4.694245589211066 0.5316542388410395 -5.0237901361625426 -10.20871960605174
238.9750191134836 -1.870733237813781 -4.895682108773496 0.19718804917479404 -5.015770004966509 -7.988580351184728
235.94136666962441 -1.0829148072951602 -4.967987710842866 0.18434881447200974 -5.008492802057106 -7.95493416730279
166.21799512785708 -1.0283728235744822 -3.9774733285482613 0.36408022344816166 -5.006315625723205 -8.576997133289279
166.21799512785708 -1.0283728235744822 -3.9774733285482613 0.36408022344816166 -5.006315625723205 -8.576997133289279
173.1905971157282 0.006626416273461722 -4.923201795207907 0.5437142300632409 -5.000247898180494 -10.559670240902244
144.27109006152682 -1.7677453778512648 -3.4714950896158947 0.12320598583004116 -5.000176436312599 -7.808616522447957
326.35301539331925 -1.2490572985100554 -4.760998001636307 0.14151127753155987 -4.99746184896147 -7.850221547448681
240.4519919387485 0.2710704669987134 -4.582241770585005 0.18028556215642053 -4.996329764849957 -7.9445176892284115
164.4854518326719 -0.5910993384142238 -4.633681133014389 0.3075569922778623 -4.995711270845104 -8.336934192945161
196.70611737987542 -1.811814098816939 -4.813811185636917 0.309460159782069 -4.995338035056802 -8.344146158095828
284.61883464149133 -1.3260600808027125 -4.521115683387166 0.1675803998491038 -4.984840724297773 -7.912629883542908
284.61883464149133 -1.3260600808027125 -4.521115683387166 0.1675803998491038 -4.984840724297773 -7.912629883542908
172.54018511503526 -1.552278375912705 -3.7015817006574525 0.2754824103200853 -4.9834317160845 -8.222616795215128
329.6904742717743 -1.5784924626350403 -4.447556138038635 0.05722080538272858 -4.975169269812807 -7.671556628833011
130.9896945953369 -1.8533101677894592 -3.583781123161316 0.4400228515148163 -4.968908269446998 -9.030416385605108
266.68603283591654 -0.7952985097027445 -4.398627809172786 0.1456955045464203 -4.963226796478776 -7.859979694154378
242.1265805430163 -1.045193442538595 -4.510788681631459 0.04261753388960984 -4.962830259715755 -7.643604938698154
242.1265805430163 -1.045193442538595 -4.510788681631459 0.04261753388960984 -4.962830259715755 -7.643604938698154
207.0548344736652 0.07335460573353991 -4.843118736270399 0.3850976155003673 -4.95274059573703 -8.683347079409065
207.0548344736652 0.07335460573353991 -4.843118736270399 0.3850976155003673 -4.95274059573703 -8.683347079409065
240.8306045584925 0.08999432148625353 -4.827074981825483 0.06384535769720166 -4.950541365352523 -7.684498752151036
240.8306045584925 0.08999432148625353 -4.827074981825483 0.06384535769720166 -4.950541365352523 -7.684498752151036
131.47806731128466 -1.1310460880894344 -4.626549804243616 0.4989056945193639 -4.94823166480698 -9.61886349292568
206.8739172377812 -0.2207697070668695 -4.040436731683051 0.1838550933512823 -4.947495724801147 -7.953662666731983
266.3026064634323 -1.6333906650543213 -3.7805193662643433 0.004489718556404114 -4.939321717793589 -7.574107968649107
266.3026064634323 -1.6333906650543213 -3.7805193662643433 0.004489718556404114 -4.939321717793589 -7.574107968649107
130.50990905757143 -0.9256428442905953 -3.9441374390242894 0.5049728203179501 -4.936587078711151 -9.705023223680438
130.50990905757143 -0.9256428442905953 -3.9441374390242894 0.5049728203179501 -4.936587078711151 -9.705023223680438
146.1845236251891 -1.6363262759236878 -2.42449769391188 0.009668809958431576 -4.931016843814143 -7.583269365531386
146.1845236251891 -1.6363262759236878 -2.42449769391188 0.009668809958431576 -4.931016843814143 -7.583269365531386
191.7190909214106 0.34441776846829786 -4.734731371342964 0.18158874894684518 -4.928483615911489 -7.947846710136629
255.3896982643071 -0.25089346477064645 -4.970841445577942 0.30437212193401714 -4.927682281688588 -8.324980421953942
288.8687552817263 -1.242807503729004 -4.734560505025976 0.2070152796456471 -4.925915868357048 -8.015120592836379
288.8687552817263 -1.242807503729004 -4.734560505025976 0.2070152796456471 -4.925915868357048 -8.015120592836379
180.46895414590836 0.049076080322265625 -3.883201479911804 0.1871347583770752 -4.922600824181508 -7.962139383330699
231.50746339149043 -1.062633876022487 -4.070842615778174 0.15272001071623215 -4.921912191407763 -7.876578929104815
207.47588003500672 -0.7309827721807085 -4.571256536331605 0.15426828057519654 -4.920998144253341 -7.880274918562496
207.47588003500672 -0.7309827721807085 -4.571256536331605 0.15426828057519654 -4.920998144253341 -7.880274918562496
199.12976245922655 -0.9884607895483155 -3.3691977003267013 0.04912388065168708 -4.90052036085045 -7.655962142077399
177.0650788389293 -1.1020077768345327 -4.29097046359479 0.19685555039618582 -4.89956709461878 -7.987694581046352
183.03674012422562 -1.7721953392028809 -4.328376650810242 0.2212990959405899 -4.889950189330657 -8.054997761583778
203.89265060705762 -0.6517628327005707 -4.283097472782479 0.08371712275577504 -4.888067905139967 -7.724357653382588
169.69470021762334 -0.9856347126548668 -4.5298664549930745 0.4896742960967054 -4.886790397080064 -9.500541056962703
169.69470021762334 -0.9856347126548668 -4.5298664549930745 0.4896742960967054 -4.886790397080064 -9.500541056962703
141.4775415045225 -1.5739745310873516 -2.5298624309392337 0.050985814288397054 -4.8834694871173845 -7.659526711594686
299.2498572111227 -1.549602840209173 -4.299316535862294 0.0625720823761995 -4.87856048928689 -7.681998167332363
223.6185507306603 -1.4633696556448546 -4.827165907509903 0.22607767338603563 -4.876043998093087 -8.068701498473386
223.6185507306603 -1.4633696556448546 -4.827165907509903 0.22607767338603563 -4.876043998093087 -8.068701498473386
253.11917454371672 -1.6202654566779398 -4.286990144026127 0.17272142236927943 -4.875063770645509 -7.925410751528419
147.97519132819107 -0.8808214585802203 -2.581897968226828 0.006072430670910851 -4.873936470911926 -7.5768987644961685
155.36349955797684 -1.174961658812338 -4.098844107475797 0.42866240411921913 -4.873343402652029 -8.948082033259782
209.99578353774382 -0.8753032340644369 -4.610403868097514 0.3609674873105343 -4.870785281230104 -8.562165561061157
209.99578353774382 -0.8753032340644369 -4.610403868097514 0.3609674873105343 -4.870785281230104 -8.562165561061157
143.50825903843622 -0.6921740208244778 -3.034584258608084 0.14911116099218458 -4.869390098518295 -7.8680166391343915
236.87039869540428 -1.6126204021439934 -3.6603623806902417 0.033179859224234366 -4.869000478782313 -7.625947507717814
130.6062819968213 -1.9760508489563124 -2.438518732995801 0.0905085444497414 -4.863796579187318 -7.7383525269527205
164.80643916956876 -1.4564171523779574 -4.954983369954615 0.4761034654132437 -4.846726916436262 -9.348639087132126
314.5793750085712 -1.516882911263727 -4.341106914179213 0.03208556766576658 -4.845916242045835 -7.623920167490775
176.57798123290377 0.3512296326253104 -3.559854644891615 0.042432549658690574 -4.842345340362064 -7.643255829479221
176.57798123290377 0.3512296326253104 -3.559854644891615 0.042432549658690574 -4.842345340362064 -7.643255829479221
200.72663152813118 -0.4229229299570485 -3.6969147972408445 0.09914766311994393 -4.840467312800148 -7.756442691671947
243.40023630088504 -1.1529259758361114 -3.878633047426856 0.05445748675220545 -4.832032484429144 -7.666207161874258
243.40023630088504 -1.1529259758361114 -3.878633047426856 0.05445748675220545 -4.832032484429144 -7.666207161874258
166.02476402273498 -0.4052353823309389 -3.82386621462686 0.259380676464033 -4.831091881808182 -8.169806494517918
158.47840912311193 0.44684356330199915 -4.916470204156387 0.44020723783849575 -4.830394126592078 -9.031810242926838
128.7888777971688 -0.2684566842512788 -4.107675594878664 0.3290461961002648 -4.826306229308156 -8.42155505213777
165.65298718549133 -0.5911777024728988 -3.6110522248063743 0.20759732486605587 -4.822244953602497 -8.016714828363536
171.6767899313987 -1.6989852313255325 -4.845675675872021 0.4352214047813401 -4.821826677304225 -8.994787728094165
140.0524357211475 0.3050926738005284 -4.365377936127133 0.3116488937500767 -4.820249350505031 -8.352505083247985
145.09553909301758 0.17707699537277222 -3.0762147903442383 0.06875610165596009 -4.816848131191622 -7.694201952247125
220.65719218728782 -1.8950766289210894 -3.776444815731787 0.11343696658252464 -4.8129417442120594 -7.787101750088665
224.65655169426424 -1.5069049841058528 -4.272416548372507 0.22921178785677632 -4.811533409456091 -8.077792399567175
145.68171088898643 -0.7554172821419303 -3.257199156313418 0.19614941016222986 -4.811337664571164 -7.985816035952091
195.7597348448408 -0.11203025201484262 -3.5900649535139393 0.06007771853975327 -4.810140411441533 -7.677117536696851
196.75539276569634 -0.603723965955661 -3.627148729217594 0.09584040285613776 -4.806854041547055 -7.749478631710914
149.73322863051996 -1.8325230787889473 -3.0825857355701256 0.024763409140662006 -4.805459412321635 -7.610459508092021
201.64920538663864 -0.8936789035797119 -3.688742518424988 0.10990672037601472 -4.80097817375096 -7.779439393384909
133.0710840916693 -1.5485796478724416 -4.1868372671274 0.41387271210416543 -4.800550776071046 -8.850144677809503
125.33119926572641 -0.5042617890998331 -3.5162261773123937 0.1954245022199159 -4.7961330949708465 -7.983891226978957
237.5191312598574 -0.9425177558683608 -4.498445531399516 0.22953011075572782 -4.796070999061965 -8.078720376136946
174.50745752716995 -0.8537695589964216 -3.6981239798325802 0.20017448952581704 -4.790117559865807 -7.996571538135467
160.91205017177708 -0.11565329792488077 -3.3005979078073473 0.1003198048664143 -4.789739031641796 -7.7589225435917015
209.08452807096006 -0.3639065558495025 -3.7138666187574265 0.06290400473824845 -4.786989386526597 -7.682649427191148
127.294160425663 -0.6541431546211243 -4.703983664512634 0.547476884651184 -4.778096434727536 -10.700275719586001
179.27654093973456 -0.378262895544605 -3.485299852469049 0.08700576705854908 -4.777482394993493 -7.731110007510734
298.9207787272859 -1.9786104432363942 -4.3696468711365855 0.07731663094787074 -4.776963843358818 -7.711345248974308
210.44061803265424 -1.6381661916261772 -3.75798733681763 0.1253420605979833 -4.776232076735144 -7.813383215126217
239.03851514983904 -1.1390611650379878 -4.758816325559614 0.3039752514168353 -4.774833843704089 -8.323500811006506
190.0780886411667 -1.8542802333831787 -3.956294059753418 0.12694834027290344 -4.770303174877824 -7.816982686573381
126.70956706938989 -0.11067402924676828 -3.06536394773353 0.1908619089991159 -4.769749532782027 -7.971860728599157
196.14848547207265 -0.3040317557907861 -4.850504536676548 0.27480773919590396 -4.76650163510138 -8.220347122430873
258.50326255171274 -0.7924966966578233 -4.84932315824914 0.11620950741140523 -4.766338732227567 -7.79316095050183
142.707564910864 0.13928453394284412 -3.378642538774987 0.16304416346363185 -4.765115426240312 -7.9014866259094765
130.2452222470357 -0.24972170909405333 -3.795844511515768 0.24106181384789171 -4.765048058053626 -8.112931855473546
173.83108456616344 -0.33625846832174355 -3.8285959916821577 0.05867861390966142 -4.761962381413541 -7.674390351604253
258.425798640965 -0.3668492756345927 -4.4848551255497835 0.1339240053619991 -4.761356269139782 -7.832766353644466
170.611008790697 0.3481809163906102 -4.882880105025923 0.4321375492663167 -4.759254329430652 -8.972556103941843
289.07961160275886 -1.025283786337139 -4.56171316648568 0.11646156759150321 -4.758479804927251 -7.7937136359383
130.4711153316028 -0.9003181738148762 -4.428969630725415 0.4691518113668052 -4.756992096965334 -9.278935731505998
178.1911705273271 -1.6817288790110905 -4.982532107816427 0.4562238618778219 -4.7562745583237085 -9.160963948147323
296.4382180117027 -1.1566875338693936 -4.496690415435083 0.08494660972527095 -4.756006349562321 -7.726876743514945
243.49555066537388 -1.6382698710000865 -4.70056489371675 0.1681781250937009 -4.754619968666113 -7.9141074971678655
237.6197525025567 -0.8440109623862602 -4.958580129745902 0.20835858465196141 -4.754247493730388 -8.018803780095942
163.22628489799783 -0.6003503068692617 -3.259644611993256 0.1000021800858145 -4.753496935914007 -7.758249950291459
158.10640061713377 -1.5579142734203235 -4.6071926304551125 0.42924899111970666 -4.753490696833218 -8.952171340455557
280.7211020803161 -0.6020033712537503 -4.408669740614926 0.06727980546614573 -4.750311390576302 -7.691275009755438
169.27139228577124 -1.0320175734226187 -4.5506163361806 0.4710560556886114 -4.749708031507669 -9.29755129883383
200.16994762412264 -0.7297999258785819 -4.80332103704378 0.41744817379178506 -4.749036425510533 -8.872957149734427
214.22235944970964 -1.9026232416931488 -4.235044788945308 0.24957825333198383 -4.744429451247099 -8.138971116702445
172.15359658002853 -1.5535695552825928 -4.350677728652954 0.30145136189460753 -4.738603955988888 -8.314142144058325
144.37186780272907 -0.2896883216556825 -4.797867975310063 0.47241796016841403 -4.737134356436607 -9.311080851515447
159.35236945817138 -1.7667504872272397 -4.65537099244001 0.5621574071338031 -4.735778213273881 -11.58951662254032
131.28105914344195 -0.0026879442645744156 -3.7432725295821068 0.3109716347670177 -4.640270994596525 -8.349911111635539
141.6265713884644 0.06527528576073616 -4.014202319228809 0.27703597167256433 -4.625265425404072 -8.227862829764206
170.3388622110549 -0.3576653032863535 -3.990699171596921 0.1574695088725148 -4.64700082411458 -7.8879604047456855
202.22629606723785 0.21543043851852417 -4.214431047439575 0.11329846315383911 -4.662975761714046 -7.786800020920102
198.16371767489449 -0.36062372458641945 -3.8989927592624025 0.05920010940634213 -4.601644363583985 -7.675406000132236
163.27658123140512 -2.327667860457794e-05 -4.109863676559872 0.2798727294123206 -4.667257441725329 -8.237513524584688
166.05225503444672 -0.05677783489227295 -3.5198158025741577 0.009380183601379394 -4.669271963045039 -7.5827565943027135
137.47860305456587 0.2937632548363589 -3.1466180086397793 0.024084011535407505 -4.688290779935978 -7.6092196776374905
132.2920121950846 -0.13610982271881022 -2.8422282552841476 0.05095017350363089 -4.625149415405154 -7.659458359854933
131.05830011997878 -1.3422157418131946 -3.545976778630518 0.3017161577417012 -4.630056366953963 -8.315119913589472
128.57721567677467 -1.1741957839626314 -2.6846949967122966 0.02938840378753263 -4.638192929697821 -7.618940744159117
153.2047913020701 -1.345937861003239 -3.16441012779348 0.024017848051758207 -4.7268598163805 -7.60909901821209
126.745394348123 -0.604495968674593 -2.819234668990188 0.11317166062130056 -4.652193666083014 -7.786523861913132
150.21098537325975 -1.2224571886665703 -3.1113192831000025 0.06426775374878116 -4.627034661819941 -7.685329678723686
128.15063103568178 -1.2412310089876213 -2.5624019051741858 0.042456193215288866 -4.637583663875377 -7.643300443698465
146.30127206497212 -0.7909304411619864 -2.993925298918042 0.035943045333953566 -4.6072433065831815 -7.631085094451299
131.6882615533695 -0.6000151708894852 -2.946675611521687 0.044628205178771904 -4.641303735215866 -7.647407436189071
132.29908749277752 -1.5058925696165386 -2.4223163858026626 0.025316546296171697 -4.721189389149517 -7.6114700627179825
172.1325010061264 -1.4229654669761658 -3.7773114442825317 0.1663112598180771 -4.646046786946035 -7.909499712094047
171.6649139430037 -1.6528641458366886 -3.678775638939409 0.1701089619466784 -4.647428768961514 -7.918895617756712
148.02864616232512 -1.5842338685911803 -3.1700705616810825 0.14871372066366567 -4.670389442446425 -7.867078145549203
136.490445557626 -1.9450005311345964 -3.0148323612242263 0.09994124595091511 -4.720570140084896 -7.758120969583354
194.02725243423458 -0.9643785048317266 -3.722792828735045 0.11501077938449634 -4.678425544058557 -7.790536705025448
155.49242901397972 -0.49363483790520224 -3.061272048950161 0.04879013894285422 -4.682248707030965 -7.655324552642856
146.93559973687653 -0.7353799951316164 -3.4715798730287695 0.15979238468404458 -4.607295176462073 -7.893574362324646
145.45407091238712 -0.9523404821690196 -3.4191190779633467 0.226611591762924 -4.70274840110678 -8.070244368583374
132.79181743443525 -0.5928342930691213 -3.3213747318759457 0.15362156657223766 -4.630677092146183 -7.878729438131943
160.513139133241 -0.7648955057489644 -3.6869760005143783 0.20592408486213987 -4.6399590409716565 -8.012138616380259
164.23004761536419 -0.7907829121512748 -3.300777109447116 0.07289406421278904 -4.627424180996012 -7.702451938213204
165.52645672734081 -1.0748631709533853 -3.4818456633550134 0.12349604822557174 -4.624799339377929 -7.809262470699964
171.9265526580116 -0.8237735473389227 -3.691440904031188 0.09533620095015816 -4.646320726375694 -7.748421187115962
188.65663329574315 -0.7685716614494527 -4.17188670218236 0.17301850687144354 -4.629021388517346 -7.926154336464581
211.73331785709462 -0.18695657781678943 -4.491258942195698 0.13784013698106526 -4.671922502560779 -7.841737709976699
229.62296898570622 -0.7855076227592841 -3.9403565482821516 0.03192306060876359 -4.626048322969785 -7.623619448846124
241.53291278315447 -1.02651499783952 -4.287332413986105 0.02900417978957461 -4.71286662574558 -7.618233414646874
227.61534206576374 -0.4752975431233617 -4.262047427186015 0.14975338501596677 -4.714869867661954 -7.869535015374889
236.87375073461897 -0.929811347348511 -4.338602220959794 0.0595210586110411 -4.678993100109491 -7.676031584064313
215.95443098680602 -0.8226046555859727 -4.319289135744394 0.10015949808584836 -4.723382884360571 -7.758583025920201
247.77798973000682 -0.8790958500848438 -4.158073855331794 0.01918950342158754 -4.609337125271101 -7.600332845786349
218.13404852751086 -0.40097791226099 -4.75871508851772 0.2234135442475196 -4.631958510471076 -8.061038306971884
304.4172560344242 -0.2938330752069793 -4.941452118410244 0.11564247343728008 -4.64937081595475 -7.7919187460495625
296.85230699419145 -0.17342655307895338 -4.828582606288738 0.10541752288777455 -4.6732210659732685 -7.7697796849677925
290.9507909843158 0.010017376659845922 -4.844478116828369 0.1161103246952948 -4.708823415304345 -7.792943559001191
284.2231599774504 -0.897699024595624 -4.993854937891272 0.18745207277320466 -4.61440786161692 -7.962963348505317
318.7148440858847 -1.031717604071828 -4.943777418854986 0.13587032887179112 -4.685663714714386 -7.8372150716263675
290.1378988070103 -0.751674965544112 -4.769360672798824 0.10684550466862787 -4.612201434480254 -7.772842261442895
293.237414057608 -1.1297862916942656 -4.973413138235119 0.20550115959143586 -4.681265957328785 -8.010985248843706
298.5772126560305 -0.9393063597531968 -4.76588435001369 0.0743218129493698 -4.6084874172823405 -7.705314352878274
215.45059233903885 -1.8719173669815063 -4.130242466926575 0.16500489313602448 -4.6567728492847635 -7.90628792661167
225.99052234666837 -1.5590128618235672 -4.018482030536665 0.06467581929369579 -4.649300835251415 -7.686133070927613
194.25717790012231 -1.8124906342988465 -3.7511504479380102 0.14079756903112117 -4.6716604086375515 -7.848566553862953
219.35423114927812 -1.646056392846202 -3.89418901306602 0.09227747181934122 -4.662099558016116 -7.7420300813191965
226.96885126060647 -1.4369666248308595 -4.496415876397809 0.17327712032352735 -4.671033622247302 -7.926802081098008
250.33821910619736 -1.75440514087677 -4.107609391212463 0.04337174913883209 -4.646273664156622 -7.645029584982323
205.13294572099196 -1.708957678096088 -4.181998633047252 0.2308009150596772 -4.673984983735638 -8.082433636524385
233.23304615807177 -1.5605219402535087 -3.881218304114025 0.001575772146268165 -4.646959846934758 -7.568990089553177
241.54679211054832 -1.9301941459939895 -3.925334973232939 0.020140552772570795 -4.656708888555447 -7.602053470740376
221.46482555977758 -1.1265828583186726 -4.051288746287422 0.027043045060070346 -4.716732800252361 -7.614630876228092
228.97024011994995 -1.3089885412511308 -4.171311524667255 0.11716918295695122 -4.636082962166527 -7.795266839161807
231.31343898298906 -1.7743428985072471 -4.504609124255687 0.25018141911244834 -4.697045498713328 -8.140841281808397
236.14492578168023 -1.3035072726355696 -4.855870823158265 0.2914411024729795 -4.633363849089942 -8.277863033199987
294.00190494362994 -1.37423275529205 -4.602443115473541 0.00620185116935681 -4.7351403874583085 -7.577127316478581
277.5266319513321 -1.8204329013824463 -4.62196946144104 0.15740070633888245 -4.678141066998743 -7.887794601481238
257.86055475473404 -1.5209742784500122 -4.503199458122253 0.13008368854522706 -4.632916073254718 -7.824046156781777
308.38835254478255 -1.772534275507675 -4.726612762149226 0.029252811225288434 -4.726885946961469 -7.618691070603421
281.75816320655076 -1.772598380169821 -4.6035090071696265 0.12894282442013763 -4.65601452732137 -7.821470182737278
313.3202036277638 -1.7445823495419748 -4.68285525034463 0.011612066502785824 -4.7073787273041034 -7.586728600788609
259.1822567741841 -1.8011582588209007 -4.41037346794612 0.09980574158163594 -4.649685641667278 -7.757834203934401
278.35827103188063 -1.9989329272358698 -4.122268645504907 0.016063840498422976 -4.675814999351543 -7.594698704717411
185.64949029446979 -0.21190009580165592 -4.219985820583496 0.25317618962435695 -4.716967608582792 -8.150178962986763
186.63663586955877 0.10888162067182083 -4.429869021907203 0.24345685608068485 -4.646094359156118 -8.120186498692824
167.3807250725862 -1.0137631885706235 -4.28608072103854 0.2926150184339686 -4.666567128658032 -8.28205003450218
159.98298452521783 -1.916054608403544 -4.339587540334706 0.40339885708376794 -4.670505932054553 -8.786165941970937
135.67361596906863 -1.1375791877114594 -4.2690644960630255 0.4687587914806419 -4.62430419715825 -9.275136403320609
156.27279590847576 -1.7884164176422475 -4.415484471684858 0.4810855761022301 -4.675291010212089 -9.401762661020028
136.272885948023 -1.7869139554369675 -3.8204331222773553 0.3708412979192759 -4.6553512090128475 -8.609990755266718
150.78052050617114 -1.8227126085931347 -4.111975844362126 0.4401577154869182 -4.722605097721963 -9.031435690818263
192.4393238331117 -1.4991675384214207 -4.52311817436279 0.37874169513046696 -4.706695114687532 -8.64997612867045
187.2817160088992 -1.7121644217334495 -4.83773402723702 0.39028904208809384 -4.734258297136108 -8.711455259522124
172.63082503577309 -1.4459224934524482 -4.493926534402475 0.41822443125415293 -4.655175129287352 -8.877979409855485
189.87632078151967 -1.7342376233943293 -4.967218655008688 0.4814226646355197 -4.6497786566528925 -9.405461006122096
180.19952033178077 -1.9912463078242757 -4.5214498973059385 0.4195512855717186 -4.6894281126262065 -8.886622782062904
167.1718207763015 -1.0932585736694918 -4.8495423735145575 0.46132824116712506 -4.671214882269493 -9.205894951280477
155.64959637062117 -1.6302443757002893 -4.930040085238074 0.5612093710607511 -4.688476059266481 -11.500994693471178
161.3719736631239 -1.1917177633427896 -4.9935938721177004 0.5508992628736178 -4.637293031152557 -10.847984200195175
195.3649640083313 -1.243276596069336 -4.075010418891907 0.24044031901359558 -4.733716585115907 -8.111057900959405
185.53677638132504 -1.3826409807205489 -4.349113689631867 0.23349683121907103 -4.730547828576266 -8.090356990925253
191.91896866762352 -1.283253166955196 -4.161365691807592 0.2559320892817512 -4.672108059328318 -8.15884957118098
145.85221511087684 -1.0890220051064023 -4.528231360144138 0.481015402801484 -4.631924505205727 -9.400994476234189
125.08689959135135 -1.1736402096039633 -4.064023125036707 0.4254220940002181 -4.701480428095943 -8.925789143527634
162.59040795792708 -1.24241585189732 -4.594791911453681 0.4544890384277477 -4.626698703465901 -9.146141642996342
168.96074799286444 -1.6078062087028988 -4.850017340168736 0.5552873397781477 -4.681296386523821 -11.076252866263577
156.61240799960268 -1.9870857545486296 -4.079548808714381 0.3810182717194691 -4.673783511582047 -8.66180140875626
162.68044592390362 -1.8160035403654384 -3.8942781903691115 0.227534337194939 -4.7259080983518444 -8.072916461660775
200.93759893236938 -0.9713514429851939 -4.880146392284899 0.3460104887696994 -4.648939496049205 -8.493814402921325
203.25182257134426 -0.8864378483395974 -4.5120304327225425 0.31284189828637116 -4.687633471371862 -8.357090843440943
183.2091498182644 -0.8279430299079085 -4.466625093009305 0.346741161243171 -4.661111987657057 -8.497047123977893
192.3234259792 -0.7864503389909614 -4.930205287116577 0.38857250541970745 -4.6237857930620745 -8.702073631290647
203.02527850260705 -0.5366966091884697 -4.832712793598221 0.3949877146131387 -4.704256780877654 -8.737595099748868
175.36617463573498 -0.5743273396057407 -4.65852441483565 0.3388193965424074 -4.653189080085252 -8.462544205326322
198.34519310563599 -0.14307253822889754 -4.8303794638809014 0.38534893364661543 -4.696764123474912 -8.684689758010968
168.2884546340494 -0.03289365335298333 -4.9367818776593175 0.3925534318498455 -4.732324664720163 -8.72396733146343
148.61681956542347 -0.49396984325444193 -4.859274983337227 0.5719192915011287 -4.609870521876235 -14.648565643729482
179.76612695170633 -0.015913717541709005 -4.87885864382512 0.3687612525592829 -4.610493306071285 -8.599723841524794
177.81945231734377 0.14793936972414556 -4.322685305974586 0.26481605419872944 -4.712602749174945 -8.187323375223047
161.97766780244172 -0.031154839411533963 -4.4200630256946845 0.32348441382632576 -4.603859918207073 -8.39895759205242
208.09910770097122 -0.718860934370618 -4.570681312196967 0.2788474650405494 -4.622291835307182 -8.234014801687474
209.20705459383666 -0.33899517282800984 -4.679382534532712 0.24756863568650975 -4.600336725654744 -8.132765251059073
179.2771208512539 -0.14679533735178074 -4.513340214926071 0.3245712532817939 -4.625664247362355 -8.403333449481476
205.1230479812925 -0.24594589081166207 -4.493146740305657 0.2246542249392042 -4.599516000865991 -8.06459973831722
229.87562235678473 -1.3058769053264332 -4.9396312043975135 0.365802685827339 -4.6959864253972565 -8.585299863220378
140.7792215427663 -0.6095104395079345 -4.2069906230541925 0.3577513894069559 -4.669130761062149 -8.54706909793467
143.81415550603714 -0.4367926761659149 -4.4845687599683455 0.5037499741477782 -4.649212787846769 -9.687049910895105
