    0.427522653183197675E-55    0.253451122458420173E+03    0.299252940714359283E+03    0.494830608367919922E+00    0.391436517238616943E+01    0.556218555521965086E+00
    0.227400194831019919E-50    0.231672238206044398E+03    0.289665612578392029E+03    0.710868775844573975E+00    0.358856916427612305E+01    0.399893034338951125E+00
    0.304404534612248377E-50    0.231073321036703788E+03    0.282098537683486938E+03    0.813546061515808105E+00    0.361395597457885742E+01    0.338001618361473077E+00
    0.163632919553934437E-48    0.223088819462865757E+03    0.214884082973003387E+03    0.693317651748657227E+00    0.403800070285797119E+01    0.431142526316642793E+00
    0.110840503340145603E-47    0.219247091002013320E+03    0.254583968222141266E+03    0.674565792083740234E+00    0.391900539398193359E+01    0.331153548002243059E+00
    0.228485921642199658E-46    0.213179531145543535E+03    0.194850516319274902E+03    0.483321249485015869E+00    0.446262776851654053E+01    0.440076928067207329E+00
    0.211159236006179533E-44    0.204111289922564083E+03    0.192590647935867310E+03    0.883223235607147217E+00    0.423136413097381592E+01    0.189646981000900272E+00
    0.114932352427265383E-42    0.196101862163286285E+03    0.303534068167209625E+03    0.195546865463256836E+00    0.310391485691070557E+01    0.490120154356956494E+00
    0.272051315816062138E-41    0.189757772989156706E+03    0.209451282024383545E+03   -0.144727772474288940E+01    0.473685383796691895E+01    0.431009706115722646E+00
    0.606284205983248644E-38    0.174323921124571967E+03    0.345929305255413055E+03    0.415662527084350586E-01    0.286090910434722900E+01    0.350438884234428427E+00
    0.139811617821382030E-37    0.172637231805376587E+03    0.148310180008411407E+03   -0.809545159339904785E+00    0.456778466701507568E+01    0.527243895220756542E+00
    0.171378263751070173E-37    0.172214452299983833E+03    0.204064789414405823E+03   -0.635315299034118652E+00    0.463771581649780273E+01    0.271560095500946064E+00
    0.150060410861227351E-36    0.167859327574209658E+03    0.334318505227565765E+03    0.862719893455505371E+00    0.144457638263702393E+01    0.344713081455230719E+00
    0.571262781950603823E-35    0.160564909657680630E+03    0.249979366362094879E+03   -0.176583886146545410E+01    0.406800210475921631E+01    0.298941322803497334E+00
    0.270103807070493340E-34    0.157442200394940585E+03    0.346764612197875977E+03   -0.674247741699218750E-01    0.228216409683227539E+01    0.403450657367706300E+00
    0.255256479172494983E-33    0.152934480239719790E+03    0.318309070169925690E+03   -0.699851036071777344E+00    0.256301164627075195E+01    0.405038256239891092E+00
    0.577614021203182604E-33    0.151285581195991881E+03    0.149349576234817505E+03   -0.717883527278900146E+00    0.393261313438415527E+01    0.523907218408584563E+00
    0.631922530494039307E-33    0.151090234303829789E+03    0.251731278002262115E+03   -0.103341788053512573E+01    0.340747177600860596E+01    0.344586334204673772E+00
    0.134242018466720814E-32    0.149567684176724811E+03    0.251964160799980164E+03   -0.104772067070007324E+01    0.273590743541717529E+01    0.523895277214050270E+00
    0.150598029383253214E-31    0.144716949088104940E+03    0.238495783507823944E+03   -0.992922782897949219E-01    0.399277389049530029E+01    0.686277849912643456E-01
    0.106204438839482825E-30    0.140794650552635460E+03    0.253354483842849731E+03   -0.132449084520339966E+01    0.347156286239624023E+01    0.259255786299705526E+00
    0.210520741487837253E-30    0.139410588997163558E+03    0.265540108084678650E+03    0.680938363075256348E+00    0.247224092483520508E+01    0.952996712207794250E-01
    0.280540762576713219E-30    0.138820694291400571E+03    0.184703062474727631E+03   -0.123495727777481079E+01    0.438230812549591064E+01    0.177644101667404186E+00
    0.390035505965609073E-28    0.128935691438657557E+03    0.342678789794445038E+03   -0.101669269800186157E+01    0.284800767898559570E+01    0.105670325732231146E+00
    0.151200553452391048E-27    0.126210157556227514E+03    0.184732258319854736E+03    0.292967379093170166E+00    0.379017651081085205E+01    0.387783127784728995E-01
    0.406527608742954485E-27    0.124216443114767060E+03    0.160399150848388672E+03   -0.999983429908752441E+00    0.358663320541381836E+01    0.359955402159690852E+00
    0.432136467487831453E-27    0.124078638933860333E+03    0.165851947665214539E+03   -0.103532528877258301E+01    0.324502527713775635E+01    0.440808343291282656E+00
    0.992103340868460382E-27    0.122400842252260489E+03    0.343731395900249481E+03    0.446379184722900391E+00    0.301253199577331543E+00    0.532640462207794263E+00
    0.145536897529510456E-26    0.121618842327054068E+03    0.231056328117847443E+03   -0.763472497463226318E+00    0.299042940139770508E+01    0.237119370460510265E+00
    0.240099229234661066E-26    0.120601972032440955E+03    0.187099951505661011E+03   -0.183267450332641602E+01    0.265960395336151123E+01    0.553575662112236078E+00
    0.100948383355458583E-25    0.117714062771885352E+03    0.143928469717502594E+03    0.711362123489379883E+00    0.234721302986145020E+01    0.330757305049896255E+00
    0.225882569222600895E-24    0.111482455728497570E+03    0.309179635345935822E+03   -0.176100963354110718E+01    0.292992413043975830E+01    0.426650351285934454E-01
    0.382364984457701136E-24    0.110414110028251713E+03    0.184807440638542175E+03   -0.197531545162200928E+01    0.290153324604034424E+01    0.401756986570358299E+00
    0.127895283005154173E-23    0.107983642405412041E+03    0.340911227464675903E+03   -0.907011806964874268E+00    0.994227528572082520E+00    0.422139377403259297E+00
    0.380061282502135290E-23    0.105789776041630816E+03    0.318268233537673950E+03   -0.958755373954772949E+00    0.136471569538116455E+01    0.345152005648612981E+00
    0.558678768586231951E-23    0.105003666751978486E+03    0.236415663361549377E+03   -0.112515854835510254E+01    0.196592688560485840E+01    0.385711978769302355E+00
    0.674829626382680056E-23    0.104610270553243566E+03    0.287512549757957458E+03   -0.848244607448577881E+00    0.198097407817840576E+01    0.223888185739517215E+00
    0.160861063397745769E-22    0.102857313810248456E+03    0.170454779267311096E+03    0.851292788982391357E+00    0.932247042655944824E+00    0.383657752132415764E+00
    0.242900932629607637E-22    0.102017463523437868E+03    0.283100356161594391E+03    0.145952641963958740E+00    0.222978770732879639E+01    0.952688970565795934E-02
    0.716581817951684871E-22    0.998381610107858819E+02    0.315358452498912811E+03    0.505239009857177734E+00    0.903194546699523926E+00    0.163855809044837958E+00
    0.900874045867165625E-22    0.993647899663110650E+02    0.193659977614879608E+03   -0.161502933502197266E+01    0.186616837978363037E+01    0.539040908360481241E+00
    0.962121033722436659E-22    0.992176153596993800E+02    0.152071388065814972E+03   -0.102014309167861938E+01    0.322724759578704834E+01    0.254545872116088867E+00
    0.256573374244972585E-21    0.972402713222988524E+02    0.269510903954505920E+03    0.354690551757812500E+00    0.164973139762878418E+00    0.528911909508705147E+00
    0.453447553363425300E-21    0.960857164600249831E+02    0.266808444261550903E+03   -0.149443703889846802E+01    0.235779881477355957E+01    0.130005763721466078E+00
    0.602422456108712601E-21    0.955019327815196846E+02    0.172530460357666016E+03    0.389511704444885254E+00    0.141462981700897217E+01    0.456354277396202102E+00
    0.960133592061400199E-21    0.945540808222201861E+02    0.148508542776107788E+03   -0.992337524890899658E+00    0.287431478500366211E+01    0.321878344559669516E+00
    0.297726892023357390E-20    0.922750773094471981E+02    0.158513034880161285E+03   -0.181857573986053467E+01    0.382261931896209717E+01    0.450410940170288127E-01
    0.305623888358144615E-20    0.922070950566900791E+02    0.191089831292629242E+03    0.990242838859558105E+00    0.189995765686035156E+00    0.305591612863540640E+00
    0.320114565362666317E-20    0.920988226056283850E+02    0.248601046204566956E+03   -0.151083928346633911E+01    0.115839838981628418E+01    0.482648412466049226E+00
    0.102008812741077955E-19    0.897652668986503102E+02    0.166453902423381805E+03   -0.169883406162261963E+01    0.334341824054718018E+01    0.117413808202743539E+00
    0.191653452124141881E-19    0.884883827079728178E+02    0.286192286014556885E+03   -0.187844532728195190E+01    0.181463479995727539E+01    0.190799067449569704E+00
    0.216002494909455329E-19    0.882335554003506957E+02    0.127998991310596466E+03   -0.190142560005187988E+01    0.426002204418182373E+01    0.251008003234863275E-01
    0.168940081105657731E-18    0.841042519258413677E+02    0.173096768558025360E+03    0.467616915702819824E+00    0.553585290908813477E+00    0.531750433802604672E+00
    0.371311503696325080E-18    0.825136324447753395E+02    0.236436718702316284E+03   -0.778353214263916016E+00    0.966634750366210938E+00    0.400144822955131541E+00
    0.231664206285532063E-17    0.788363420716427754E+02    0.289794211089611053E+03   -0.373421370983123779E+00    0.249379873275756836E-01    0.451785132837295544E+00
    0.141710013987246545E-16    0.751985591295546385E+02    0.210625325143337250E+03    0.571359932422637939E+00   -0.564771890640258789E-01    0.404128473687171974E+00
    0.150323402337462395E-16    0.750649217810087634E+02    0.258921864628791809E+03    0.897809088230133057E+00   -0.919882059097290039E+00    0.283207980179786711E+00
    0.160833566404999813E-16    0.749141345961145362E+02    0.234635816514492035E+03   -0.142505043745040894E+01    0.976019501686096191E+00    0.370047690367698690E+00
    0.145613136564187315E-15    0.704921728619511327E+02    0.156332921981811523E+03    0.772443711757659912E+00    0.843881368637084961E+00    0.148239319539070130E+00
    0.213202356725037653E-15    0.697139710800707348E+02    0.185387052595615387E+03   -0.667017757892608643E+00    0.155088841915130615E+01    0.228080909729003911E+00
    0.244399249975486812E-15    0.694252232557414146E+02    0.180353739857673645E+03    0.224246144294738770E+00    0.127238929271697998E+01    0.192019150471687328E+00
    0.363832435552739348E-15    0.686138177331291388E+02    0.276826642453670502E+03    0.277164340019226074E+00    0.872455835342407227E+00    0.392592358589172359E-02
    0.151354036001616304E-14    0.657471659830795829E+02    0.210600206255912781E+03   -0.449279785156250000E+00    0.673264861106872559E+00    0.333824588513374321E+00
    0.366848999069353631E-14    0.639608837532393295E+02    0.285269324481487274E+03    0.583582222461700439E+00   -0.288847684860229492E+00    0.114047994875907902E+00
    0.364153980372774292E-14    0.639600057842788985E+02    0.275355061888694763E+03   -0.852156162261962891E+00    0.105935692787170410E+01    0.512381304502487200E-01
    0.726298676989933888E-14    0.625636117245880996E+02    0.246005915105342865E+03    0.848750948905944824E+00   -0.135262012481689453E+01    0.318495438265800512E+00
    0.108031754792063063E-13    0.617538887811514883E+02    0.196176399290561676E+03   -0.570239365100860596E+00    0.810378789901733398E+00    0.302532347059249862E+00
    0.852668980652555609E-13    0.576063713860917659E+02    0.262989836931228638E+03    0.254334986209869385E+00   -0.147442877292633057E+01    0.567428607773780791E+00
    0.979009694630122151E-13    0.573144061105387905E+02    0.175336198508739471E+03   -0.288242638111114502E+00    0.556029081344604492E+00    0.356153018760681173E+00
    0.153406106591665502E-12    0.564005166218210547E+02    0.311007480323314667E+03   -0.697330832481384277E+00   -0.520704984664916992E+00    0.299550289607048048E+00
    0.250004524507631324E-12    0.554081109832244323E+02    0.185573922097682953E+03   -0.788888752460479736E+00    0.137714207172393799E+01    0.978564856767654423E-01
    0.109420125814792476E-11    0.524398841517571057E+02    0.308788743615150452E+03   -0.128495150804519653E+01   -0.118309199810028076E+01    0.485956771588325509E+00
    0.150856812656799843E-11    0.517819865759334093E+02    0.215721750259399414E+03   -0.133694005012512207E+01   -0.268982052803039551E+00    0.477573438906669645E+00
    0.177277234904680972E-11    0.514435942164871918E+02    0.214315655827522278E+03   -0.142280828952789307E+01    0.178599357604980469E-01    0.401768654823303262E+00
    0.205542923248028820E-11    0.511320890599369449E+02    0.307066081464290619E+03   -0.127036654949188232E+01   -0.433887839317321777E+00    0.259457319545745857E+00
    0.519374002773553966E-11    0.492625253375804419E+02    0.337038560211658478E+03    0.829187631607055664E+00   -0.205607175827026367E+01    0.127138546442985528E+00
    0.789205739601117829E-11    0.484100947350850888E+02    0.151915471255779266E+03   -0.119657182693481445E+01    0.727231502532958984E+00    0.363701661944389354E+00
    0.116273225019351083E-10    0.476194680234547150E+02    0.224378177523612976E+03    0.403063833713531494E+00   -0.423200726509094238E+00    0.201088828897476202E+00
    0.328523166176705695E-10    0.455265139296582149E+02    0.188975660502910614E+03   -0.137733966112136841E+01    0.782680511474609375E-01    0.370177235269546545E+00
    0.471378184068469349E-10    0.447887822218904148E+02    0.329909785091876984E+03    0.739494740962982178E+00   -0.240239441394805908E+01    0.231324922871589678E+00
    0.670943581477403443E-10    0.440671085383444421E+02    0.257035480439662933E+03    0.167410671710968018E+00   -0.761472582817077637E+00    0.202616073560714732E+00
    0.914220432850535244E-10    0.434327102103592395E+02    0.260606077313423157E+03   -0.141762071847915649E+01   -0.303713083267211914E+00    0.232644117808341988E+00
    0.129437893443960850E-09    0.427216560991271734E+02    0.286289717257022858E+03    0.116709947586059570E+00   -0.962302088737487793E+00    0.179306725358963026E+00
    0.132682851058971824E-09    0.426565100525529246E+02    0.177990311384201050E+03   -0.538053929805755615E+00   -0.630041956901550293E+00    0.490287842845916755E+00
    0.148967450757039204E-09    0.424093527951452458E+02    0.219282127916812897E+03    0.471400797367095947E+00   -0.161737501621246338E+01    0.434368627667427065E+00
    0.152161533914233870E-09    0.423512980973666302E+02    0.340295673906803131E+03    0.928085505962371826E+00   -0.300949871540069580E+01    0.209886213970184338E+00
    0.259435443774075692E-09    0.412685426565709150E+02    0.256229020655155182E+03   -0.197365391254425049E+01    0.457521080970764160E+00    0.374951802492141731E-01
    0.409266448298164532E-09    0.403412006431887562E+02    0.172736386954784393E+03   -0.418756783008575439E+00   -0.416243076324462891E+00    0.405239243602752708E+00
    0.471909800241529103E-09    0.400407327244377669E+02    0.226480667293071747E+03   -0.142141336202621460E+01   -0.933168530464172363E+00    0.455821973061561581E+00
    0.840595262336766465E-09    0.388704628837069635E+02    0.242990589141845703E+03   -0.118091773986816406E+01   -0.124794423580169678E+01    0.456375566840171831E+00
    0.978609677742172277E-09    0.385507927203563412E+02    0.304175665974617004E+03   -0.197950309514999390E+01   -0.182146191596984863E+01    0.517282721328735318E+00
    0.137990777677157309E-08    0.378478895617347035E+02    0.335811489820480347E+03   -0.192535877227783203E+00   -0.162279427051544189E+01    0.230437248587608334E+00
    0.301699178375585205E-08    0.362677774250393270E+02    0.140316942334175110E+03   -0.139251935482025146E+01    0.763732194900512695E-01    0.423767542219162019E+00
    0.323156279596825513E-08    0.361147411827861333E+02    0.348419991135597229E+03    0.663328588008880615E+00   -0.303868234157562256E+01    0.286946085834503206E+00
    0.348474074438218585E-08    0.359482605995751499E+02    0.274277886748313904E+03   -0.150019913911819458E+01   -0.109274148941040039E+01    0.301105135488510145E+00
    0.925245806749065332E-08    0.339796443922568585E+02    0.237555213272571564E+03   -0.125937342643737793E+01    0.153553485870361328E-01    0.291232087612152100E-01
    0.119250292469228016E-07    0.334565189200668058E+02    0.317743687331676483E+03   -0.169203162193298340E+00   -0.177663505077362061E+01    0.231101997828483591E+00
    0.234961084054303900E-07    0.320845032834178170E+02    0.254507552087306976E+03   -0.154448956251144409E+01   -0.569626092910766602E+00    0.140085906028747570E+00
    0.304530120507488395E-07    0.315501780843806259E+02    0.309259162843227386E+03    0.812873899936676025E+00   -0.366017758846282959E+01    0.342153025817871104E+00
    0.311209212415201580E-07    0.314911622952566113E+02    0.133461149036884308E+03   -0.953080356121063232E+00   -0.303468704223632812E+00    0.440627007722854624E+00
    0.366912280884765162E-07    0.311462224790964513E+02    0.235523614287376404E+03   -0.114728552103042603E+01   -0.576993227005004883E+00    0.141386029171943678E+00
    0.395807800327764741E-07    0.309789856032918571E+02    0.247706167399883270E+03    0.199441432952880859E+00   -0.256538927555084229E+01    0.508265618276596109E+00
    0.401018808572645151E-07    0.309372014239864157E+02    0.191736015677452087E+03   -0.165865725278854370E+01   -0.396039485931396484E+00    0.269124978876113918E+00
    0.131773395616235741E-06    0.285422554037707918E+02    0.132383893430233002E+03    0.692331850528717041E+00   -0.509061813354492188E+00    0.439254452705383283E-01
    0.141927995845966355E-06    0.283781581837744135E+02    0.130095352232456207E+03    0.732440352439880371E+00   -0.152410924434661865E+01    0.320996402049064655E+00
    0.219098644951795227E-06    0.274941287748107186E+02    0.339138488471508026E+03   -0.174103826284408569E+01   -0.168740034103393555E+01    0.187971324348449709E+00
    0.217869539787502651E-06    0.274897550141341789E+02    0.226050508022308350E+03   -0.191951370239257812E+01   -0.448948144912719727E+00    0.124952045488357547E+00
    0.222578768169060315E-06    0.274313607923518994E+02    0.167109581828117371E+03   -0.536066591739654541E+00   -0.476619005203247070E+00    0.216967239975929260E+00
    0.244038164311607027E-06    0.272316486504031019E+02    0.145892289280891418E+03    0.835478305816650391E-03   -0.474688410758972168E+00    0.234729800963401791E+00
    0.250083398771271162E-06    0.271670839841201790E+02    0.138272508978843689E+03   -0.130486565828323364E+01   -0.115305185317993164E-01    0.273318453454971300E+00
    0.268084504341169766E-06    0.270124434077229409E+02    0.222613324224948883E+03   -0.136207771301269531E+01   -0.192075192928314209E+01    0.504162657952308635E+00
    0.273918294784485823E-06    0.269537631633496453E+02    0.255883136391639709E+03   -0.427946746349334717E+00   -0.178526401519775391E+01    0.281522190570831332E+00
    0.286211087419215497E-06    0.268503386857918116E+02    0.139306795597076416E+03    0.636200726032257080E+00   -0.465127229690551758E+00    0.869967198371887195E-03
    0.288722257577096188E-06    0.268172425396235461E+02    0.140277393162250519E+03   -0.152308106422424316E+01   -0.253906250000000000E+00    0.345738147711753874E+00
    0.297980973885399207E-06    0.267384886218638798E+02    0.315567208826541901E+03   -0.176961898803710938E+01   -0.213665723800659180E+01    0.345710785317420999E+00
    0.320286692918131711E-06    0.265784898786132935E+02    0.242647950351238251E+03   -0.133469557762145996E+01   -0.198615610599517822E+01    0.449184340667724613E+00
    0.333876246163247823E-06    0.264797570910584703E+02    0.338725401461124420E+03    0.752361834049224854E+00   -0.450423598289489746E+01    0.460990838527679470E+00
    0.374545448250825759E-06    0.262342465932755928E+02    0.223200942575931549E+03   -0.627201616764068604E+00   -0.475124120712280273E+00    0.603736560344696107E-02
    0.466677624665177042E-06    0.257787704825840258E+02    0.278525365889072418E+03    0.288196980953216553E+00   -0.332953631877899170E+01    0.514785305786132796E+00
    0.609201373663662735E-06    0.252301251469872803E+02    0.317254774272441864E+03   -0.166233491897583008E+01   -0.305144786834716797E+01    0.559729642009735073E+00
    0.606874613770434155E-06    0.252221534935103051E+02    0.224764415621757507E+03   -0.122614729404449463E+01   -0.114922642707824707E+01    0.225819861602783223E+00
    0.927177666444664106E-06    0.243588824894748512E+02    0.239240780472755432E+03    0.777775228023529053E+00   -0.401049196720123291E+01    0.496149468183517461E+00
    0.110170920189172198E-05    0.239983117532360666E+02    0.133816246688365936E+03   -0.944782495498657227E+00   -0.383684039115905762E+00    0.302531528234481817E+00
    0.114668623235141025E-05    0.239026598494520535E+02    0.330265499651432037E+03   -0.194584155082702637E+01   -0.207193255424499512E+01    0.251065866851806652E+00
    0.118130976147646891E-05    0.238275397602452017E+02    0.220696362853050232E+03    0.948727607727050781E+00   -0.449605584144592285E+01    0.547711239123344407E+00
    0.137658185120685582E-05    0.235059553265614944E+02    0.193763819336891174E+03   -0.177407431602478027E+01   -0.827165246009826660E+00    0.240370548319816607E+00
    0.148493915529371462E-05    0.233387897436914926E+02    0.141972951591014862E+03   -0.168415594100952148E+01   -0.505436062812805176E+00    0.346529030084610001E+00
    0.164328920070480871E-05    0.231205126538476513E+02    0.187943010032176971E+03   -0.443136453628540039E+00   -0.180124521255493164E+01    0.409452779388427723E+00
    0.208954771877982994E-05    0.226243920606683595E+02    0.210843053460121155E+03   -0.114203929901123047E+00   -0.196011543273925781E+01    0.339265133213996872E+00
    0.217728127325921329E-05    0.225265083885124362E+02    0.155503877997398376E+03    0.360984086990356445E+00   -0.182013809680938721E+01    0.394795133686065669E+00
    0.236446539458246773E-05    0.223459334456122711E+02    0.349412073194980621E+03   -0.138405734300613403E+01   -0.183482050895690918E+01    0.759610772609710660E-01
    0.263197592961331855E-05    0.221159426045145047E+02    0.275330613553524017E+03    0.840737044811248779E+00   -0.459367632865905762E+01    0.459830325007438701E+00
    0.313684076093606651E-05    0.217493550081013787E+02    0.309178227186203003E+03   -0.112767124176025391E+01   -0.340805709362030029E+01    0.554605811905860890E+00
    0.314891334171115282E-05    0.217260474959175269E+02    0.340840604901313782E+03    0.575102686882019043E+00   -0.406253755092620850E+01    0.353187133097648653E+00
    0.318818763374876331E-05    0.216856321098826967E+02    0.304064595699310303E+03   -0.513125658035278320E+00   -0.188696444034576416E+01    0.828249441146850646E-01
    0.359780475284260886E-05    0.214282646036157445E+02    0.161877182126045227E+03   -0.170956397056579590E+01   -0.760673880577087402E+00    0.287232538032531737E+00
    0.362936942389302607E-05    0.213951694992679222E+02    0.185841593146324158E+03   -0.188394117355346680E+01   -0.107997536659240723E+01    0.291051912045478811E+00
    0.375160072775358657E-05    0.213132971215146512E+02    0.306257489323616028E+03    0.129699707031250000E+00   -0.273724496364593506E+01    0.215957219624519359E+00
    0.403845219296649484E-05    0.211503143447680522E+02    0.152717424929141998E+03   -0.171999830007553101E+01   -0.107049942016601562E-02    0.985446737766265957E-01
    0.410529654545274331E-05    0.211018563800760681E+02    0.202552962303161621E+03   -0.156185668706893921E+01   -0.163573324680328369E+01    0.370896265769004807E+00
    0.510951337350218389E-05    0.206485790018965858E+02    0.297391688823699951E+03   -0.172735774517059326E+01   -0.166859149932861328E+01    0.118714067816734312E+00
    0.520617653778993714E-05    0.205954709078996885E+02    0.169931936264038086E+03    0.129081726074218750E+00   -0.246889650821685791E+01    0.531801439762115469E+00
    0.610050764955918530E-05    0.202627933628780710E+02    0.221397358179092407E+03   -0.190446794033050537E+01   -0.118336141109466553E+01    0.186201809906959531E+00
    0.641450698734010680E-05    0.201467880567684290E+02    0.284087918698787689E+03   -0.686721622943878174E+00   -0.209200084209442139E+01    0.170061101961135858E+00
    0.821186746358400838E-05    0.196371266214547120E+02    0.137322403490543365E+03    0.128830492496490479E+00   -0.122909545898437500E+01    0.290254206132888826E+00
    0.874886818905437180E-05    0.194948136564281072E+02    0.201245224475860596E+03    0.578020572662353516E+00   -0.236289978027343750E+01    0.173455676507949824E+00
    0.980796560381853008E-05    0.192506475963174495E+02    0.244500270485877991E+03   -0.187748348712921143E+01   -0.183471679687500000E+01    0.275311336469650281E+00
    0.993909255243680847E-05    0.192084608928102654E+02    0.198420523107051849E+03   -0.793279170989990234E+00   -0.161855340003967285E+01    0.265784446763992321E+00
    0.105495668394368186E-04    0.190736177383778447E+02    0.215932504832744598E+03   -0.100384777784347534E+01   -0.186342120170593262E+01    0.294348807621002184E+00
    0.122891647468025991E-04    0.187527264222881662E+02    0.137984640896320343E+03   -0.155814075469970703E+01   -0.621123909950256348E+00    0.275294823503494268E+00
    0.126968744472066766E-04    0.186718256274771974E+02    0.253724843263626099E+03   -0.876918315887451172E+00   -0.256363749504089355E+01    0.359856017303466835E+00
    0.129881453403209162E-04    0.186108382517251556E+02    0.153051480650901794E+03    0.912798523902893066E+00   -0.318336009979248047E+01    0.306533363699913020E+00
    0.152590121263131278E-04    0.182729467655729181E+02    0.342930461466312408E+03    0.411484181880950928E+00   -0.434832990169525146E+01    0.453323875164985679E+00
    0.180169119745491059E-04    0.179250405989234878E+02    0.185730294883251190E+03   -0.131601202487945557E+01   -0.224932372570037842E+01    0.494627921175956720E+00
    0.263773396121252041E-04    0.171470267537193948E+02    0.303413446778314324E+03    0.553414129968916590E+00   -0.314737670999277785E+01    0.682852546864717164E-01
    0.285884459872727317E-04    0.169704070413050303E+02    0.289259231090545654E+03   -0.411978662014007568E+00   -0.288606286048889160E+01    0.275710138249397274E+00
    0.383187588182688687E-04    0.163689082154732581E+02    0.335138295590877533E+03    0.441492915153503418E+00   -0.458088040351867676E+01    0.458112737703323392E+00
    0.458072172035144486E-04    0.159962790216529385E+02    0.321604137122631073E+03   -0.138009786605834961E-01   -0.428684115409851074E+01    0.516452774190902741E+00
    0.485094027031363124E-04    0.158660220421480247E+02    0.274512647092342377E+03    0.628530323505401611E+00   -0.393319606781005859E+01    0.266973550915718061E+00
    0.542337244518206228E-04    0.156273064661819276E+02    0.291149754388324027E+03   -0.940179838115335897E-01   -0.243642651056887072E+01    0.743122850319503231E-01
    0.549563422292817654E-04    0.155852091560401114E+02    0.166688635945320129E+03    0.351289868354797363E+00   -0.215037465095520020E+01    0.264398074078559864E+00
    0.548097871028683188E-04    0.155749247912393578E+02    0.334929338097572327E+03   -0.104040521383285522E+01   -0.392245233058929443E+01    0.479496141815185573E+00
    0.650592259225314304E-04    0.152164412946436762E+02    0.167148111760616302E+03   -0.168459975719451904E+01   -0.885421633720397949E+00    0.133824557733535771E+00
    0.647921709926458771E-04    0.152090427847007810E+02    0.311580252647399902E+03   -0.153060555458068848E-01   -0.399480164051055908E+01    0.429928140950202931E+00
    0.720465701103977413E-04    0.149811619067588957E+02    0.321264851093292236E+03    0.466291546821594238E+00   -0.314436376094818115E+01    0.296225895166397114E-01
    0.813259423189865652E-04    0.147232322220522960E+02    0.182083469629287720E+03    0.357845187187194824E+00   -0.315821349620819092E+01    0.456177445363998402E+00
    0.100959584059358393E-03    0.142750967829324082E+02    0.225897254037015443E+03   -0.345813816173099475E-01   -0.351703378974777214E+01    0.498733484730486731E+00
    0.115899085438645833E-03    0.139834726220647809E+02    0.224133667349815369E+03   -0.152193039655685425E+01   -0.229041516780853271E+01    0.289596348667144787E+00
    0.137342356387569725E-03    0.136283338200408739E+02    0.280042955229266795E+03   -0.158344339801854517E+01   -0.226971252195568685E+01    0.123060197607681499E+00
    0.144583153655864340E-03    0.135099527410572833E+02    0.329701055586338043E+03   -0.109415256977081299E+01   -0.245995640754699707E+01    0.245224029779434229E-01
    0.170342740338607561E-03    0.131664122866946691E+02    0.256262145936489105E+03   -0.177906054258346558E+01   -0.314915478229522705E+01    0.434829898953437821E+00
    0.180448310737020605E-03    0.130355236014813691E+02    0.252018448710441589E+03    0.364786386489868164E-02   -0.406003057956695557E+01    0.529146843981742832E+00
    0.182826753089042815E-03    0.129937093407850455E+02    0.340653072588525902E+03   -0.133429263255904762E+01   -0.359959171657610399E+01    0.326994086042045939E+00
    0.209657177850205404E-03    0.127042149201257697E+02    0.282609806954860687E+03    0.441906332969665527E+00   -0.304324924945831299E+01    0.312344801902771016E-01
    0.217023002134394114E-03    0.126195306437054029E+02    0.296543092550021356E+03    0.182679872600375326E+00   -0.385059882230061890E+01    0.303388070159142043E+00
    0.224883540370337664E-03    0.125327470010894348E+02    0.224864582717418671E+03    0.823709845542907715E+00   -0.409127712249755859E+01    0.183305114936828606E+00
    0.258708403377983214E-03    0.122368841972606823E+02    0.316226516904077130E+03   -0.128526296790298766E+01   -0.371168966176426540E+01    0.375749570057331062E+00
    0.286280918747746640E-03    0.120187152165335789E+02    0.242020997405052185E+03    0.181063294410705566E+00   -0.335590600967407227E+01    0.280300231075286899E+00
    0.286962338702707897E-03    0.119983353745563832E+02    0.307103590996728713E+03   -0.119776420834258324E+01   -0.365849840388643521E+01    0.363901890971543740E+00
    0.305497729604507946E-03    0.118575276470945017E+02    0.209587511420249939E+03   -0.583336949348449707E-01   -0.235492467880249023E+01    0.142331874132156366E+00
    0.347766757209125592E-03    0.115827233064699762E+02    0.322774854302406311E+03   -0.186920762062072754E+00   -0.301769673824310303E+01    0.477739899158477824E-01
    0.353122882148702378E-03    0.115365301319341853E+02    0.169677166640758514E+03   -0.165610986948013306E+01   -0.167072236537933350E+01    0.227618921971321109E+00
    0.383812769849519722E-03    0.113542276304580376E+02    0.173101489245891571E+03   -0.154396545886993408E+01   -0.116417348384857178E+01    0.481771587610244773E-01
    0.448807990754907220E-03    0.110257220232649331E+02    0.224754357337951660E+03   -0.183825796842575073E+01   -0.325003981590270996E+01    0.486457789993286149E+00
    0.511577887725213473E-03    0.107482876468558786E+02    0.317757111787796021E+03   -0.188358461856842041E+01   -0.347476422786712646E+01    0.300861944532394399E+00
    0.508494328008626947E-03    0.107447542186541263E+02    0.323820620775222778E+03   -0.151184421777725220E+01   -0.434633135795593262E+01    0.505408329248428378E+00
    0.510421609491348936E-03    0.107215632018307190E+02    0.245576258200379243E+03   -0.160590525544878049E+01   -0.234454903971850914E+01    0.136183015648075861E+00
    0.572120538591117632E-03    0.104777129388263734E+02    0.193550288677215576E+03    0.986185014247894287E+00   -0.441762864589691162E+01    0.123734111881256104E+00
    0.640264594423010903E-03    0.102370243013865441E+02    0.294781228899955750E+03   -0.776798427104949951E+00   -0.272966206073760986E+01    0.353769829273223868E-01
    0.647136959223105547E-03    0.102000464295957158E+02    0.272959274916848585E+03    0.517065866769005567E+00   -0.373106969310195069E+01    0.100527724940929583E+00
    0.699483182360558821E-03    0.100288538379012486E+02    0.257674744925702555E+03   -0.245248486764211071E+00   -0.258789567017213606E+01    0.227114953885484000E-01
    0.750245796550045403E-03    0.987311057764479116E+01    0.175574713945388794E+03   -0.525510489940643311E+00   -0.230151414871215820E+01    0.216313613104820252E+00
    0.751463591937467749E-03    0.985424181912877373E+01    0.147419233184493208E+03    0.152642947045722011E+00   -0.190850542194704964E+01    0.121929258268693844E+00
    0.775015583761708344E-03    0.977689606632801933E+01    0.316795452150931339E+03   -0.178070333436916561E+01   -0.394682649701627852E+01    0.389492429648034710E+00
    0.782490377923698572E-03    0.974207408927848917E+01    0.298228216171264648E+03    0.502649962902069092E+00   -0.402969419956207275E+01    0.120343017339706426E+00
    0.803848026938327456E-03    0.967259188060720021E+01    0.210961084067821503E+03   -0.192743855714797974E+01   -0.194626629352569580E+01    0.109761310744285592E+00
    0.803136804234675684E-03    0.965873720907898559E+01    0.247949473681138443E+03   -0.194589118375467551E+00   -0.320310113115686068E+01    0.205206110219458282E+00
    0.800698662040804959E-03    0.964919299260899876E+01    0.291119730115944776E+03    0.267345426940730935E+00   -0.387952392124511736E+01    0.197294570559114563E+00
    0.800152072740747174E-03    0.963493373973188483E+01    0.312197710573673248E+03   -0.122350817918777466E+01   -0.378302156925201416E+01    0.301596942114830013E+00
    0.836224180691163416E-03    0.953111886907349692E+01    0.271387007103481665E+03    0.403697670793091490E+00   -0.336820027559282931E+01    0.539607789999969473E-01
    0.854676744472576320E-03    0.947184069917461358E+01    0.327308873832225800E+03   -0.195897936820983887E+00   -0.319956243038177490E+01    0.984223959445953457E-02
    0.898230569758631087E-03    0.935680875170584514E+01    0.193075242798943435E+03   -0.141175319739843808E+01   -0.320306131085066870E+01    0.476398403727287312E+00
    0.968708457720163728E-03    0.919010994600021647E+01    0.295982201397418976E+03   -0.102343595027923584E+01   -0.374363780021667480E+01    0.297231650805473313E+00
    0.961957273724553053E-03    0.918847226944634521E+01    0.128886601328849792E+03    0.861599445343017578E+00   -0.399823367595672607E+01    0.342099802207946779E+00
    0.958839965320213805E-03    0.917933897211615957E+01    0.193094904521530253E+03   -0.145039120521718878E+01   -0.346240547825091571E+01    0.546899736783899248E+00
    0.998878517429001040E-03    0.908189600663164853E+01    0.213370861113071442E+03    0.348511993885040283E+00   -0.321447193622589111E+01    0.174252870655059816E+00
    0.102235393803498035E-02    0.901981128113827779E+01    0.326156878471374512E+03   -0.105381768941879272E+01   -0.413325250148773193E+01    0.334397902321815488E+00
    0.101771822237969466E-02    0.901327561380811204E+01    0.271039655804634094E+03    0.370879828929901123E+00   -0.423071146011352539E+01    0.286913059902191181E+00
    0.102268167038844387E-02    0.898792025101652925E+01    0.148360350728034973E+03    0.259562969207763672E+00   -0.366691052913665771E+01    0.568897545289993256E+00
    0.124225624951790543E-02    0.858329321823945435E+01    0.156254201389980352E+03   -0.131585007508750085E+01   -0.168197621646242146E+01    0.133861960760657817E+00
    0.134127573648660180E-02    0.841428437640075799E+01    0.259889176487922668E+03    0.242750167846679688E+00   -0.310835540294647217E+01    0.237674124240875272E-02
    0.139740093517759902E-02    0.831667371009968193E+01    0.317829625308513641E+03   -0.157334208488464355E-01   -0.374810934066772461E+01    0.103311359810829173E+00
    0.139973101123305158E-02    0.829771661617052736E+01    0.185338222980499268E+03   -0.676647961139678955E+00   -0.215521812438964844E+01    0.783017219781875634E-01
    0.139158603993820486E-02    0.829376351766006970E+01    0.346163619282875743E+03   -0.123562447555311206E+01   -0.339121909918025644E+01    0.756267541791320885E-01
    0.140176139907845481E-02    0.826356760678049085E+01    0.344719310068798393E+03   -0.890991876296443053E-01   -0.464050438705739499E+01    0.318860664044316844E+00
    0.140709407741564248E-02    0.824034850336170699E+01    0.301726283228833438E+03   -0.618458979491002481E+00   -0.463305996979150514E+01    0.452907010169915469E+00
    0.141946574723509906E-02    0.820721564986975594E+01    0.147820287942886353E+03   -0.805183887481689453E+00   -0.137169778347015381E+01    0.180323296308517456E-01
    0.144572694023081664E-02    0.815492724704577654E+01    0.164547195292233027E+03   -0.617211723497591569E+00   -0.215207047151699582E+01    0.154736931456486454E+00
    0.153777427086252035E-02    0.801585459814088352E+01    0.255183482170104980E+03   -0.166809988021850586E+01   -0.268194794654846191E+01    0.954970079898834201E-01
    0.159384021197144215E-02    0.792860911900014820E+01    0.219321731062765707E+03   -0.489920498104989832E-02   -0.269074635088447778E+01    0.343096597574066853E-01
    0.163677021514900631E-02    0.785982694472773780E+01    0.281646164121832726E+03   -0.155492850328155918E+01   -0.411793688433395744E+01    0.418714501524393934E+00
    0.172506065694829941E-02    0.773912735619855852E+01    0.140910877287387848E+03   -0.477226257324218750E+00   -0.173133969306945801E+01    0.100754067707061773E+00
    0.179268309447997310E-02    0.764659991675751360E+01    0.247140971378322888E+03   -0.650965706118333820E+00   -0.301745289853589949E+01    0.108294363416937767E+00
    0.184404157794843091E-02    0.757448243767618923E+01    0.272373732924461365E+03   -0.105665349960327148E+01   -0.406279981136322021E+01    0.367819156408309922E+00
    0.186902733913236162E-02    0.753194047073413842E+01    0.161930890206749325E+03   -0.126352587314184373E+01   -0.196263535907242881E+01    0.136219141151994044E+00
    0.187101560031109507E-02    0.751418901240386372E+01    0.141609632968902588E+03   -0.986450254917144775E+00   -0.140717446804046631E+01    0.394639420509338423E-01
    0.210536544688853192E-02    0.726254866074688898E+01    0.299600572309706251E+03   -0.169183531619924876E+01   -0.469169634634289157E+01    0.517597216901360291E+00
    0.209670585651597005E-02    0.725516683608212176E+01    0.295913351538167888E+03   -0.328724704569856474E+00   -0.452999000934718410E+01    0.363767571267380796E+00
    0.214642525852666230E-02    0.719266920699275758E+01    0.248218482732772827E+03   -0.853790521621704102E+00   -0.393030047416687012E+01    0.360351372170448325E+00
    0.214754045430433013E-02    0.717600535770767500E+01    0.127392289042472839E+03    0.623948037624359131E+00   -0.267389774322509766E+01    0.757583840131759723E-01
    0.214665319586344275E-02    0.716120683040621220E+01    0.271536567312311831E+03   -0.105945233587320531E+01   -0.385705384435485499E+01    0.290275595390118324E+00
    0.215344194766509513E-02    0.713926684693237235E+01    0.180244989693164825E+03   -0.106234103441238403E+01   -0.334912359714508057E+01    0.417887152147293106E+00
    0.218179594494505736E-02    0.709748005163043416E+01    0.327765117403917998E+03   -0.266181404864929583E+00   -0.401354232551767875E+01    0.133108707353168126E+00
    0.216641971643451690E-02    0.709599997341056898E+01    0.182176744553956468E+03   -0.157345672172461315E+01   -0.256207875009527841E+01    0.222840200611814532E+00
    0.217606551295704059E-02    0.707148991162943297E+01    0.257064220309257507E+03   -0.169231057167053223E+01   -0.264418721199035645E+01    0.327693331003189106E-01
    0.218506689447166627E-02    0.704760889602983287E+01    0.263162410259246826E+03    0.279692411422729492E-01   -0.370931267738342285E+01    0.145159241938591005E+00
    0.217570922283479625E-02    0.704056740112021462E+01    0.317915831104075323E+03   -0.990674825951539217E+00   -0.417841436924074117E+01    0.262607897875002438E+00
    0.216330414757751272E-02    0.703637828112036523E+01    0.329428006708621979E+03   -0.135392898321151733E+01   -0.328661561012268066E+01    0.195786802053451552E-01
    0.218592613439286178E-02    0.699994758506886239E+01    0.345768144726753235E+03   -0.267052650451660156E+00   -0.383772790431976318E+01    0.494834230899810837E-01
    0.218458389820641629E-02    0.698555103320752924E+01    0.188436120748519897E+03   -0.130969166755676270E+01   -0.273754894733428955E+01    0.228670156502723709E+00
    0.219197941425666254E-02    0.696316682735456371E+01    0.195900614559650421E+03    0.452427387237548828E+00   -0.462301254272460938E+01    0.481409632945060728E+00
    0.224771953487263535E-02    0.689731945846399963E+01    0.247675776158092901E+03   -0.142652170763423713E+01   -0.429653944351654449E+01    0.499187443623288152E+00
    0.229330484369403816E-02    0.684153890204103554E+01    0.262778492271900177E+03   -0.199471336603164673E+01   -0.311692118644714355E+01    0.161484697222709667E+00
    0.230476727175949218E-02    0.681594237352048005E+01    0.129079157114028931E+03   -0.119964510202407837E+01   -0.257929623126983643E+01    0.427482993721961968E+00
    0.234109734945840047E-02    0.676903723841409821E+01    0.297053810954093933E+03   -0.976055979728698730E+00   -0.398179113864898682E+01    0.239467282247543350E+00
    0.238851227238658526E-02    0.671331039892691273E+01    0.171527313252044991E+03    0.522199628292889351E+00   -0.385122714670051725E+01    0.276490421913454576E+00
    0.239781943265839114E-02    0.668990727356819459E+01    0.143533479814846515E+03    0.863866973308089925E+00   -0.478294818694177160E+01    0.293063668937856403E+00
    0.242218364277059202E-02    0.665406285275449250E+01    0.189175596827162025E+03   -0.397663932284592292E+00   -0.497766816713762950E+01    0.657280931981963773E-01
    0.243460227761344060E-02    0.662820996780244975E+01    0.279926305151460156E+03   -0.143939151254779030E+01   -0.395328896087243065E+01    0.300287294761449497E+00
    0.251579719710778773E-02    0.654697232221268788E+01    0.345631142002684101E+03   -0.170926303467079466E+01   -0.423955117919778690E+01    0.260693663705522716E+00
    0.252028771135753621E-02    0.652778065046549560E+01    0.142273445904216146E+03    0.506018631050787260E+00   -0.306976198006681766E+01    0.176784785216907075E+00
    0.257298986397993396E-02    0.647076459499801437E+01    0.305577695382335037E+03   -0.176343720459344144E+01   -0.457284773048435067E+01    0.428589238149507723E+00
    0.255347334790752365E-02    0.647036772367322666E+01    0.191955004632472992E+03   -0.723237395286560059E+00   -0.477451205253601074E+01    0.439664206266403221E-01
    0.276101282755980993E-02    0.629845662498435566E+01    0.262128033232770292E+03   -0.109077013326084704E+01   -0.365554317714199062E+01    0.211886623166569588E+00
    0.275625137574411413E-02    0.628628366412717554E+01    0.139850951357629185E+03   -0.310508484552474151E-01   -0.439554385629834510E+01    0.797621335038196100E-01
    0.275926839462904954E-02    0.626847064246363406E+01    0.319390779410827804E+03   -0.109383614477669422E+01   -0.394462298258922406E+01    0.159207950928146630E+00
    0.275115414411172387E-02    0.625873575802200666E+01    0.291770835520284436E+03   -0.237053901571631531E+00   -0.357046363542178469E+01    0.385274705527075961E-01
    0.273290146856242306E-02    0.625642407520042632E+01    0.136777392029762268E+03   -0.205115795135498047E+00   -0.474276661872863770E+01    0.224444747757911678E+00
    0.274684012855599437E-02    0.623062436910605832E+01    0.186489748954772949E+03   -0.139641284942626953E+00   -0.283049464225769043E+01    0.103895795989036560E+00
    0.274031947785521998E-02    0.621975276010461808E+01    0.136641336977481842E+03   -0.141770511865615845E+01   -0.449564039707183838E+01    0.270639770579338079E+00
    0.275384112845618095E-02    0.619428336066299856E+01    0.277793117905357178E+03   -0.118276912156216296E+01   -0.384462959601174470E+01    0.226386569313145825E+00
    0.275700636483360495E-02    0.617636090153038264E+01    0.264377236366271973E+03   -0.758976221084594727E+00   -0.365611135959625244E+01    0.168376950001716624E+00
    0.277400923757997785E-02    0.614843947893582676E+01    0.197904264926910400E+03   -0.100372135639190674E+00   -0.338347852230072021E+01    0.224641948056221008E+00
    0.277588846094769214E-02    0.613146005869849109E+01    0.199179520178878477E+03    0.590879505637882829E+00   -0.429715618597452398E+01    0.204810624153454357E+00
    0.279555590559624201E-02    0.610171482340676707E+01    0.163520477712154388E+03    0.351837217807769775E+00   -0.426153063774108887E+01    0.496765906763076803E+00
    0.277461578199275855E-02    0.610112722147973141E+01    0.242506329715251923E+03   -0.593948662281036377E+00   -0.385120213031768799E+01    0.264885445404052733E+00
    0.281011008934690856E-02    0.606007946226183236E+01    0.291798695445899511E+03   -0.181431023475770115E+00   -0.355504128319148860E+01    0.159947224964746525E-01
    0.282330783376406706E-02    0.603508340636451024E+01    0.155282440023411198E+03   -0.102506435801229823E+01   -0.179481496804947760E+01    0.544650097688622117E-02
    0.280199493790293580E-02    0.603461350020173803E+01    0.271384051442146301E+03    0.377805292606353760E+00   -0.431236684322357178E+01    0.149212390422821056E+00
    0.278544410452909869E-02    0.603083713543939481E+01    0.348752705752849579E+03   -0.944387853145599365E+00   -0.414302945137023926E+01    0.134828846311569217E+00
    0.279791319752616683E-02    0.600627907738688194E+01    0.221650267301511008E+03   -0.157142462736558786E+01   -0.263023124136381892E+01    0.574532979624005138E-01
    0.279888003458136090E-02    0.598996308379485232E+01    0.269637020410000900E+03    0.247551488815917597E+00   -0.381109383878911157E+01    0.409947697800548544E-01
    0.283555896973713278E-02    0.594829861242426272E+01    0.260751238465309143E+03   -0.367305040359497070E+00   -0.407623350620269775E+01    0.245730302309989934E+00
    0.281899778918693299E-02    0.594438892707076683E+01    0.133706852793693542E+03    0.815336346626281738E+00   -0.383716881275177002E+01    0.332093490600585961E-01
    0.284295123567108402E-02    0.591184142262103052E+01    0.157155961477629774E+03   -0.196156036026364267E+01   -0.403672066934991403E+01    0.105081737510142603E+00
    0.283019121997002800E-02    0.590521322629240331E+01    0.132578886025077594E+03    0.425310206207297092E+00   -0.433987387142966696E+01    0.263006837373882807E-01
    0.283270732830053374E-02    0.588781096789752745E+01    0.343125652727516353E+03   -0.189839926709596929E+01   -0.383940174852876970E+01    0.125833612173319342E+00
    0.283473134140595868E-02    0.587075744731923166E+01    0.258497861027717590E+03   -0.131942772865295410E+01   -0.441454112529754639E+01    0.429352131843566909E+00
    0.282074496605783228E-02    0.586502473797819146E+01    0.275750116583400370E+03   -0.131916054687858875E+01   -0.355349143778981524E+01    0.137952355758518053E+00
    0.282307006563954632E-02    0.584775184576329377E+01    0.264605693519115448E+03   -0.182689756155014038E+01   -0.356148183345794678E+01    0.208274289178848271E+00
    0.280307987679106942E-02    0.584633924548611361E+01    0.175438228953313399E+03   -0.909221284728155554E+00   -0.406300622751578366E+01    0.555981042267734260E+00
    0.284513930700118706E-02    0.580092771895827930E+01    0.302488180994987488E+03   -0.188144940137863159E+01   -0.330179274082183838E+01    0.454155698776245106E-01
    0.285016756017645928E-02    0.578177121163198748E+01    0.271172094458051106E+03   -0.138678564821683259E+01   -0.454273463435767599E+01    0.429381124359736521E+00
    0.294449710458428125E-02    0.570102570268170616E+01    0.258014761894814342E+03   -0.899603770059527186E+00   -0.431532568274560902E+01    0.354768472071064267E+00
    0.309589317335002461E-02    0.558512388202478860E+01    0.145137555588307947E+03   -0.151927149467883105E+01   -0.194575267668619478E+01    0.107085960964402052E+00
    0.324270223572125683E-02    0.547683777168381170E+01    0.268206490603281338E+03   -0.122304349287344194E+01   -0.400365419171973169E+01    0.248983999111207388E+00
    0.325321154036548044E-02    0.545474143343922435E+01    0.147863224306757758E+03   -0.156645991351145142E+01   -0.483692792925619308E+01    0.383171598363151900E+00
    0.329367616585619482E-02    0.541439314958947548E+01    0.154535107313471656E+03   -0.870057775630277419E-01   -0.455368211582850702E+01    0.130939149367842289E+00
    0.327255531890938275E-02    0.541163453715928533E+01    0.298541776893863926E+03   -0.189881916651646820E+01   -0.358331703394823986E+01    0.109209345354612741E+00
    0.337312190307193730E-02    0.533547439028142012E+01    0.229664641561223334E+03   -0.159614090780706608E+01   -0.385531295480793013E+01    0.335231294763077281E+00
    0.348255322185079402E-02    0.525599536440252457E+01    0.296817613359881875E+03   -0.721291996099283406E+00   -0.471769017258867240E+01    0.324978085952560225E+00
    0.357727314109027982E-02    0.518670014733604567E+01    0.325163608605638899E+03   -0.689079887722173545E+00   -0.418064617598360488E+01    0.103433151646862787E+00
    0.355854129697676710E-02    0.518157535711728556E+01    0.290534286920503860E+03   -0.173374034123770149E+01   -0.335590141425105593E+01    0.362628195515596538E-01
    0.356248293606343082E-02    0.516373627141262759E+01    0.149791309237480164E+03    0.726521253585815430E+00   -0.495513737201690674E+01    0.184153792691230778E+00
    0.355759331361481549E-02    0.515085822133047699E+01    0.166325294149367124E+03   -0.153665887978468985E+01   -0.251943842994184530E+01    0.150871900750240928E+00
    0.357219508281630483E-02    0.512704123087898633E+01    0.243323178345319036E+03   -0.164444395213329431E+01   -0.433892421991510968E+01    0.421217980293482508E+00
    0.354510594535308770E-02    0.512664069204196604E+01    0.196244762541100442E+03    0.458710114609147901E+00   -0.391253340904705338E+01    0.137347753185437987E+00
    0.358043006504275537E-02    0.509118593662976515E+01    0.240024782184394837E+03   -0.186575090123580023E+01   -0.293243002430053146E+01    0.417089645756335489E-01
    0.358496265783232347E-02    0.507303066728127838E+01    0.258522593053293349E+03   -0.196769032507471531E+01   -0.400697991032668099E+01    0.304424689679458571E+00
    0.361577045119914828E-02    0.504029186462789269E+01    0.220024051754272506E+03    0.165839510305999749E+00   -0.387025581646988082E+01    0.148191635986886228E+00
    0.361060348232305518E-02    0.502752692684120461E+01    0.198758415452116083E+03   -0.133353881962866216E+01   -0.363301421852429618E+01    0.326311092040968087E+00
    0.359640657164886661E-02    0.501978143800112875E+01    0.204659271436879663E+03   -0.645948345320393802E+00   -0.427594091684576405E+01    0.429763170611596246E+00
    0.373553844049864239E-02    0.492824284488397968E+01    0.308950784153928680E+03    0.462323350478368589E+00   -0.494675002418618881E+01    0.961107845143509554E-01
    0.373865549019870846E-02    0.491094967843837971E+01    0.173898149669975680E+03    0.405990460015117627E-01   -0.462568703427298811E+01    0.871678188272958232E-01
    0.371788207748111835E-02    0.490646843854045933E+01    0.257544641094590986E+03    0.216574162612777066E+00   -0.414719091433879594E+01    0.932381597130733375E-01
    0.376455094557960222E-02    0.486589461607306717E+01    0.274474349278591944E+03   -0.624400167698896835E+00   -0.470505804696189678E+01    0.328941434996594562E+00
    0.374659618307528327E-02    0.485983129627729848E+01    0.317775689285673877E+03   -0.159519805621248056E+01   -0.359328755439451086E+01    0.124855689774663924E-03
    0.374477695812396516E-02    0.484517766692073337E+01    0.270144455134868622E+03   -0.745544433593750000E-01   -0.472800970077514648E+01    0.286724320793151854E+00
    0.379117351691288327E-02    0.480492557035204904E+01    0.319367327758241913E+03   -0.228579502680616109E+00   -0.470794107328080180E+01    0.184810442425691834E+00
    0.376638942569885397E-02    0.480241812173628801E+01    0.345843586527322884E+03   -0.161581960101902533E+01   -0.382464745742888734E+01    0.127043486646272966E-01
    0.378104962855714197E-02    0.477902348162905177E+01    0.148529698081471849E+03    0.396087701452129792E+00   -0.449628847447606717E+01    0.103446873646100501E+00
    0.376431034026524164E-02    0.477227244699213671E+01    0.339794979737576000E+03   -0.161356712474196362E+01   -0.460679377850952765E+01    0.235292965305929719E+00
    0.376974761168599390E-02    0.475376067739232155E+01    0.143866014480590820E+03    0.283885240554809570E+00   -0.303616583347320557E+01    0.133118491959571844E+00
    0.378241904299594619E-02    0.473142425600547423E+01    0.348737175762653351E+03   -0.111303031444549561E+01   -0.485669851303100586E+01    0.248160267162323006E+00
    0.380147298361469986E-02    0.470574954504269094E+01    0.156923582113640691E+03   -0.127994227972666685E+01   -0.370272222149666108E+01    0.469553667678983266E+00
    0.379292803460012495E-02    0.469462520419938123E+01    0.313779707300718087E+03   -0.150597151621000203E+01   -0.411643892080176244E+01    0.130538137790865427E+00
    0.383839862163400753E-02    0.465516627481710277E+01    0.189929846799989235E+03   -0.102251650339861366E+01   -0.430464434382198835E+01    0.484175907241705228E+00
    0.388985323752538735E-02    0.461290892527323315E+01    0.156343845329254236E+03    0.149078109018408789E+00   -0.294834896999830409E+01    0.696113543529259110E-01
    0.387823227534116665E-02    0.460326788146637611E+01    0.263574230952403695E+03   -0.563424529575947908E+00   -0.374658763169249820E+01    0.541704317088652978E-01
    0.392471139115782141E-02    0.456381614759408194E+01    0.165699777985752178E+03    0.625859186413625590E+00   -0.456767196823230570E+01    0.117940244145482681E+00
    0.390102619914295965E-02    0.456029748980759653E+01    0.144052222138607789E+03   -0.773633254207077403E+00   -0.383812372803642754E+01    0.508726963285700773E+00
    0.387073933888274846E-02    0.456026071795708532E+01    0.197935070097446442E+03   -0.829560160636901855E-01   -0.466736555099487305E+01    0.462301606392860442E+00
    0.385783832101784614E-02    0.455131277053532735E+01    0.253138660741048966E+03   -0.122390671614300106E+01   -0.334235465308179380E+01    0.216662720437288681E-01
    0.384213814822460201E-02    0.454384374068080721E+01    0.308611236773503435E+03    0.193926747892687157E+00   -0.494292044949246545E+01    0.161747456446377669E+00
    0.381254396934931333E-02    0.454368343320313350E+01    0.244971600993218431E+03   -0.185258592847419412E+01   -0.456281856740860370E+01    0.671444354431436352E-01
    0.381778800721565897E-02    0.452530938442879371E+01    0.300473780502785189E+03   -0.111673500458403785E+01   -0.411590182292398588E+01    0.112595442130843063E+00
    0.380442493679168095E-02    0.451669709016827881E+01    0.243833504005711347E+03   -0.171002211009910643E+01   -0.349628800523749916E+01    0.126170541412018583E+00
    0.379187696107896079E-02    0.450767950903831860E+01    0.130334206950028175E+03    0.555542765099227065E+00   -0.383756170714780520E+01    0.211008156233943533E+00
    0.378514874278909489E-02    0.449560641466526434E+01    0.131773198951325099E+03   -0.179485719485948381E+01   -0.432779368147274734E+01    0.421238831195116514E+00
    0.377250560554392945E-02    0.448667298771516165E+01    0.248285698031935112E+03   -0.115653631126305911E+01   -0.375178826991554981E+01    0.139157523617857631E+00
    0.374628917125161996E-02    0.448499519139078018E+01    0.242386488616466522E+03   -0.989528894424438477E+00   -0.484232664108276367E+01    0.883911784172058124E-01
    0.374415806405369034E-02    0.447050823145086795E+01    0.289477350954149756E+03   -0.149631157239578982E+01   -0.420190996945657602E+01    0.191672273630009410E+00
    0.373630333465275240E-02    0.445908336396625771E+01    0.261514590279796153E+03    0.836031517623707643E-01   -0.451993104389965961E+01    0.174851938794392064E+00
    0.371097615750797232E-02    0.445706186834162565E+01    0.283907882640734613E+03   -0.988505991645127979E+00   -0.431761298423399786E+01    0.191451984330974101E+00
    0.368217609347221315E-02    0.445701896850099999E+01    0.283694103360176086E+03   -0.183027017116546631E+01   -0.401413559913635254E+01    0.174258363604545607E+00
    0.366346811511669614E-02    0.445158124045301662E+01    0.157823763454977666E+03   -0.189408809984174642E+01   -0.433475930584580382E+01    0.310915311902034863E+00
    0.363718465071752057E-02    0.445035691326805960E+01    0.316646207869052887E+03   -0.547633171081542969E-01   -0.489956915378570557E+01    0.183913228797912609E+00
    0.361082953739208252E-02    0.444927671342802533E+01    0.167310646872956681E+03   -0.100473151410950146E+01   -0.484205105930966084E+01    0.347110356071011372E+00
    0.359479908228179258E-02    0.444255057980220514E+01    0.275007864009231980E+03   -0.139414835580722096E+01   -0.464581686831600571E+01    0.333995424870347335E+00
    0.357381064226643987E-02    0.443863691619475098E+01    0.246480686155395574E+03   -0.131573933240296581E+01   -0.496186291531066814E+01    0.496858634615196193E+00
    0.356486590074233832E-02    0.442802390750787467E+01    0.220235164741523420E+03   -0.124645110958371363E+01   -0.392326993953124381E+01    0.272037888474702338E+00
    0.354406080146913533E-02    0.442410540529250973E+01    0.157542478040821152E+03   -0.953332755307547020E+00   -0.497818764429562322E+01    0.423057762968257201E+00
    0.355878386221928711E-02    0.440018903329495892E+01    0.270445841550827026E+03   -0.112787258625030518E+01   -0.493426620960235596E+01    0.400498691725730938E+00
    0.357030910643161116E-02    0.437809742986945150E+01    0.218071638941222886E+03    0.460303309331082655E+00   -0.477923614166185828E+01    0.226443392112556291E+00
    0.354447831879377284E-02    0.437699480395462714E+01    0.162604936115825012E+03    0.171857952732787922E+00   -0.470991637054731171E+01    0.190731957505316324E+00
    0.354857913984391428E-02    0.435905722068234702E+01    0.243672669979516883E+03   -0.135535995489379824E+01   -0.375377145559495418E+01    0.153041566993980804E+00
    0.353209636477243858E-02    0.435274365139747488E+01    0.186796955793245559E+03   -0.975420121299283682E+00   -0.414541222156235012E+01    0.704873122029594373E-01
    0.352683258714902746E-02    0.434010141472312583E+01    0.265963463017490938E+03   -0.186530997874709881E+01   -0.392748689289252928E+01    0.178728513976859710E+00
    0.350088051948274940E-02    0.433924775512484295E+01    0.167162011404982223E+03   -0.746225980128416788E+00   -0.274638305083397727E+01    0.617834871748943887E-01
    0.349062398286020988E-02    0.432949075905835912E+01    0.139069656891170524E+03   -0.120847632289976170E+01   -0.234397106746930772E+01    0.107229798773078866E+00
    0.349716104549115765E-02    0.431012376384161211E+01    0.136734408185217433E+03    0.235078607882828639E+00   -0.292863683648163686E+01    0.965716484767247391E-01
    0.350177743412446573E-02    0.429186042700454529E+01    0.248495139846827982E+03   -0.921079674818269467E+00   -0.367009856507194598E+01    0.712712150153579638E-01
    0.354080520787115882E-02    0.425406846056289911E+01    0.143642381538054593E+03    0.355184398315655514E-01   -0.413358224796052909E+01    0.148892475118460238E+00
    0.351762306145406980E-02    0.425158079306047476E+01    0.189174481151262626E+03   -0.677171970248338972E+00   -0.320204586855511897E+01    0.879400652863169541E-01
    0.349576316859287603E-02    0.424842335890317813E+01    0.236715205654034946E+03   -0.141197456707075331E+01   -0.496708247282715121E+01    0.203482533123253623E+00
    0.348825577824837937E-02    0.423709811426938288E+01    0.164458289263764129E+03   -0.975650430416794556E-01   -0.447592807102328916E+01    0.188033071978713828E+00
    0.348613828254690054E-02    0.422268755426120634E+01    0.135215707996275086E+03    0.500786609676041827E+00   -0.372807306457846499E+01    0.165558124130172540E+00
    0.346003134244485689E-02    0.422209648774798918E+01    0.194135648508788478E+03   -0.254931179250754703E-01   -0.436668806799006948E+01    0.326592970661168588E-01
    0.344877544139589234E-02    0.421298833580010346E+01    0.166995455998117109E+03   -0.139190905527548425E+01   -0.311044703452388571E+01    0.208647872497709330E+00
    0.342263894562245662E-02    0.421257803271593723E+01    0.300867979228496552E+03   -0.182217615842819214E+01   -0.495919942855834961E+01    0.367266893219947821E+00
    0.339937496237528464E-02    0.421059362257143555E+01    0.179145980183401292E+03   -0.135973240661447781E+01   -0.369678797251767843E+01    0.317040680584891765E+00
    0.338832595911302747E-02    0.420147981871812526E+01    0.183036740124225616E+03   -0.177219533920288086E+01   -0.432837665081024170E+01    0.221299095940589913E+00
    0.337413771744937176E-02    0.419424718171543187E+01    0.291539113766663718E+03   -0.137721081573716742E+01   -0.477499106535918560E+01    0.304447971837696452E+00
    0.338707560064145522E-02    0.417096799399805462E+01    0.143050275184551708E+03   -0.339529904396669968E+00   -0.283874592440405316E+01    0.128740468269487790E+00
    0.337281101466973664E-02    0.416378373151706249E+01    0.212777567029429235E+03   -0.167711121625539983E+01   -0.408746404285075027E+01    0.614185789789735981E-01
    0.334756899691537272E-02    0.416318296313210912E+01    0.215703076268562114E+03   -0.188992668853518797E+01   -0.345352142228360215E+01    0.168783357717836757E+00
    0.333015786490310859E-02    0.415798736333236185E+01    0.174852767765141436E+03   -0.169462725234670963E+01   -0.425320379440772456E+01    0.237871131397414698E+00
    0.332041497003074133E-02    0.414822225064376671E+01    0.180406265010809761E+03   -0.193720452607951010E+01   -0.448352949693406000E+01    0.297146587768658821E+00
    0.329785593805393979E-02    0.414623169967642546E+01    0.133969999047574618E+03   -0.963726449802468688E+00   -0.448160693908514673E+01    0.428824680851156825E+00
    0.328086290980683301E-02    0.414093884271703239E+01    0.289284897465181075E+03   -0.179202065858934034E+01   -0.385851753797789732E+01    0.761691276097484354E-01
    0.327276926576978858E-02    0.413025378925964581E+01    0.129435592637870513E+03   -0.178921947273602355E+01   -0.275827275156597151E+01    0.298860276886481369E+00
    0.325711795414135741E-02    0.412421630039035492E+01    0.228316305314059122E+03   -0.416464246342892919E+00   -0.408886885909433850E+01    0.176522916922151357E+00
    0.323459055400875323E-02    0.412247207801990623E+01    0.332919759614506461E+03   -0.170152985631595755E+01   -0.459695062983155633E+01    0.174697072805804515E+00
    0.321357387609654812E-02    0.411988443310726016E+01    0.196801617931959129E+03   -0.161243664989225177E+01   -0.404132705578303675E+01    0.102149188739334346E+00
    0.322309039498421121E-02    0.409834548425363554E+01    0.191210200113374469E+03    0.434157408232677788E+00   -0.451473012967063614E+01    0.212661860353562437E+00
    0.321503819097860221E-02    0.408772330959128283E+01    0.152674730755932700E+03   -0.100609261311019771E+01   -0.430294718836460177E+01    0.299007792403409023E+00
    0.320071789600504843E-02    0.408102652853288106E+01    0.277356756096954769E+03   -0.167994731398712460E+01   -0.369412003837489955E+01    0.339834414712766389E-01
    0.318491721716840717E-02    0.407529918839245298E+01    0.236857804417369493E+03   -0.145025800481766409E+01   -0.379712987275811331E+01    0.150785077579455612E+00
    0.316281243971022101E-02    0.407360349414734202E+01    0.223096770138224059E+03   -0.137779851289360900E+01   -0.327133182254419319E+01    0.382711405364610652E-01
    0.316347252661293606E-02    0.405756113267303409E+01    0.180468954145908356E+03    0.490760803222656250E-01   -0.388320147991180420E+01    0.187134758377075189E+00
    0.314685737586777470E-02    0.405246819004449499E+01    0.200327882185530200E+03    0.176879695708007656E+00   -0.444436596562645558E+01    0.234958819396437896E-01
    0.312390559464597890E-02    0.405148375855068110E+01    0.322356610133399840E+03   -0.582037629192300621E+00   -0.445883415561570118E+01    0.552355847773472672E-01
    0.310824475459487576E-02    0.404591042427647807E+01    0.190078088641166687E+03   -0.185428023338317871E+01   -0.395629405975341797E+01    0.126948340272903443E+00
    0.309026453112229557E-02    0.404188839077961681E+01    0.137859116798205662E+03   -0.166571720765951059E+01   -0.248161388889276413E+01    0.149676671857238125E+00
    0.307527824332788592E-02    0.403598601722538142E+01    0.200907088577079776E+03   -0.150672323089767901E+01   -0.385079953024690358E+01    0.280912170963556973E+00
    0.305440378036535287E-02    0.403398295949110608E+01    0.133305495618111905E+03    0.310982102741150790E+00   -0.384870195857770270E+01    0.104246609699490095E+00
    0.304344293233840867E-02    0.402554794661159576E+01    0.134081540301510472E+03   -0.122424175575266414E+01   -0.414924047086192260E+01    0.374088436379876432E+00
    0.302014146256735687E-02    0.402529443842645662E+01    0.299286572920094613E+03   -0.920724842192314652E+00   -0.418130755770320128E+01    0.512325839226394908E-01
    0.299703967501395571E-02    0.402502672984576737E+01    0.127438799915947087E+03    0.265568707117747937E+00   -0.336946765986945351E+01    0.220036346609362443E+00
    0.297807600706821154E-02    0.402209686923908816E+01    0.125097731344582655E+03   -0.198024174616995730E+01   -0.365816755998932308E+01    0.342877413746339565E+00
    0.295892369688861932E-02    0.401937561023401280E+01    0.181416011348655445E+03   -0.832887564957220272E+00   -0.353378752310863353E+01    0.183642117017846995E+00
    0.293828589384179670E-02    0.401774901879053203E+01    0.145095539093017578E+03    0.177076995372772217E+00   -0.307621479034423828E+01    0.687561016559600918E-01
    0.292445764291331557E-02    0.401155869829541967E+01    0.191254505515098572E+03   -0.295787155628204346E+00   -0.481784522533416748E+01    0.475945103502273592E+00
    0.290689287694681020E-02    0.400798224110081946E+01    0.263244364616497023E+03   -0.832575957849257753E+00   -0.441729623950669481E+01    0.192174149657457494E+00
    0.288571690318057284E-02    0.400698005803693214E+01    0.211774322518274943E+03   -0.818809713821505802E+00   -0.495543098722650743E+01    0.265224527073545713E+00
    0.287018020588794250E-02    0.400215214820865928E+01    0.176612332120653093E+03   -0.147215944293402545E+01   -0.298215350307513205E+01    0.989253396293680448E-01
    0.285061628581847071E-02    0.400020635974138816E+01    0.199575538038328460E+03   -0.605391375056742564E+00   -0.472360581770682053E+01    0.220450718062839029E+00
    0.282975141993872890E-02    0.399927404218589100E+01    0.330833343716426498E+03   -0.635928889344531845E+00   -0.497137289318320086E+01    0.176069213828427940E+00
    0.282724849280288669E-02    0.398541883348004955E+01    0.322918974585874594E+03   -0.115924371999745590E+01   -0.465974538464519483E+01    0.149281021976950784E+00
    0.280525603094234450E-02    0.398541215995036691E+01    0.277916590727144353E+03   -0.163695940158963116E+01   -0.454767432108179825E+01    0.255040505556736741E+00
    0.279001695399816235E-02    0.398068143779203298E+01    0.163098126888099387E+03   -0.702731582111853825E+00   -0.498194097137823011E+01    0.443027225889453646E+00
    0.277216422639078516E-02    0.397789513422039498E+01    0.202785683961079485E+03   -0.192215204570930243E+01   -0.442375349122087780E+01    0.462283281597863305E+00
    0.275722587185121522E-02    0.397307667209767246E+01    0.275736566610587204E+03   -0.886759558925276359E+00   -0.401043444237314262E+01    0.429307724802582627E-01
    0.273986692383183621E-02    0.397008308027349388E+01    0.217564771966941805E+03   -0.349715082002622246E+00   -0.389765323853047629E+01    0.124409921391566994E+00
    0.272656601732678772E-02    0.396419088621653071E+01    0.172153596580028534E+03   -0.155356955528259277E+01   -0.435067772865295410E+01    0.301451361894607528E+00
    0.270803376278954842E-02    0.396220613729022419E+01    0.209300742642167336E+03   -0.133054989840364035E+01   -0.418046000162905962E+01    0.319665124875044615E+00
    0.269941942185401374E-02    0.395295334093476569E+01    0.147806249012120929E+03    0.329765280487926304E+00   -0.427156595260314820E+01    0.173490259555294679E+00
    0.270117044667673480E-02    0.393603142713335652E+01    0.215969626605510712E+03   -0.876720190048217773E+00   -0.346203446388244629E+01    0.476907086133956937E-01
    0.268424012051193253E-02    0.393298142525361882E+01    0.239117486188173473E+03   -0.115219942744346815E+01   -0.376003018016506552E+01    0.842856484658308786E-01
    0.266792525714341748E-02    0.392954955663130612E+01    0.135389790738714623E+03   -0.181693670466211632E+01   -0.367855879129592855E+01    0.297597773956452816E+00
    0.265008474719913376E-02    0.392734354370151539E+01    0.227169235628066872E+03   -0.116655506746182192E+01   -0.374982281964860098E+01    0.117854123006452330E+00
    0.262996699096906166E-02    0.392695919252820591E+01    0.311191605173227686E+03   -0.157666779024006498E+01   -0.497731456255750082E+01    0.281267046912325402E+00
    0.260966839604173315E-02    0.392683045894956884E+01    0.191258312761190666E+03   -0.146151428621817359E+01   -0.454806918932259929E+01    0.488339987235429485E+00
    0.259176066483888341E-02    0.392497690656399900E+01    0.215772349297424654E+03   -0.193827287212807908E+01   -0.378775345249095352E+01    0.273567453386045316E-01
    0.258586817711285938E-02    0.391390417591343942E+01    0.197194168994384114E+03   -0.197812304425924168E+01   -0.392269052227731230E+01    0.132163850860201298E+00
    0.256689107168059242E-02    0.391301084903612839E+01    0.154242525102204894E+03   -0.184650672768563595E+01   -0.400896000908682204E+01    0.309765372840390019E+00
    0.255100626520501526E-02    0.390980099255200164E+01    0.220538721894788978E+03   -0.982101891643662572E+00   -0.367173273637296749E+01    0.977940215683883174E-01
    0.254115972558204874E-02    0.390191065942112214E+01    0.199097508473729135E+03   -0.156370905233755364E+01   -0.472973211665127113E+01    0.328569830981611466E+00
    0.252956703008923745E-02    0.389543047534096099E+01    0.127907547099485569E+03   -0.957964812097445773E+00   -0.375629689523467158E+01    0.486764375576650865E+00
    0.251499817967814222E-02    0.389135762329452284E+01    0.127294160425662994E+03   -0.654143154621124268E+00   -0.470398366451263428E+01    0.547476884651184048E+00
    0.249850787071468489E-02    0.388888937887906128E+01    0.205360214009648274E+03   -0.541626848931939131E+00   -0.444257192477826557E+01    0.135235791797545024E+00
    0.248620390364210578E-02    0.388313776182901282E+01    0.183242769287520161E+03   -0.155615594987378447E+01   -0.404907067672489962E+01    0.361956894776668980E+00
    0.246733510891981953E-02    0.388274945295844542E+01    0.252909652888774872E+03   -0.138342577219009399E+01   -0.484692573547363281E+01    0.366536160349845874E+00
    0.246758037821288813E-02    0.386692564972146791E+01    0.147831865120493916E+03   -0.127558956962177228E+01   -0.405161887199603399E+01    0.314921118916548504E+00
    0.245313309128191229E-02    0.386304474214504445E+01    0.132037422890368589E+03    0.161294920368994177E+00   -0.320495551477960783E+01    0.140383258067352690E+00
    0.244267225470001228E-02    0.385596653006833678E+01    0.172123692268005641E+03   -0.437051457201649285E+00   -0.350816992195425392E+01    0.151454396834645705E+00
    0.242429216493607238E-02    0.385544760075929549E+01    0.194770312760480664E+03    0.416768481220438858E+00   -0.444192364901122794E+01    0.116215554316652286E+00
    0.240548589165783845E-02    0.385539794861541818E+01    0.257511125616352274E+03   -0.124472376034734933E+01   -0.428579396598955586E+01    0.768852859166690474E-02
    0.239488868702386571E-02    0.384860327772838318E+01    0.270803826536619738E+03   -0.149599355702901571E+01   -0.427066401759541936E+01    0.153313077061186021E+00
    0.251905320082377411E-02    0.374749020388198328E+01    0.141518181020368843E+03   -0.159883833961634858E+01   -0.308245098826688002E+01    0.231296566642118701E+00
    0.256077824737913117E-02    0.371463400746580064E+01    0.146403396720702290E+03   -0.184661510975718923E+01   -0.316795572903675815E+01    0.162604502760830355E+00
    0.240797363964003440E-02    0.383768527702803386E+01    0.143449790540902654E+03   -0.176049557453042760E+01   -0.262460543499596710E+01    0.129601424455851599E+00
    0.258733426644605765E-02    0.369400022796457161E+01    0.132876706851989212E+03   -0.168967478776101587E+01   -0.260241779995607070E+01    0.110206868075591560E+00
    0.252752483158889341E-02    0.374077544495552816E+01    0.141053697557588663E+03   -0.160052317119940768E+01   -0.311977801504962393E+01    0.141525529509223591E+00
    0.258746399386292807E-02    0.369389995165591678E+01    0.168224705321298927E+03   -0.136858406258376952E+01   -0.306682348798842064E+01    0.622059773823974704E-01
    0.240203579865891749E-02    0.384262318334491226E+01    0.134076281187871416E+03   -0.160118799705775805E+01   -0.267894635399804759E+01    0.136880224834019966E-01
    0.252308199283014832E-02    0.374429410325475054E+01    0.230942256613776635E+03   -0.152466348835836918E+01   -0.354746835262492155E+01    0.268278297948951611E-01
    0.260103888349794967E-02    0.368343456622165100E+01    0.212093809959940216E+03   -0.182618227681754020E+01   -0.357201568044685525E+01    0.616579539307261434E-01
    0.260214182927520849E-02    0.368258666502069953E+01    0.218436805687972821E+03   -0.195082852576316523E+01   -0.364012344282386824E+01    0.755477227905816395E-01
    0.253964398519106399E-02    0.373120862202257264E+01    0.214779717741244042E+03   -0.187817676439672931E+01   -0.339995802708823547E+01    0.592375521382988574E-01
    0.259864232790210821E-02    0.368527818368057192E+01    0.190782374990833972E+03   -0.146422064803613283E+01   -0.342580731427292662E+01    0.758655887790291861E-01
    0.259332637982384942E-02    0.368937370138118670E+01    0.201002735941403387E+03   -0.945508288194707225E+00   -0.346180420063335959E+01    0.191452811522816839E-01
    0.243028137072488683E-02    0.381924235567260650E+01    0.182644293918400649E+03   -0.991050670095603881E+00   -0.358249670957909538E+01    0.115143860141248503E-01
    0.258959160628967257E-02    0.369225607319614912E+01    0.223660505027414558E+03   -0.117515730168933041E+01   -0.376485092343133232E+01    0.558072560313788227E-01
    0.259662231000430156E-02    0.368683345998728118E+01    0.224261184335426321E+03   -0.160637939107910332E+01   -0.403618435024082434E+01    0.159245410228257639E+00
    0.252110035077678053E-02    0.374586553110594966E+01    0.201649205386638641E+03   -0.893678903579711914E+00   -0.368874251842498779E+01    0.109906720376014719E+00
    0.245594892710416764E-02    0.379823000798336796E+01    0.210480499377650233E+03   -0.682007993232520704E+00   -0.405308907527383244E+01    0.430877943649862344E-01
    0.255416285260259618E-02    0.371980739917128078E+01    0.198002161328596003E+03   -0.100985438574847852E+01   -0.389070475998463472E+01    0.975284844350040314E-01
    0.259753930794969119E-02    0.368612728407488754E+01    0.179097267207029404E+03   -0.108104978563050169E+01   -0.371954264379687594E+01    0.166681948137288788E+00
    0.250289465881049951E-02    0.376036058663193451E+01    0.215450592339038849E+03   -0.187191736698150635E+01   -0.413024246692657471E+01    0.165004893136024483E+00
    0.244700332719070910E-02    0.380552814949151053E+01    0.178622649867509494E+03   -0.196356511751687934E+01   -0.353283247882242968E+01    0.998053870130998499E-01
    0.247004876574541963E-02    0.378678065049114121E+01    0.172132501006126404E+03   -0.142296546697616577E+01   -0.377731144428253174E+01    0.166311259818077095E+00
    0.241989453540241871E-02    0.382780852020122797E+01    0.187114773458530323E+03   -0.154272917449168556E+01   -0.345425776163354925E+01    0.164713376396071226E+00
    0.260185652221945132E-02    0.368280596336537513E+01    0.156196595563928838E+03   -0.107255718412033829E+01   -0.295796141559862713E+01    0.177305282625898272E-01
    0.252888005778265654E-02    0.373970335816195210E+01    0.129659814914400698E+03   -0.112409668600024548E+01   -0.315082591420045066E+01    0.167064787819441035E+00
    0.260563940568491522E-02    0.367990024116549597E+01    0.216207675928612588E+03   -0.102949451695732863E+01   -0.380488176143639034E+01    0.553968334073830296E-01
    0.246563780269012846E-02    0.379035540279232208E+01    0.216101406314711880E+03   -0.109415066849310172E+01   -0.340490440467019440E+01    0.149903328154321336E-01
    0.255996314077720126E-02    0.371527071730684089E+01    0.171755811329827708E+03   -0.179562283494520902E+01   -0.328854903365258799E+01    0.859678921834460125E-01
    0.253873746710457171E-02    0.373192264329461398E+01    0.141989319081891495E+03   -0.192812140011566968E+01   -0.295641899845020895E+01    0.211697483676181158E+00
    0.256843788745085956E-02    0.370866066139171435E+01    0.183272138950790605E+03   -0.184729509709718176E+01   -0.442696548490645903E+01    0.435977835343138165E+00
    0.247959596254477372E-02    0.377906518066358554E+01    0.192027422673893227E+03   -0.180937442719907882E+01   -0.413748034522605224E+01    0.231003716857828029E+00
    0.252092370850997812E-02    0.374600566710275995E+01    0.150637688255097089E+03   -0.176287692380180117E+01   -0.346727644834301163E+01    0.312974632488416060E+00
    0.259340981397594532E-02    0.368930935713926988E+01    0.154870466600016243E+03   -0.179868064671408190E+01   -0.400554162919138523E+01    0.383936122456084550E+00
    0.254781175536303610E-02    0.372478672659498722E+01    0.193098430659325913E+03   -0.182488834348556450E+01   -0.370775223243450380E+01    0.210850745794729733E+00
    0.256889191857357290E-02    0.370830714612908707E+01    0.152444461419919236E+03   -0.176570063695739976E+01   -0.382255560909624847E+01    0.389741064179747132E+00
    0.248508048438458471E-02    0.377464634360178941E+01    0.192633025178000935E+03   -0.179962884186854355E+01   -0.392571161064684482E+01    0.293138328612318977E+00
    0.249744724383809498E-02    0.376471822235643083E+01    0.180977705622650888E+03   -0.180943541662594454E+01   -0.400393324453515653E+01    0.344364003101771787E+00
    0.254105940939285862E-02    0.373009426904544483E+01    0.157334994730697474E+03   -0.647117984621268905E+00   -0.441688133767204860E+01    0.457197748105952428E+00
    0.260586325517876780E-02    0.367972842930349930E+01    0.130515866702626624E+03   -0.989010574424335154E+00   -0.363663811085300726E+01    0.347519230421730885E+00
    0.252981373843533036E-02    0.373896508009975870E+01    0.149075573513169616E+03   -0.117620262682767596E+01   -0.421745639388834981E+01    0.388227987611228953E+00
    0.244384906542853119E-02    0.380810787338934187E+01    0.126399406225710337E+03   -0.756364739732229285E+00   -0.404273107912082530E+01    0.388867389595985546E+00
    0.244649380407236305E-02    0.380594463946301564E+01    0.131797340876063146E+03   -0.101846647537090362E+01   -0.364018644180231865E+01    0.414055840528024854E+00
    0.258554768784339476E-02    0.369538172376477725E+01    0.147281267776852417E+03   -0.101111142817494493E+01   -0.379452745139885028E+01    0.282195824918884564E+00
    0.260725815432294320E-02    0.367865813067210956E+01    0.146491493528749430E+03   -0.884274622274547228E+00   -0.427770136104844489E+01    0.440544202251843209E+00
    0.260305010609742076E-02    0.368188868743009046E+01    0.134698407736137256E+03   -0.922581743891547568E+00   -0.395917903152876782E+01    0.421158975768221533E+00
    0.249352493324906917E-02    0.376786174731096324E+01    0.192060154538357892E+03   -0.894320276109688006E+00   -0.475239949544643636E+01    0.455814307501739957E+00
    0.259849047740066215E-02    0.368539505620023311E+01    0.214453449686198525E+03   -0.126829834171811751E+01   -0.489257177748801375E+01    0.381699215390787938E+00
    0.256293855674715387E-02    0.371294748997966728E+01    0.210525567489235925E+03   -0.814316665521618965E+00   -0.435849337746244547E+01    0.251501226834654423E+00
    0.254016654847916308E-02    0.373079713951827019E+01    0.188007134930203108E+03   -0.892155424847552059E+00   -0.471541392085849331E+01    0.346513903869219486E+00
    0.254875984333194448E-02    0.372404262796987595E+01    0.247300332644760147E+03   -0.170909351974275792E+01   -0.385515016287802226E+01    0.764751092416170036E-01
    0.260218591616776613E-02    0.368255278022734123E+01    0.220616438588778834E+03   -0.196439924496917806E+01   -0.418564663054528641E+01    0.226835376965858787E+00
    0.257973048003078999E-02    0.369988658107001633E+01    0.268005361892341227E+03   -0.122955095968426376E+01   -0.499940130747757561E+01    0.291226241282797615E+00
    0.240826158735276243E-02    0.383744612947854691E+01    0.304200218987918447E+03   -0.699302104738275920E+00   -0.488872505464260687E+01    0.179566380477070464E+00
    0.247468255739938161E-02    0.378303218149852238E+01    0.294512605667114258E+03   -0.169725441932678223E+01   -0.453371405601501465E+01    0.174372794365882877E+00
    0.249376371367497239E-02    0.376767023609676333E+01    0.329690474271774292E+03   -0.157849246263504028E+01   -0.444755613803863525E+01    0.572208053827285776E-01
    0.253743498419789796E-02    0.373294899371730216E+01    0.257860554754734039E+03   -0.152097427845001221E+01   -0.450319945812225342E+01    0.130083688545227061E+00
    0.258437358784799646E-02    0.369629013219343294E+01    0.277526631951332092E+03   -0.182043290138244629E+01   -0.462196946144104004E+01    0.157400706338882451E+00
    0.248684732649262713E-02    0.377322488918843124E+01    0.273206990090085583E+03   -0.925705513798771751E+00   -0.420297902735429574E+01    0.595799771546767915E-01
    0.252287564314617819E-02    0.374445767948663466E+01    0.297062385223108663E+03   -0.486837537233953732E+00   -0.443136931224780550E+01    0.230590290218317603E-01
    0.250244306148263282E-02    0.376072147922646272E+01    0.346487634060998460E+03   -0.101184352092364072E+01   -0.472898997351503336E+01    0.619797275973744052E-01
    0.257804843576649699E-02    0.370119105289898309E+01    0.339687813156290474E+03   -0.175615787512717336E+01   -0.475306834986692905E+01    0.107688023498880833E+00
    0.259744298480046182E-02    0.368620145037137359E+01    0.321206868201104555E+03   -0.880433390618163170E+00   -0.455963357045805751E+01    0.755090758475014060E-02
    0.256935619348005280E-02    0.370794571951237550E+01    0.322418605931780803E+03   -0.682028243497742048E+00   -0.470816334984872320E+01    0.471463352688158421E-01
    0.252616001439184184E-02    0.374185570007378443E+01    0.272163776408524200E+03   -0.169331442307209956E+01   -0.440646878773393169E+01    0.171084767429414059E+00
    0.259563578423535266E-02    0.368759345747809597E+01    0.344966163828754247E+03   -0.140635706295828289E+01   -0.469510177668520612E+01    0.458944237115223932E-01
    0.253904334284516800E-02    0.373168169099484714E+01    0.323199219979152190E+03   -0.191063796374745554E+01   -0.476348034163690670E+01    0.839337681537242059E-01
    0.247449182073004913E-02    0.378318633785257497E+01    0.236928502316287108E+03   -0.123069975614975657E+01   -0.490504947867134344E+01    0.257686038683737628E+00
    0.256668155983238392E-02    0.371002875240108088E+01    0.313024791393565465E+03   -0.189431078241110873E+01   -0.465460078412865297E+01    0.145953171868953485E+00
    0.252716504745384776E-02    0.374106015807879411E+01    0.260544006040794557E+03   -0.111154833401999009E+01   -0.499565629096008124E+01    0.224470109961637299E+00
    0.258554634415345376E-02    0.369538276315019854E+01    0.277988191348498049E+03   -0.110734709640166118E+01   -0.462649201313049119E+01    0.994440092776175816E-01
    0.245679016354440928E-02    0.379754506507641132E+01    0.221889744172872867E+03   -0.131092903133040828E+01   -0.450692745349208401E+01    0.194950474477899260E+00
    0.257445100266864152E-02    0.370398382073943733E+01    0.288679918651964215E+03   -0.175213944508085162E+01   -0.428773418150810226E+01    0.313026824245102586E-01
    0.243877562299363825E-02    0.381226419879591116E+01    0.270534368139642254E+03   -0.177374284077649236E+01   -0.415802924835204379E+01    0.134364011877459166E+00
    0.239795243226482947E-02    0.384602599783751486E+01    0.283182033238420672E+03   -0.190536358750910662E+01   -0.423193964444482162E+01    0.147335155930398254E+00
    0.249196896117022349E-02    0.376911014689769841E+01    0.250338219106197357E+03   -0.175440514087677002E+01   -0.410760939121246338E+01    0.433717491388320928E-01
    0.252546017931394454E-02    0.374240984710427238E+01    0.266302606463432312E+03   -0.163339066505432129E+01   -0.378051936626434326E+01    0.448971855640411394E-02
    0.255853422990400545E-02    0.371638738167673832E+01    0.267226687277511132E+03   -0.185556800794213084E+01   -0.398061797539771067E+01    0.636939016817625880E-01
    0.259180993853013429E-02    0.369054353858031980E+01    0.260686931515545609E+03   -0.100351245457137361E+01   -0.408704025621088185E+01    0.263358371336076813E-01
    0.253170630567203401E-02    0.373746942874727228E+01    0.229093146415090814E+03   -0.846686349533524840E+00   -0.413296270570108693E+01    0.427033764323800774E-01
    0.260314320475018776E-02    0.368181715827454914E+01    0.243138986721449044E+03   -0.131272030996760636E+01   -0.422228035507689459E+01    0.122743147688915921E+00
    0.260538909104126920E-02    0.368009238338386391E+01    0.286731091703433663E+03   -0.101040932862856025E+01   -0.435268860431844828E+01    0.195480987756501759E-01
    0.259522293940549686E-02    0.368791158968141808E+01    0.230588813901946821E+03   -0.870044859926148773E+00   -0.417926682590009957E+01    0.121588580677797570E+00
    0.259712357022396723E-02    0.368644741089456041E+01    0.233950991433539571E+03   -0.190903102187245510E+01   -0.492288616538948443E+01    0.403483776379323922E+00
    0.253434762323750127E-02    0.373538392563825150E+01    0.252069601037666956E+03   -0.149898990325005821E+01   -0.492594033363481643E+01    0.357188639725561974E+00
    0.259295196002603135E-02    0.368966247863063845E+01    0.253339388929269546E+03   -0.192296343464757391E+01   -0.496248376162530302E+01    0.333803534404559066E+00
    0.258312698905426713E-02    0.369725508521035895E+01    0.239534343867748248E+03   -0.142209592607586055E+01   -0.496211430846523793E+01    0.322589571570405909E+00
    0.241167054734562529E-02    0.383461707673174068E+01    0.236547636816101146E+03   -0.194233806401761844E+01   -0.452159822227899255E+01    0.192124855976749664E+00
    0.260284756287173938E-02    0.368204431340559690E+01    0.334776375720671240E+03   -0.125092077181074868E+01   -0.498637000236970884E+01    0.108022681955589353E+00
    0.259800136178466598E-02    0.368577155298504655E+01    0.263845956565062238E+03   -0.180559772472410640E+01   -0.414800018325784237E+01    0.910343351745831891E-01
    0.258623531372605955E-02    0.369484989488757209E+01    0.242458021621165244E+03   -0.128878300557398862E+01   -0.447839079200383061E+01    0.214745389977079593E+00
    0.251015032809547532E-02    0.375457115177113687E+01    0.311426244641618723E+03   -0.651976345042691863E+00   -0.451279072745511378E+01    0.287526851240779840E-01
    0.260959862979276381E-02    0.367686358217388287E+01    0.292899354960559435E+03   -0.351046241230870804E+00   -0.477774838454791695E+01    0.616666587495463617E-01
    0.260134972301617447E-02    0.368319556868255171E+01    0.294461494411299554E+03   -0.361889491240615424E+00   -0.470485938554039418E+01    0.599080146956011833E-01
    0.259436050052629097E-02    0.368857633581923761E+01    0.249966063769633365E+03   -0.399030667727970467E+00   -0.427963909149525801E+01    0.116696678923639639E-01
    0.246774031528164232E-02    0.378865067822547852E+01    0.234091500437723198E+03   -0.725435468525731375E+00   -0.447473386143877239E+01    0.229861601551827666E+00
    0.261023883876489518E-02    0.367637298530821655E+01    0.211620410135585757E+03   -0.176197530627864252E+00   -0.461105887277351378E+01    0.220905090650722474E+00
    0.247563165720889218E-02    0.378226528082919655E+01    0.215588623962447429E+03    0.644164486680018911E-01   -0.479376477277916901E+01    0.276184495035616429E+00
    0.252033167329193978E-02    0.374647541931797079E+01    0.212932016957919132E+03   -0.363755236045922192E+00   -0.443987450306527531E+01    0.239799936989031626E+00
    0.248108952641739895E-02    0.377786086007436417E+01    0.252522934339350741E+03    0.157315217519077954E+00   -0.455524779957874593E+01    0.683024289587924049E-01
    0.258772436829451686E-02    0.369369870338158091E+01    0.188822510495431430E+03   -0.372780500915175894E+00   -0.433840068454840555E+01    0.204989273859362581E+00
    0.244271107892631185E-02    0.380903939698809202E+01    0.236150342199150771E+03    0.440880363258080443E-01   -0.412896128942822482E+01    0.334190523687206142E-01
    0.246827864861047736E-02    0.378821442922813212E+01    0.197088214955885576E+03    0.540543789433662880E-01   -0.464172285689198283E+01    0.298428720572820438E+00
    0.248849050805739378E-02    0.377190382784212241E+01    0.247338284246503804E+03   -0.212907667417479018E-01   -0.494784975607258737E+01    0.244731277646446893E+00
    0.244605625459365763E-02    0.380630236659886201E+01    0.202226296067237854E+03    0.215430438518524170E+00   -0.421443104743957520E+01    0.113298463153839110E+00
    0.245223638200775008E-02    0.380125560344942137E+01    0.177726146056269840E+03    0.352957643682466404E+00   -0.418768772065756067E+01    0.117864565197353069E+00
    0.254033564562395307E-02    0.373066400532138065E+01    0.148826881854359669E+03    0.892222926788441839E-01   -0.385105148373276318E+01    0.220908396906921989E+00
    0.255208127087030046E-02    0.372143801595909451E+01    0.158855855763892038E+03    0.473998540532027945E-02   -0.381296238649695907E+01    0.186695170256700294E+00
    0.248174665387327189E-02    0.377733122142755562E+01    0.155106359679635233E+03    0.317971594843905248E+00   -0.389882257043763669E+01    0.109484513433780753E+00
    0.251986390699282699E-02    0.374684664800781464E+01    0.159869814646452795E+03    0.139667025294055502E+00   -0.335428908381163993E+01    0.180419320338706876E-01
    0.255897278070119256E-02    0.371604459695960898E+01    0.166052255034446716E+03   -0.567778348922729492E-01   -0.351981580257415771E+01    0.938018360137939447E-02
    0.260936643317224992E-02    0.367704154590260313E+01    0.188936962680172940E+03   -0.338345040225995763E+00   -0.370865277208729438E+01    0.398503274644383329E-01
    0.244225515233802756E-02    0.380941272738017389E+01    0.189811304720943440E+03   -0.356670672656601351E+00   -0.389118871418472212E+01    0.241973185161240834E-01
    0.260186533062243489E-02    0.368279919251694654E+01    0.171574878406611219E+03   -0.597444095849022361E-01   -0.352319754692375264E+01    0.150053204416744270E-01
    0.251345537906543827E-02    0.375193953484937026E+01    0.216932875621679869E+03    0.242352295711986798E+00   -0.486489246250513929E+01    0.209493686090764547E+00
    0.259893068521487155E-02    0.368505626678795206E+01    0.185900454988120970E+03   -0.455906547459594691E-01   -0.400429241222921828E+01    0.116223208260815156E+00
    0.257489719992462941E-02    0.370363721589583461E+01    0.256421156444984263E+03   -0.131360027247617861E-01   -0.486042142595919824E+01    0.103371644498507373E+00
    0.248857496684914579E-02    0.377183594945701062E+01    0.224463176906171043E+03   -0.642866974655362577E+00   -0.398485569749268453E+01    0.108959905691386416E+00
    0.258621840481427492E-02    0.369486297101175110E+01    0.236902301894186820E+03   -0.788237964680231773E-01   -0.453304919430674236E+01    0.131276813699830269E+00
    0.256325969998031419E-02    0.371269690019168364E+01    0.224507092160592606E+03   -0.526132226547061599E+00   -0.453478903650804099E+01    0.231315466659941460E+00
    0.260830292462095256E-02    0.367785685901893622E+01    0.142854884938304536E+03   -0.726079726132105474E+00   -0.470726689127312969E+01    0.567532249397761812E+00
    0.248476482946769113E-02    0.377490039973221592E+01    0.144529246881572988E+03   -0.814992400489778390E+00   -0.438723877118538663E+01    0.540939733005728840E+00
    0.257381086854009894E-02    0.370448118015731831E+01    0.146323563488022756E+03   -0.637470205093719544E+00   -0.467352215737191479E+01    0.569249121230175348E+00
    0.245251019178324529E-02    0.380103230157507443E+01    0.147120851286457309E+03   -0.724142978052753739E+00   -0.445292565796696937E+01    0.547490982974043860E+00
    0.253364532420134389E-02    0.373593822715203805E+01    0.140086634282389440E+03   -0.779299100843100945E+00   -0.417929777520874346E+01    0.483854895368917792E+00
    0.250350195067711168E-02    0.375987537387956117E+01    0.212992956774314962E+03   -0.295447267817731118E+00   -0.487996850976491725E+01    0.364192458015619225E+00
    0.242171978151519470E-02    0.382630055522940493E+01    0.162321570900354800E+03   -0.207597765822247204E+00   -0.482771444356420965E+01    0.384489314466861243E+00
    0.260573551467483842E-02    0.367982647254097506E+01    0.149538750254451998E+03   -0.107153082590334403E+00   -0.421165026638204143E+01    0.318575531929803313E+00
