    0.299252940714359283E+03    0.494830608367919922E+00    0.391436517238616943E+01    0.556218555521965086E+00   -0.120955943789085012E+03   -0.485202009141426682E+01    1
    0.289665612578392029E+03    0.710868775844573975E+00    0.358856916427612305E+01    0.399893034338951125E+00   -0.110811282645274304E+03   -0.485983259141427482E+01    1
    0.282098537683486938E+03    0.813546061515808105E+00    0.361395597457885742E+01    0.338001618361473077E+00   -0.110735584852185099E+03   -0.486764509141427837E+01    1
    0.214884082973003387E+03    0.693317651748657227E+00    0.403800070285797119E+01    0.431142526316642793E+00   -0.106601121099719492E+03   -0.487545759141427837E+01    1
    0.254583968222141266E+03    0.674565792083740234E+00    0.391900539398193359E+01    0.331153548002243059E+00   -0.104697911481647736E+03   -0.488327009141427215E+01    1
    0.194850516319274902E+03    0.483321249485015869E+00    0.446262776851654053E+01    0.440076928067207329E+00   -0.101354011460991487E+03   -0.489108259141427038E+01    1
    0.192590647935867310E+03    0.883223235607147217E+00    0.423136413097381592E+01    0.189646981000900272E+00   -0.977888459492708364E+02   -0.489889509141427659E+01    1
    0.303534068167209625E+03    0.195546865463256836E+00    0.310391485691070557E+01    0.490120154356956494E+00   -0.927869544258964254E+02   -0.490670759141427038E+01    1
    0.209451282024383545E+03   -0.144727772474288940E+01    0.473685383796691895E+01    0.431009706115722646E+00   -0.894676643689974611E+02   -0.491452009141427393E+01    1
    0.345929305255413055E+03    0.415662527084350586E-01    0.286090910434722900E+01    0.350438884234428427E+00   -0.821509160998896277E+02   -0.492233259141426949E+01    1
    0.148310180008411407E+03   -0.809545159339904785E+00    0.456778466701507568E+01    0.527243895220756542E+00   -0.812021935874620766E+02   -0.493014509141426949E+01    1
    0.204064789414405823E+03   -0.635315299034118652E+00    0.463771581649780273E+01    0.271560095500946064E+00   -0.810053781358385407E+02   -0.493795759141427482E+01    1
    0.334318505227565765E+03    0.862719893455505371E+00    0.144457638263702393E+01    0.344713081455230719E+00   -0.801970295243797011E+02   -0.494577009141427482E+01    1
    0.249979366362094879E+03   -0.176583886146545410E+01    0.406800210475921631E+01    0.298941322803497334E+00   -0.753379048324643463E+02   -0.495358259141427215E+01    1
    0.346764612197875977E+03   -0.674247741699218750E-01    0.228216409683227539E+01    0.403450657367706300E+00   -0.739272207079588668E+02   -0.496139509141427393E+01    1
    0.318309070169925690E+03   -0.699851036071777344E+00    0.256301164627075195E+01    0.405038256239891092E+00   -0.716824815942322999E+02   -0.496920759141427215E+01    1
    0.149349576234817505E+03   -0.717883527278900146E+00    0.393261313438415527E+01    0.523907218408584563E+00   -0.708892677761443508E+02   -0.497702009141426860E+01    1
    0.251731278002262115E+03   -0.103341788053512573E+01    0.340747177600860596E+01    0.344586334204673772E+00   -0.707768013748523828E+02   -0.498483259141426771E+01    1
    0.251964160799980164E+03   -0.104772067070007324E+01    0.273590743541717529E+01    0.523895277214050270E+00   -0.700413202933043522E+02   -0.499264509141426949E+01    1
    0.238495783507823944E+03   -0.992922782897949219E-01    0.399277389049530029E+01    0.686277849912643456E-01   -0.677705545494995079E+02   -0.500045759141427038E+01    1
    0.265540108084678650E+03    0.680938363075256348E+00    0.247224092483520508E+01    0.952996712207794250E-01   -0.660769847642236670E+02   -0.500827009141427038E+01    1
    0.253354483842849731E+03   -0.132449084520339966E+01    0.347156286239624023E+01    0.259255786299705526E+00   -0.658028638726355410E+02   -0.501608259141426771E+01    1
    0.184703062474727631E+03   -0.123495727777481079E+01    0.438230812549591064E+01    0.177644101667404186E+00   -0.648547751703705728E+02   -0.502389509141427126E+01    1
    0.342678789794445038E+03   -0.101669269800186157E+01    0.284800767898559570E+01    0.105670325732231146E+00   -0.600992665159710739E+02   -0.503170759141427926E+01    1
    0.184732258319854736E+03    0.292967379093170166E+00    0.379017651081085205E+01    0.387783127784728995E-01   -0.590766405114831556E+02   -0.503952009141427748E+01    1
    0.160399150848388672E+03   -0.999983429908752441E+00    0.358663320541381836E+01    0.359955402159690852E+00   -0.578337756214494760E+02   -0.504733259141427748E+01    1
    0.165851947665214539E+03   -0.103532528877258301E+01    0.324502527713775635E+01    0.440808343291282656E+00   -0.577656038998120778E+02   -0.505514509141427215E+01    1
    0.343731395900249481E+03    0.446379184722900391E+00    0.301253199577331543E+00    0.532640462207794263E+00   -0.574055780797754664E+02   -0.506295759141426593E+01    1
    0.231056328117847443E+03   -0.763472497463226318E+00    0.299042940139770508E+01    0.237119370460510265E+00   -0.565957812683780759E+02   -0.507077009141427304E+01    1
    0.187099951505661011E+03   -0.183267450332641602E+01    0.265960395336151123E+01    0.553575662112236078E+00   -0.560799617461637965E+02   -0.507858259141427304E+01    1
    0.143928469717502594E+03    0.711362123489379883E+00    0.234721302986145020E+01    0.330757305049896255E+00   -0.556997908091960809E+02   -0.508639509141426860E+01    1
    0.309179635345935822E+03   -0.176100963354110718E+01    0.292992413043975830E+01    0.426650351285934454E-01   -0.516996355656381965E+02   -0.509420759141426771E+01    1
    0.184807440638542175E+03   -0.197531545162200928E+01    0.290153324604034424E+01    0.401756986570358299E+00   -0.511893552935971243E+02   -0.510202009141427126E+01    1
    0.340911227464675903E+03   -0.907011806964874268E+00    0.994227528572082520E+00    0.422139377403259297E+00   -0.500417373197094690E+02   -0.510983259141427748E+01    1
    0.318268233537673950E+03   -0.958755373954772949E+00    0.136471569538116455E+01    0.345152005648612981E+00   -0.489881982914210425E+02   -0.511764509141427038E+01    1
    0.170454779267311096E+03    0.851292788982391357E+00    0.932247042655944824E+00    0.383657752132415764E+00   -0.488793746246238214E+02   -0.512545759141426505E+01    1
    0.236415663361549377E+03   -0.112515854835510254E+01    0.196592688560485840E+01    0.385711978769302355E+00   -0.486054526820647226E+02   -0.513327009141426593E+01    1
    0.287512549757957458E+03   -0.848244607448577881E+00    0.198097407817840576E+01    0.223888185739517215E+00   -0.484292921604923947E+02   -0.514108259141427038E+01    1
    0.283100356161594391E+03    0.145952641963958740E+00    0.222978770732879639E+01    0.952688970565795934E-02   -0.473852232342167952E+02   -0.514889509141427304E+01    1
    0.315358452498912811E+03    0.505239009857177734E+00    0.903194546699523926E+00    0.163855809044837958E+00   -0.467054090674756850E+02   -0.515670759141427038E+01    1
    0.193659977614879608E+03   -0.161502933502197266E+01    0.186616837978363037E+01    0.539040908360481241E+00   -0.458963172917174091E+02   -0.516452009141426771E+01    1
    0.152071388065814972E+03   -0.102014309167861938E+01    0.322724759578704834E+01    0.254545872116088867E+00   -0.458417014278010413E+02   -0.517233259141426593E+01    1
    0.269510903954505920E+03    0.354690551757812500E+00    0.164973139762878418E+00    0.528911909508705147E+00   -0.452185068786229323E+02   -0.518014509141426593E+01    1
    0.172530460357666016E+03    0.389511704444885254E+00    0.141462981700897217E+01    0.456354277396202102E+00   -0.444032988320038555E+02   -0.518795759141426949E+01    1
    0.266808444261550903E+03   -0.149443703889846802E+01    0.235779881477355957E+01    0.130005763721466078E+00   -0.443291315098915746E+02   -0.519577009141427038E+01    1
    0.191089831292629242E+03    0.990242838859558105E+00    0.189995765686035156E+00    0.305591612863540640E+00   -0.440921938411169094E+02   -0.520358259141426593E+01    1
    0.148508542776107788E+03   -0.992337524890899658E+00    0.287431478500366211E+01    0.321878344559669516E+00   -0.436133389877775031E+02   -0.521139509141426771E+01    1
    0.158513034880161285E+03   -0.181857573986053467E+01    0.382261931896209717E+01    0.450410940170288127E-01   -0.425079173795756375E+02   -0.521920759141426860E+01    1
    0.248601046204566956E+03   -0.151083928346633911E+01    0.115839838981628418E+01    0.482648412466049226E+00   -0.424241020187441507E+02   -0.522702009141426593E+01    1
    0.166453902423381805E+03   -0.169883406162261963E+01    0.334341824054718018E+01    0.117413808202743539E+00   -0.413095252591539435E+02   -0.523483259141426860E+01    1
    0.286192286014556885E+03   -0.187844532728195190E+01    0.181463479995727539E+01    0.190799067449569704E+00   -0.406981542037166619E+02   -0.524264509141427393E+01    1
    0.127998991310596466E+03   -0.190142560005187988E+01    0.426002204418182373E+01    0.251008003234863275E-01   -0.405793376764011313E+02   -0.525045759141427482E+01    1
    0.173096768558025360E+03    0.467616915702819824E+00    0.553585290908813477E+00    0.531750433802604672E+00   -0.391089562103131883E+02   -0.525827009141427659E+01    1
    0.236436718702316284E+03   -0.778353214263916016E+00    0.966634750366210938E+00    0.400144822955131541E+00   -0.378781400176003018E+02   -0.526608259141428015E+01    1
    0.289794211089611053E+03   -0.373421370983123779E+00    0.249379873275756836E-01    0.451785132837295544E+00   -0.361563652282871075E+02   -0.527389509141427659E+01    1
    0.258921864628791809E+03    0.897809088230133057E+00   -0.919882059097290039E+00    0.283207980179786711E+00   -0.357350877375148244E+02   -0.528170759141427126E+01    1
    0.210625325143337250E+03    0.571359932422637939E+00   -0.564771890640258789E-01    0.404128473687171974E+00   -0.350908420891879302E+02   -0.528952009141427393E+01    1
    0.234635816514492035E+03   -0.142505043745040894E+01    0.976019501686096191E+00    0.370047690367698690E+00   -0.342401968655886009E+02   -0.529733259141427126E+01    1
    0.156332921981811523E+03    0.772443711757659912E+00    0.843881368637084961E+00    0.148239319539070130E+00   -0.332869400734799896E+02   -0.530514509141426416E+01    1
    0.180353739857673645E+03    0.224246144294738770E+00    0.127238929271697998E+01    0.192019150471687328E+00   -0.318954280319379819E+02   -0.531295759141427038E+01    1
    0.185387052595615387E+03   -0.667017757892608643E+00    0.155088841915130615E+01    0.228080909729003911E+00   -0.318026293373395319E+02   -0.532077009141427038E+01    1
    0.276826642453670502E+03    0.277164340019226074E+00    0.872455835342407227E+00    0.392592358589172359E-02   -0.315426263325902063E+02   -0.532858259141426416E+01    1
    0.210600206255912781E+03   -0.449279785156250000E+00    0.673264861106872559E+00    0.333824588513374321E+00   -0.299405004448835079E+02   -0.533639509141427304E+01    1
    0.285269324481487274E+03    0.583582222461700439E+00   -0.288847684860229492E+00    0.114047994875907902E+00   -0.297948060988206151E+02   -0.534420759141427837E+01    1
    0.246005915105342865E+03    0.848750948905944824E+00   -0.135262012481689453E+01    0.318495438265800512E+00   -0.297093838378533235E+02   -0.535202009141427126E+01    1
    0.275355061888694763E+03   -0.852156162261962891E+00    0.105935692787170410E+01    0.512381304502487200E-01   -0.290671342111737374E+02   -0.535983259141427126E+01    1
    0.196176399290561676E+03   -0.570239365100860596E+00    0.810378789901733398E+00    0.302532347059249862E+00   -0.280417771330089742E+02   -0.536764509141427837E+01    1
    0.262989836931228638E+03    0.254334986209869385E+00   -0.147442877292633057E+01    0.567428607773780791E+00   -0.263272704377638753E+02   -0.537545759141427215E+01    1
    0.175336198508739471E+03   -0.288242638111114502E+00    0.556029081344604492E+00    0.356153018760681173E+00   -0.259739074505405867E+02   -0.538327009141427126E+01    1
    0.311007480323314667E+03   -0.697330832481384277E+00   -0.520704984664916992E+00    0.299550289607048048E+00   -0.255067220588696912E+02   -0.539108259141427482E+01    1
    0.185573922097682953E+03   -0.788888752460479736E+00    0.137714207172393799E+01    0.978564856767654423E-01   -0.250374767169995565E+02   -0.539889509141427748E+01    1
    0.308788743615150452E+03   -0.128495150804519653E+01   -0.118309199810028076E+01    0.485956771588325509E+00   -0.236195911349338949E+02   -0.540670759141427926E+01    1
    0.337038560211658478E+03    0.829187631607055664E+00   -0.205607175827026367E+01    0.127138546442985528E+00   -0.234169750841308222E+02   -0.541452009141427926E+01    1
    0.215721750259399414E+03   -0.133694005012512207E+01   -0.268982052803039551E+00    0.477573438906669645E+00   -0.233111172543269305E+02   -0.542233259141428015E+01    1
    0.214315655827522278E+03   -0.142280828952789307E+01    0.178599357604980469E-01    0.401768654823303262E+00   -0.231503919284905351E+02   -0.543014509141427837E+01    1
    0.307066081464290619E+03   -0.127036654949188232E+01   -0.433887839317321777E+00    0.259457319545745857E+00   -0.230058143506871424E+02   -0.543795759141427748E+01    1
    0.151915471255779266E+03   -0.119657182693481445E+01    0.727231502532958984E+00    0.363701661944389354E+00   -0.217338346924618548E+02   -0.544577009141427748E+01    1
    0.224378177523612976E+03    0.403063833713531494E+00   -0.423200726509094238E+00    0.201088828897476202E+00   -0.217235609331022701E+02   -0.545358259141427038E+01    1
    0.329909785091876984E+03    0.739494740962982178E+00   -0.240239441394805908E+01    0.231324922871589678E+00   -0.211259700484142670E+02   -0.546139509141426327E+01    1
    0.340295673906803131E+03    0.928085505962371826E+00   -0.300949871540069580E+01    0.209886213970184338E+00   -0.204169881217190827E+02   -0.546920759141426149E+01    1
    0.188975660502910614E+03   -0.137733966112136841E+01    0.782680511474609375E-01    0.370177235269546545E+00   -0.203798773009618870E+02   -0.547702009141426238E+01    1
    0.257035480439662933E+03    0.167410671710968018E+00   -0.761472582817077637E+00    0.202616073560714732E+00   -0.199251545243159143E+02   -0.548483259141427393E+01    1
    0.219282127916812897E+03    0.471400797367095947E+00   -0.161737501621246338E+01    0.434368627667427065E+00   -0.194323441252015598E+02   -0.549264509141427659E+01    1
    0.260606077313423157E+03   -0.141762071847915649E+01   -0.303713083267211914E+00    0.232644117808341988E+00   -0.193999827748418312E+02   -0.550045759141427482E+01    1
    0.286289717257022858E+03    0.116709947586059570E+00   -0.962302088737487793E+00    0.179306725358963026E+00   -0.192686179137329745E+02   -0.550827009141427482E+01    1
    0.177990311384201050E+03   -0.538053929805755615E+00   -0.630041956901550293E+00    0.490287842845916755E+00   -0.190776237500988870E+02   -0.551608259141426771E+01    1
    0.256229020655155182E+03   -0.197365391254425049E+01    0.457521080970764160E+00    0.374951802492141731E-01   -0.183874618092185926E+02   -0.552389509141426327E+01    1
    0.172736386954784393E+03   -0.418756783008575439E+00   -0.416243076324462891E+00    0.405239243602752708E+00   -0.180105418212651998E+02   -0.553170759141427304E+01    1
    0.226480667293071747E+03   -0.142141336202621460E+01   -0.933168530464172363E+00    0.455821973061561581E+00   -0.178205332453689635E+02   -0.553952009141427837E+01    1
    0.242990589141845703E+03   -0.118091773986816406E+01   -0.124794423580169678E+01    0.456375566840171831E+00   -0.172815840073551641E+02   -0.554733259141427215E+01    1
    0.304175665974617004E+03   -0.197950309514999390E+01   -0.182146191596984863E+01    0.517282721328735318E+00   -0.171230463767100645E+02   -0.555514509141427126E+01    1
    0.348419991135597229E+03    0.663328588008880615E+00   -0.303868234157562256E+01    0.286946085834503206E+00   -0.169288757777464021E+02   -0.556295759141427038E+01    1
    0.335811489820480347E+03   -0.192535877227783203E+00   -0.162279427051544189E+01    0.230437248587608334E+00   -0.168687279903817995E+02   -0.557077009141426682E+01    1
    0.140316942334175110E+03   -0.139251935482025146E+01    0.763732194900512695E-01    0.423767542219162019E+00   -0.160718505817578787E+02   -0.557858259141426949E+01    1
    0.274277886748313904E+03   -0.150019913911819458E+01   -0.109274148941040039E+01    0.301105135488510145E+00   -0.159192074236969052E+02   -0.558639509141427038E+01    1
    0.309259162843227386E+03    0.812873899936676025E+00   -0.366017758846282959E+01    0.342153025817871104E+00   -0.151624874488790162E+02   -0.559420759141427038E+01    1
    0.237555213272571564E+03   -0.125937342643737793E+01    0.153553485870361328E-01    0.291232087612152100E-01   -0.150150014491580368E+02   -0.560202009141427748E+01    1
    0.317743687331676483E+03   -0.169203162193298340E+00   -0.177663505077362061E+01    0.231101997828483591E+00   -0.148395566477241143E+02   -0.560983259141427482E+01    1
    0.254507552087306976E+03   -0.154448956251144409E+01   -0.569626092910766602E+00    0.140085906028747570E+00   -0.141347760011875625E+02   -0.561764509141427304E+01    1
    0.133461149036884308E+03   -0.953080356121063232E+00   -0.303468704223632812E+00    0.440627007722854624E+00   -0.138811216255048731E+02   -0.562545759141427126E+01    1
    0.247706167399883270E+03    0.199441432952880859E+00   -0.256538927555084229E+01    0.508265618276596109E+00   -0.138764827232927885E+02   -0.563327009141427126E+01    1
    0.235523614287376404E+03   -0.114728552103042603E+01   -0.576993227005004883E+00    0.141386029171943678E+00   -0.137120044712393003E+02   -0.564108259141427304E+01    1
    0.191736015677452087E+03   -0.165865725278854370E+01   -0.396039485931396484E+00    0.269124978876113918E+00   -0.136068914411870132E+02   -0.564889509141427038E+01    1
    0.130095352232456207E+03    0.732440352439880371E+00   -0.152410924434661865E+01    0.320996402049064655E+00   -0.135186035203314745E+02   -0.565670759141426860E+01    1
    0.132383893430233002E+03    0.692331850528717041E+00   -0.509061813354492188E+00    0.439254452705383283E-01   -0.135028689514297238E+02   -0.566452009141426682E+01    1
    0.338725401461124420E+03    0.752361834049224854E+00   -0.450423598289489746E+01    0.460990838527679470E+00   -0.127099303585846659E+02   -0.567233259141426682E+01    1
    0.139306795597076416E+03    0.636200726032257080E+00   -0.465127229690551758E+00    0.869967198371887195E-03   -0.126061322065014529E+02   -0.568014509141426771E+01    1
    0.145892289280891418E+03    0.835478305816650391E-03   -0.474688410758972168E+00    0.234729800963401791E+00   -0.120484668523606242E+02   -0.568795759141426771E+01    1
    0.167109581828117371E+03   -0.536066591739654541E+00   -0.476619005203247070E+00    0.216967239975929260E+00   -0.120432826490036966E+02   -0.569577009141426771E+01    1
    0.339138488471508026E+03   -0.174103826284408569E+01   -0.168740034103393555E+01    0.187971324348449709E+00   -0.120266772890014586E+02   -0.570358259141427038E+01    1
    0.226050508022308350E+03   -0.191951370239257812E+01   -0.448948144912719727E+00    0.124952045488357547E+00   -0.120265826339163375E+02   -0.571139509141427126E+01    1
    0.220696362853050232E+03    0.948727607727050781E+00   -0.449605584144592285E+01    0.547711239123344407E+00   -0.119704510116966762E+02   -0.571920759141427038E+01    1
    0.138272508978843689E+03   -0.130486565828323364E+01   -0.115305185317993164E-01    0.273318453454971300E+00   -0.118872399109822702E+02   -0.572702009141427482E+01    1
    0.255883136391639709E+03   -0.427946746349334717E+00   -0.178526401519775391E+01    0.281522190570831332E+00   -0.118330639067450818E+02   -0.573483259141427482E+01    1
    0.222613324224948883E+03   -0.136207771301269531E+01   -0.192075192928314209E+01    0.504162657952308635E+00   -0.118138750179568444E+02   -0.574264509141427038E+01    1
    0.239240780472755432E+03    0.777775228023529053E+00   -0.401049196720123291E+01    0.496149468183517461E+00   -0.118036563072095735E+02   -0.575045759141426860E+01    1
    0.140277393162250519E+03   -0.152308106422424316E+01   -0.253906250000000000E+00    0.345738147711753874E+00   -0.117227936669785571E+02   -0.575827009141427304E+01    1
    0.315567208826541901E+03   -0.176961898803710938E+01   -0.213665723800659180E+01    0.345710785317420999E+00   -0.116821769200002077E+02   -0.576608259141427304E+01    1
    0.242647950351238251E+03   -0.133469557762145996E+01   -0.198615610599517822E+01    0.449184340667724613E+00   -0.116161736906130351E+02   -0.577389509141427215E+01    1
    0.278525365889072418E+03    0.288196980953216553E+00   -0.332953631877899170E+01    0.514785305786132796E+00   -0.115494649080038787E+02   -0.578170759141427126E+01    1
    0.223200942575931549E+03   -0.627201616764068604E+00   -0.475124120712280273E+00    0.603736560344696107E-02   -0.114886698224482533E+02   -0.578952009141427215E+01    1
    0.224764415621757507E+03   -0.122614729404449463E+01   -0.114922642707824707E+01    0.225819861602783223E+00   -0.110013806387003950E+02   -0.579733259141427038E+01    1
    0.317254774272441864E+03   -0.166233491897583008E+01   -0.305144786834716797E+01    0.559729642009735073E+00   -0.109953547452994140E+02   -0.580514509141426771E+01    1
    0.275330613553524017E+03    0.840737044811248779E+00   -0.459367632865905762E+01    0.459830325007438701E+00   -0.109460746006802658E+02   -0.581295759141427393E+01    1
    0.133816246688365936E+03   -0.944782495498657227E+00   -0.383684039115905762E+00    0.302531528234481817E+00   -0.104583020320436013E+02   -0.582077009141427482E+01    1
    0.330265499651432037E+03   -0.194584155082702637E+01   -0.207193255424499512E+01    0.251065866851806652E+00   -0.103926917789448723E+02   -0.582858259141427570E+01    1
    0.193763819336891174E+03   -0.177407431602478027E+01   -0.827165246009826660E+00    0.240370548319816607E+00   -0.102153561636043033E+02   -0.583639509141427126E+01    1
    0.340840604901313782E+03    0.575102686882019043E+00   -0.406253755092620850E+01    0.353187133097648653E+00   -0.101604475724034202E+02   -0.584420759141426860E+01    1
    0.141972951591014862E+03   -0.168415594100952148E+01   -0.505436062812805176E+00    0.346529030084610001E+00   -0.101406222276004403E+02   -0.585202009141427393E+01    1
    0.155503877997398376E+03    0.360984086990356445E+00   -0.182013809680938721E+01    0.394795133686065669E+00   -0.101138135580417785E+02   -0.585983259141427748E+01    1
    0.187943010032176971E+03   -0.443136453628540039E+00   -0.180124521255493164E+01    0.409452779388427723E+00   -0.100918430248820279E+02   -0.586764509141427215E+01    1
    0.210843053460121155E+03   -0.114203929901123047E+00   -0.196011543273925781E+01    0.339265133213996872E+00   -0.989738512182371899E+01   -0.587545759141427215E+01    1
    0.349412073194980621E+03   -0.138405734300613403E+01   -0.183482050895690918E+01    0.759610772609710660E-01   -0.969310139052699959E+01   -0.588327009141427304E+01    1
    0.153051480650901794E+03    0.912798523902893066E+00   -0.318336009979248047E+01    0.306533363699913020E+00   -0.955920756865868526E+01   -0.589108259141427215E+01    1
    0.306257489323616028E+03    0.129699707031250000E+00   -0.273724496364593506E+01    0.215957219624519359E+00   -0.943693978571187131E+01   -0.589889509141427570E+01    1
    0.304064595699310303E+03   -0.513125658035278320E+00   -0.188696444034576416E+01    0.828249441146850646E-01   -0.943523133908246514E+01   -0.590670759141427304E+01    1
    0.309178227186203003E+03   -0.112767124176025391E+01   -0.340805709362030029E+01    0.554605811905860890E+00   -0.943035191462926825E+01   -0.591452009141427748E+01    1
    0.161877182126045227E+03   -0.170956397056579590E+01   -0.760673880577087402E+00    0.287232538032531737E+00   -0.927823302810559802E+01   -0.592233259141427659E+01    1
    0.185841593146324158E+03   -0.188394117355346680E+01   -0.107997536659240723E+01    0.291051912045478811E+00   -0.926292279569040566E+01   -0.593014509141427659E+01    1
    0.201245224475860596E+03    0.578020572662353516E+00   -0.236289978027343750E+01    0.173455676507949824E+00   -0.916204450843610019E+01   -0.593795759141427748E+01    1
    0.152717424929141998E+03   -0.171999830007553101E+01   -0.107049942016601562E-02    0.985446737766265957E-01   -0.915339329069273688E+01   -0.594577009141426949E+01    1
    0.202552962303161621E+03   -0.156185668706893921E+01   -0.163573324680328369E+01    0.370896265769004807E+00   -0.913156453634782928E+01   -0.595358259141426593E+01    1
    0.169931936264038086E+03    0.129081726074218750E+00   -0.246889650821685791E+01    0.531801439762115469E+00   -0.911391749033597165E+01   -0.596139509141426860E+01    1
    0.297391688823699951E+03   -0.172735774517059326E+01   -0.166859149932861328E+01    0.118714067816734312E+00   -0.892554694884023547E+01   -0.596920759141426593E+01    1
    0.221397358179092407E+03   -0.190446794033050537E+01   -0.118336141109466553E+01    0.186201809906959531E+00   -0.875381361884035591E+01   -0.597702009141426682E+01    1
    0.284087918698787689E+03   -0.686721622943878174E+00   -0.209200084209442139E+01    0.170061101961135858E+00   -0.873222900344321040E+01   -0.598483259141427570E+01    1
    0.137322403490543365E+03    0.128830492496490479E+00   -0.122909545898437500E+01    0.290254206132888826E+00   -0.868447226632067171E+01   -0.599264509141427126E+01    1
    0.194970275795857276E+03   -0.187251964491176759E+01   -0.399826522743508050E+00    0.307116920386809322E-01   -0.853126182283243040E+01   -0.600045759141427215E+01    1
    0.206883273939144260E+03   -0.792851293300338211E+00   -0.141537903851796187E+01    0.189835082679146144E+00   -0.850764365933989453E+01   -0.600827009141427126E+01    1
    0.198420523107051849E+03   -0.793279170989990234E+00   -0.161855340003967285E+01    0.265784446763992321E+00   -0.830896512047396030E+01   -0.601608259141427038E+01    1
    0.244500270485877991E+03   -0.187748348712921143E+01   -0.183471679687500000E+01    0.275311336469650281E+00   -0.830060630716394954E+01   -0.602389509141427926E+01    1
    0.342869159148256813E+03    0.657971007833957344E-02   -0.313554595167468397E+01    0.227656234706863303E+00   -0.828442199139594315E+01   -0.603170759141427570E+01    1
    0.342930461466312408E+03    0.411484181880950928E+00   -0.434832990169525146E+01    0.453323875164985679E+00   -0.826108327452079827E+01   -0.603952009141427215E+01    1
    0.215932504832744598E+03   -0.100384777784347534E+01   -0.186342120170593262E+01    0.294348807621002184E+00   -0.823774847204207283E+01   -0.604733259141427837E+01    1
    0.137984640896320343E+03   -0.155814075469970703E+01   -0.621123909950256348E+00    0.275294823503494268E+00   -0.808125157338682776E+01   -0.605514509141427748E+01    1
    0.253724843263626099E+03   -0.876918315887451172E+00   -0.256363749504089355E+01    0.359856017303466835E+00   -0.806426547157625961E+01   -0.606295759141427126E+01    1
    0.185730294883251190E+03   -0.131601202487945557E+01   -0.224932372570037842E+01    0.494627921175956720E+00   -0.771742504096807735E+01   -0.607077009141427482E+01    1
    0.274512647092342377E+03    0.628530323505401611E+00   -0.393319606781005859E+01    0.266973550915718061E+00   -0.767680405189410919E+01   -0.607858259141427482E+01    1
    0.335138295590877533E+03    0.441492915153503418E+00   -0.458088040351867676E+01    0.458112737703323392E+00   -0.748257241149895780E+01   -0.608639509141426860E+01    1
    0.256813196706467011E+03   -0.803790939899205803E+00   -0.333171374386947106E+01    0.524120528558121856E+00   -0.742248346630502454E+01   -0.609420759141427393E+01    1
    0.289259231090545654E+03   -0.411978662014007568E+00   -0.288606286048889160E+01    0.275710138249397274E+00   -0.733926876536010742E+01   -0.610202009141427393E+01    1
    0.178992596412874036E+03    0.592747003709420461E+00   -0.266002694525465389E+01    0.186201182685250655E+00   -0.719621443120434634E+01   -0.610983259141426860E+01    1
    0.166688635945320129E+03    0.351289868354797363E+00   -0.215037465095520020E+01    0.264398074078559864E+00   -0.701526311418875181E+01   -0.611764509141427482E+01    1
    0.321604137122631073E+03   -0.138009786605834961E-01   -0.428684115409851074E+01    0.516452774190902741E+00   -0.698650632631254354E+01   -0.612545759141427215E+01    1
    0.321264851093292236E+03    0.466291546821594238E+00   -0.314436376094818115E+01    0.296225895166397114E-01   -0.692745550081862582E+01   -0.613327009141427215E+01    1
    0.224864582717418671E+03    0.823709845542907715E+00   -0.409127712249755859E+01    0.183305114936828606E+00   -0.671959687036620146E+01   -0.614108259141427126E+01    1
    0.334929338097572327E+03   -0.104040521383285522E+01   -0.392245233058929443E+01    0.479496141815185573E+00   -0.668456268264928788E+01   -0.614889509141426327E+01    1
    0.182083469629287720E+03    0.357845187187194824E+00   -0.315821349620819092E+01    0.456177445363998402E+00   -0.664254518180255626E+01   -0.615670759141427038E+01    1
    0.311580252647399902E+03   -0.153060555458068848E-01   -0.399480164051055908E+01    0.429928140950202931E+00   -0.664030150478384407E+01   -0.616452009141426771E+01    1
    0.167148111760616302E+03   -0.168459975719451904E+01   -0.885421633720397949E+00    0.133824557733535771E+00   -0.651666729012884538E+01   -0.617233259141426593E+01    1
    0.326035712254468194E+03   -0.181670362548953745E+00   -0.295170598689982233E+01    0.127418548406382171E+00   -0.643137532476924978E+01   -0.618014509141427659E+01    1
    0.193550288677215576E+03    0.986185014247894287E+00   -0.441762864589691162E+01    0.123734111881256104E+00   -0.633577847381756243E+01   -0.618795759141427215E+01    1
    0.243904376824031374E+03   -0.137812195087997913E+01   -0.327860940207380658E+01    0.519722638460893394E+00   -0.625181343838956138E+01   -0.619577009141426949E+01    1
    0.318172576283525814E+03   -0.104422662080089790E+01   -0.236642715285778404E+01    0.423826268475780421E-01   -0.614077176788648238E+01   -0.620358259141426771E+01    1
    0.191718590162326763E+03    0.671424591203342302E-01   -0.265966994394613510E+01    0.321020651961299086E+00   -0.601726884168171772E+01   -0.621139509141426327E+01    1
    0.224133667349815369E+03   -0.152193039655685425E+01   -0.229041516780853271E+01    0.289596348667144787E+00   -0.597962380389656367E+01   -0.621920759141426949E+01    1
    0.282609806954860687E+03    0.441906332969665527E+00   -0.304324924945831299E+01    0.312344801902771016E-01   -0.588704064073116040E+01   -0.622702009141427304E+01    1
    0.212498413197031937E+03    0.149385781877783064E+00   -0.372191472030684167E+01    0.524141915808824299E+00   -0.584497517128249999E+01   -0.623483259141427393E+01    1
    0.329701055586338043E+03   -0.109415256977081299E+01   -0.245995640754699707E+01    0.245224029779434229E-01   -0.578182245206749723E+01   -0.624264509141427482E+01    1
    0.162011818733246741E+03    0.580906817422912614E+00   -0.397734464649624986E+01    0.540971151572522957E+00   -0.574559261789372488E+01   -0.625045759141427126E+01    1
    0.252018448710441589E+03    0.364786386489868164E-02   -0.406003057956695557E+01    0.529146843981742832E+00   -0.570745762475181007E+01   -0.625827009141426860E+01    1
    0.256262145936489105E+03   -0.177906054258346558E+01   -0.314915478229522705E+01    0.434829898953437821E+00   -0.562367729607748412E+01   -0.626608259141427304E+01    1
    0.131191636517932238E+03    0.516125330447269270E+00   -0.487834759866310996E+01    0.375562930958941443E-01   -0.559642444671294914E+01   -0.627389509141427126E+01    1
    0.150749404578474298E+03   -0.787283266881253052E+00   -0.120546935118473453E+01    0.138508410648864627E+00   -0.549336826455139615E+01   -0.628170759141427304E+01    1
    0.128886601328849792E+03    0.861599445343017578E+00   -0.399823367595672607E+01    0.342099802207946779E+00   -0.546777404393518918E+01   -0.628952009141427304E+01    1
    0.274792972102423619E+03    0.528939671079026397E+00   -0.346362819780479203E+01    0.525198090038494630E-01   -0.546044583414018181E+01   -0.629733259141426682E+01    1
    0.242020997405052185E+03    0.181063294410705566E+00   -0.335590600967407227E+01    0.280300231075286899E+00   -0.537330702697345775E+01   -0.630514509141426771E+01    1
    0.296488775015342071E+03   -0.152111443616381203E+01   -0.255948651078125389E+01    0.118812100909476762E+00   -0.523217513300653358E+01   -0.631295759141427393E+01    1
    0.209587511420249939E+03   -0.583336949348449707E-01   -0.235492467880249023E+01    0.142331874132156366E+00   -0.516830704328293233E+01   -0.632077009141427393E+01    1
    0.221597359012818657E+03   -0.114069786964633502E+01   -0.245616159408553303E+01    0.247581583074920702E+00   -0.513175969002106491E+01   -0.632858259141427215E+01    1
    0.195604822137239125E+03    0.654713132971709300E+00   -0.437537679352747411E+01    0.377853170784812065E+00   -0.502328626348572005E+01   -0.633639509141427126E+01    1
    0.322774854302406311E+03   -0.186920762062072754E+00   -0.301769673824310303E+01    0.477739899158477824E-01   -0.501696064693213639E+01   -0.634420759141426949E+01    1
    0.306375927666769144E+03   -0.328562189236437430E+00   -0.471044291710625007E+01    0.566920414384837201E+00   -0.499023094665509959E+01   -0.635202009141426949E+01    1
    0.169677166640758514E+03   -0.165610986948013306E+01   -0.167072236537933350E+01    0.227618921971321109E+00   -0.492712996625025923E+01   -0.635983259141426771E+01    1
    0.173101489245891571E+03   -0.154396545886993408E+01   -0.116417348384857178E+01    0.481771587610244773E-01   -0.485093354415012712E+01   -0.636764509141426682E+01    1
    0.298228216171264648E+03    0.502649962902069092E+00   -0.402969419956207275E+01    0.120343017339706426E+00   -0.477605054474630109E+01   -0.637545759141426593E+01    1
    0.224754357337951660E+03   -0.183825796842575073E+01   -0.325003981590270996E+01    0.486457789993286149E+00   -0.470986900196116665E+01   -0.638327009141426771E+01    1
    0.321569127336659449E+03   -0.166225108910312391E+00   -0.492667784367429729E+01    0.555461845488836148E+00   -0.469709178786550474E+01   -0.639108259141427304E+01    1
    0.323820620775222778E+03   -0.151184421777725220E+01   -0.434633135795593262E+01    0.505408329248428378E+00   -0.459168000288382228E+01   -0.639889509141427215E+01    1
    0.317757111787796021E+03   -0.188358461856842041E+01   -0.347476422786712646E+01    0.300861944532394399E+00   -0.459139659854110072E+01   -0.640670759141427126E+01    1
    0.260646198888616425E+03   -0.975752122845373826E+00   -0.358836115808816025E+01    0.387818670925414277E+00   -0.451981747837015568E+01   -0.641452009141427126E+01    1
    0.260439905422634638E+03    0.228466039945187660E-01   -0.270422573931413934E+01    0.105948858652474553E-01   -0.449055308634294192E+01   -0.642233259141426949E+01    1
    0.294781228899955750E+03   -0.776798427104949951E+00   -0.272966206073760986E+01    0.353769829273223868E-01   -0.440424645349758581E+01   -0.643014509141427215E+01    1
    0.139435025726580704E+03   -0.158710827857400805E+01   -0.128875709452353071E+01    0.187462569533757478E+00   -0.433014227215032577E+01   -0.643795759141427748E+01    1
    0.191955004632472992E+03   -0.723237395286560059E+00   -0.477451205253601074E+01    0.439664206266403221E-01   -0.431131444616184289E+01   -0.644577009141427570E+01    1
    0.133706852793693542E+03    0.815336346626281738E+00   -0.383716881275177002E+01    0.332093490600585961E-01   -0.429009026800683557E+01   -0.645358259141426771E+01    1
    0.175574713945388794E+03   -0.525510489940643311E+00   -0.230151414871215820E+01    0.216313613104820252E+00   -0.427099953853006564E+01   -0.646139509141426860E+01    1
    0.213370861113071442E+03    0.348511993885040283E+00   -0.321447193622589111E+01    0.174252870655059816E+00   -0.424198374121480359E+01   -0.646920759141426949E+01    1
    0.271039655804634094E+03    0.370879828929901123E+00   -0.423071146011352539E+01    0.286913059902191181E+00   -0.422940986678726638E+01   -0.647702009141426327E+01    1
    0.180748537953011777E+03   -0.419200613998933935E+00   -0.489952368191193877E+01    0.904117389473389349E-01   -0.422775568034771698E+01   -0.648483259141426416E+01    1
    0.136777392029762268E+03   -0.205115795135498047E+00   -0.474276661872863770E+01    0.224444747757911678E+00   -0.422130122064515501E+01   -0.649264509141426593E+01    1
    0.222672811398175497E+03   -0.137244678872900927E+00   -0.324637838832452452E+01    0.284268069590788819E+00   -0.419799681075758890E+01   -0.650045759141426771E+01    1
    0.148360350728034973E+03    0.259562969207763672E+00   -0.366691052913665771E+01    0.568897545289993256E+00   -0.414948450547131209E+01   -0.650827009141426682E+01    1
    0.210961084067821503E+03   -0.192743855714797974E+01   -0.194626629352569580E+01    0.109761310744285592E+00   -0.414423415784467863E+01   -0.651608259141426682E+01    1
    0.312197710573673248E+03   -0.122350817918777466E+01   -0.378302156925201416E+01    0.301596942114830013E+00   -0.413494455434554453E+01   -0.652389509141426860E+01    1
    0.327308873832225800E+03   -0.195897936820983887E+00   -0.319956243038177490E+01    0.984223959445953457E-02   -0.413121769325309529E+01   -0.653170759141427215E+01    1
    0.136641336977481842E+03   -0.141770511865615845E+01   -0.449564039707183838E+01    0.270639770579338079E+00   -0.412792065599801461E+01   -0.653952009141427570E+01    1
    0.190386702204693222E+03    0.577318330571222393E+00   -0.333561180426114579E+01    0.587130842281533907E-01   -0.407834067308922332E+01   -0.654733259141427926E+01    1
    0.220199592652043179E+03   -0.135870864483552767E+01   -0.211683158497822088E+01    0.769254105777434499E-01   -0.407601736159790384E+01   -0.655514509141427837E+01    1
    0.321892460977637313E+03   -0.146837853027031096E+01   -0.319839386734974118E+01    0.133395078701927655E+00   -0.405375235545055013E+01   -0.656295759141427215E+01    1
    0.127392289042472839E+03    0.623948037624359131E+00   -0.267389774322509766E+01    0.757583840131759723E-01   -0.404991731223025564E+01   -0.657077009141427215E+01    1
    0.149791309237480164E+03    0.726521253585815430E+00   -0.495513737201690674E+01    0.184153792691230778E+00   -0.403511211042292395E+01   -0.657858259141427482E+01    1
    0.150359813770309131E+03   -0.154752468964311518E+01   -0.265231323742518033E+01    0.500719557728609654E+00   -0.403444152457547567E+01   -0.658639509141427038E+01    1
    0.194781408189645475E+03    0.505077240617394452E+00   -0.477451023483331216E+01    0.535748388106445539E+00   -0.400255147532161359E+01   -0.659420759141426860E+01    1
    0.295982201397418976E+03   -0.102343595027923584E+01   -0.374363780021667480E+01    0.297231650805473313E+00   -0.395845572986508376E+01   -0.660202009141426860E+01    1
    0.259889176487922668E+03    0.242750167846679688E+00   -0.310835540294647217E+01    0.237674124240875272E-02   -0.390930563260300978E+01   -0.660983259141427215E+01    1
    0.259820856728664921E+03    0.171390052895223910E-01   -0.300630640389768766E+01    0.387783996696528035E-01   -0.389271784331697157E+01   -0.661764509141427659E+01    1
    0.326156878471374512E+03   -0.105381768941879272E+01   -0.413325250148773193E+01    0.334397902321815488E+00   -0.388667326183317297E+01   -0.662545759141427837E+01    1
    0.217197213076096659E+03   -0.171122580201032104E+01   -0.237736800896228662E+01    0.162165891408858620E+00   -0.380789864679365753E+01   -0.663327009141427837E+01    1
    0.322956927979996749E+03    0.851879145857759035E-01   -0.349174272364287486E+01    0.118913376291922539E-02   -0.378733301007253020E+01   -0.664108259141427570E+01    1
    0.143109082989608453E+03    0.302356332256290106E+00   -0.417662838836391170E+01    0.859162212348282828E-02   -0.377913248107076338E+01   -0.664889509141427126E+01    1
    0.151227098783190996E+03   -0.876606975996783389E+00   -0.287111308244869745E+01    0.469590939498280069E+00   -0.376181697093015011E+01   -0.665670759141426949E+01    1
    0.275937806619457376E+03   -0.482473095808535035E+00   -0.449387006934998645E+01    0.476871623275939849E+00   -0.374047911410175615E+01   -0.666452009141427482E+01    1
    0.223184367116193386E+03    0.403996644550650430E+00   -0.406147990188384878E+01    0.305226128042817624E+00   -0.372770542338215538E+01   -0.667233259141427837E+01    1
    0.317829625308513641E+03   -0.157334208488464355E-01   -0.374810934066772461E+01    0.103311359810829173E+00   -0.371792115205511031E+01   -0.668014509141427837E+01    1
    0.185338222980499268E+03   -0.676647961139678955E+00   -0.215521812438964844E+01    0.783017219781875634E-01   -0.361562797821849236E+01   -0.668795759141427659E+01    1
    0.226593297055365611E+03   -0.154334080271448881E+01   -0.463312356073220588E+01    0.366842346539911837E-01   -0.360658969289338804E+01   -0.669577009141427304E+01    1
    0.147820287942886353E+03   -0.805183887481689453E+00   -0.137169778347015381E+01    0.180323296308517456E-01   -0.357357775137985323E+01   -0.670358259141426682E+01    1
    0.195900614559650421E+03    0.452427387237548828E+00   -0.462301254272460938E+01    0.481409632945060728E+00   -0.355088845673265574E+01   -0.671139509141426149E+01    1
    0.266049751947760399E+03   -0.759534738722811964E+00   -0.462581098860790796E+01    0.539864148808076649E+00   -0.349575536756806660E+01   -0.671920759141426238E+01    1
    0.255183482170104980E+03   -0.166809988021850586E+01   -0.268194794654846191E+01    0.954970079898834201E-01   -0.346944368013912108E+01   -0.672702009141426149E+01    1
    0.315105243261606859E+03   -0.167952131490989554E+01   -0.309586647256523895E+01    0.682600627350580941E-01   -0.346237514736218133E+01   -0.673483259141427038E+01    1
    0.156971197744276765E+03   -0.499340309419754824E+00   -0.244862586090888978E+01    0.242340872362697746E+00   -0.343914921193719536E+01   -0.674264509141428192E+01    1
    0.142011231971333075E+03   -0.936827295302119278E+00   -0.153521335759138466E+01    0.895976110525701919E-01   -0.343844651452672068E+01   -0.675045759141427837E+01    1
    0.140910877287387848E+03   -0.477226257324218750E+00   -0.173133969306945801E+01    0.100754067707061773E+00   -0.340915666998708655E+01   -0.675827009141426771E+01    1
    0.198903350017913198E+03    0.392276084845740503E+00   -0.344027025286467136E+01    0.166728426892835929E+00   -0.340348089357898909E+01   -0.676608259141426949E+01    1
    0.220360784168215616E+03   -0.106602808745739330E+01   -0.411433680113869649E+01    0.546409608825031423E+00   -0.338546009120869362E+01   -0.677389509141427126E+01    1
    0.272373732924461365E+03   -0.105665349960327148E+01   -0.406279981136322021E+01    0.367819156408309922E+00   -0.330718241927417944E+01   -0.678170759141426238E+01    1
    0.141609632968902588E+03   -0.986450254917144775E+00   -0.140717446804046631E+01    0.394639420509338423E-01   -0.328952948999021544E+01   -0.678952009141426061E+01    1
    0.184545121305301507E+03   -0.768256399838715964E+00   -0.202783631983988677E+01    0.744406977182925523E-02   -0.326002827377679694E+01   -0.679733259141426327E+01    1
    0.263162410259246826E+03    0.279692411422729492E-01   -0.370931267738342285E+01    0.145159241938591005E+00   -0.324385787194720576E+01   -0.680514509141427482E+01    1
    0.206334189870513512E+03   -0.137750208944230890E+01   -0.437534451238730338E+01    0.653253645939435440E-01   -0.319644462971475907E+01   -0.681295759141427570E+01    1
    0.316579182857791693E+03    0.240176199073853791E+00   -0.425951271249776919E+01    0.991272895241637475E-01   -0.318786731009380109E+01   -0.682077009141426860E+01    1
    0.248218482732772827E+03   -0.853790521621704102E+00   -0.393030047416687012E+01    0.360351372170448325E+00   -0.316872290901476639E+01   -0.682858259141427482E+01    1
    0.180244989693164825E+03   -0.106234103441238403E+01   -0.334912359714508057E+01    0.417887152147293106E+00   -0.313890979302891182E+01   -0.683639509141427926E+01    1
    0.345768144726753235E+03   -0.267052650451660156E+00   -0.383772790431976318E+01    0.494834230899810837E-01   -0.313487035101083755E+01   -0.684420759141426682E+01    1
    0.221893727492241567E+03   -0.422636436769051160E+00   -0.424896214281242912E+01    0.479918283328064021E+00   -0.312990790406973574E+01   -0.685202009141426238E+01    1
    0.335698777661883582E+03   -0.130056965660545476E+01   -0.338452169412862913E+01    0.339901677271813654E-01   -0.312018405146429645E+01   -0.685983259141427304E+01    1
    0.218074830044921327E+03   -0.133067022341176111E+01   -0.303177226924213317E+01    0.228835841450262839E+00   -0.310899912834698977E+01   -0.686764509141426860E+01    1
    0.257064220309257507E+03   -0.169231057167053223E+01   -0.264418721199035645E+01    0.327693331003189106E-01   -0.309880341270886994E+01   -0.687545759141427038E+01    1
    0.204946397990398168E+03   -0.151559979850258264E+01   -0.381385178226950128E+01    0.509821490988150106E+00   -0.309212453248727837E+01   -0.688327009141427482E+01    1
    0.147758409780065506E+03   -0.717992347656600804E+00   -0.237180954231093866E+01    0.237740954270512783E+00   -0.309122801230335931E+01   -0.689108259141427215E+01    1
    0.329428006708621979E+03   -0.135392898321151733E+01   -0.328661561012268066E+01    0.195786802053451552E-01   -0.308926623155480673E+01   -0.689889509141426771E+01    1
    0.213821591503388277E+03   -0.266727701065974543E+00   -0.405831283201818849E+01    0.425959638557539322E+00   -0.308185415776714011E+01   -0.690670759141425794E+01    1
    0.163520477712154388E+03    0.351837217807769775E+00   -0.426153063774108887E+01    0.496765906763076803E+00   -0.308126712842122696E+01   -0.691452009141426860E+01    1
    0.271384051442146301E+03    0.377805292606353760E+00   -0.431236684322357178E+01    0.149212390422821056E+00   -0.307706771263156131E+01   -0.692233259141427748E+01    1
    0.188436120748519897E+03   -0.130969166755676270E+01   -0.273754894733428955E+01    0.228670156502723709E+00   -0.307313302555486123E+01   -0.693014509141427659E+01    1
    0.201896901322503822E+03    0.507474111629286906E+00   -0.402025135806940170E+01    0.112141066779670687E+00   -0.306767411072043128E+01   -0.693795759141427570E+01    1
    0.293595981347197494E+03   -0.942148549104014466E+00   -0.364273702219984319E+01    0.158649303478616999E+00   -0.305497093911992312E+01   -0.694577009141427482E+01    1
    0.200300619771555461E+03    0.444261612724622168E+00   -0.477511827603673655E+01    0.424335959097656867E+00   -0.303612885781258557E+01   -0.695358259141427304E+01    1
    0.129079157114028931E+03   -0.119964510202407837E+01   -0.257929623126983643E+01    0.427482993721961968E+00   -0.301173506936315327E+01   -0.696139509141427038E+01    1
    0.262778492271900177E+03   -0.199471336603164673E+01   -0.311692118644714355E+01    0.161484697222709667E+00   -0.301054555691749215E+01   -0.696920759141427393E+01    1
    0.297053810954093933E+03   -0.976055979728698730E+00   -0.398179113864898682E+01    0.239467282247543350E+00   -0.299908269833011865E+01   -0.697702009141427038E+01    1
    0.242386488616466522E+03   -0.989528894424438477E+00   -0.484232664108276367E+01    0.883911784172058124E-01   -0.297759741391789845E+01   -0.698483259141426505E+01    1
    0.216512510522007119E+03    0.316073356183385279E+00   -0.488772164477141580E+01    0.478128438384269272E+00   -0.297284649934881395E+01   -0.699264509141427038E+01    1
    0.151997907572191451E+03    0.473062545594758355E+00   -0.346845078439528276E+01    0.169267870608452636E+00   -0.296811856019586440E+01   -0.700045759141427126E+01    1
    0.240168258564547159E+03   -0.910569799619376008E+00   -0.371280227887239800E+01    0.292806983344027438E+00   -0.295368914059589560E+01   -0.700827009141426593E+01    1
    0.174950251534112141E+03   -0.153725954715358482E+01   -0.186033689930309354E+01    0.248558445924831548E-01   -0.293948075532171949E+01   -0.701608259141426682E+01    1
    0.320740644509790286E+03   -0.157180642104557466E+01   -0.462885548302507210E+01    0.399766033102977869E+00   -0.287078633974351582E+01   -0.702389509141426949E+01    1
    0.186489748954772949E+03   -0.139641284942626953E+00   -0.283049464225769043E+01    0.103895795989036560E+00   -0.286109346232795314E+01   -0.703170759141427393E+01    1
    0.145928316537466742E+03    0.422376258792781734E+00   -0.426512874996670011E+01    0.477889099424973873E+00   -0.285704579580066120E+01   -0.703952009141427126E+01    1
    0.224943677188059326E+03   -0.301446303238462665E+00   -0.467446911329381720E+01    0.535747915359987906E-01   -0.285700400618169592E+01   -0.704733259141426593E+01    1
    0.241453092950413662E+03   -0.180800031682239570E+01   -0.294711732766851098E+01    0.130147144474595355E+00   -0.283806638110756015E+01   -0.705514509141426505E+01    1
    0.197904264926910400E+03   -0.100372135639190674E+00   -0.338347852230072021E+01    0.224641948056221008E+00   -0.283425252853324006E+01   -0.706295759141427038E+01    1
    0.322047586030753394E+03   -0.497929008452263844E+00   -0.382456227866919551E+01    0.665525724814310243E-01   -0.283255038835010087E+01   -0.707077009141427748E+01    1
    0.284460421389885028E+03   -0.182025635749874848E+00   -0.393414437344492374E+01    0.144196345832524581E+00   -0.282597992628357364E+01   -0.707858259141427659E+01    1
    0.318048288028521540E+03   -0.149048683792860581E+01   -0.337148069999652300E+01    0.343895718895245589E-01   -0.280654973881800451E+01   -0.708639509141427038E+01    1
    0.129685616038535926E+03   -0.563816733622036770E+00   -0.316503386438409695E+01    0.178930374354814327E-01   -0.279177523254127635E+01   -0.709420759141427215E+01    1
    0.341627340825651231E+03   -0.131761389076424784E+01   -0.477962830744453182E+01    0.367537859716919435E+00   -0.279135015196605440E+01   -0.710202009141427038E+01    1
    0.264377236366271973E+03   -0.758976221084594727E+00   -0.365611135959625244E+01    0.168376950001716624E+00   -0.278908097455490900E+01   -0.710983259141426949E+01    1
    0.249423288363902600E+03   -0.177846409128704197E+00   -0.470435001593175262E+01    0.441776657617439450E+00   -0.277185724003208378E+01   -0.711764509141427482E+01    1
    0.242506329715251923E+03   -0.593948662281036377E+00   -0.385120213031768799E+01    0.264885445404052733E+00   -0.277054874865173595E+01   -0.712545759141426949E+01    1
    0.183036740124225616E+03   -0.177219533920288086E+01   -0.432837665081024170E+01    0.221299095940589913E+00   -0.274574157264538643E+01   -0.713327009141426505E+01    1
    0.184547390016126599E+03    0.408407870650369542E+00   -0.400764518615597254E+01    0.219790580531612489E+00   -0.274565347122217229E+01   -0.714108259141426771E+01    1
    0.260751238465309143E+03   -0.367305040359497070E+00   -0.407623350620269775E+01    0.245730302309989934E+00   -0.273532400269996723E+01   -0.714889509141426682E+01    1
    0.348752705752849579E+03   -0.944387853145599365E+00   -0.414302945137023926E+01    0.134828846311569217E+00   -0.272521941083222385E+01   -0.715670759141426238E+01    1
    0.204414298703485656E+03   -0.358188828751257127E+00   -0.421846999315539950E+01    0.450359628992362093E+00   -0.270665715819770414E+01   -0.716452009141426149E+01    1
    0.293977690596851517E+03   -0.128417824782655332E+01   -0.384956492799798911E+01    0.185927791917039315E+00   -0.268014163706363107E+01   -0.717233259141426416E+01    1
    0.211777892644413669E+03   -0.199507252364367771E+01   -0.294176158363270801E+01    0.204173877749156935E+00   -0.266349432964075250E+01   -0.718014509141426682E+01    1
    0.258497861027717590E+03   -0.131942772865295410E+01   -0.441454112529754639E+01    0.429352131843566909E+00   -0.265692168279215579E+01   -0.718795759141426505E+01    1
    0.264605693519115448E+03   -0.182689756155014038E+01   -0.356148183345794678E+01    0.208274289178848271E+00   -0.264267906954415999E+01   -0.719577009141426505E+01    1
    0.327536325234430478E+03   -0.121930075266059146E+01   -0.451111898019202240E+01    0.281581285700489514E+00   -0.263368334933212189E+01   -0.720358259141426771E+01    1
    0.302488180994987488E+03   -0.188144940137863159E+01   -0.330179274082183838E+01    0.454155698776245106E-01   -0.262539276933528853E+01   -0.721139509141426771E+01    1
    0.285526639917145076E+03   -0.115679331103517846E+01   -0.397060287621120978E+01    0.217762545553716269E+00   -0.262393444807691267E+01   -0.721920759141426682E+01    1
    0.190078088641166687E+03   -0.185428023338317871E+01   -0.395629405975341797E+01    0.126948340272903443E+00   -0.261823156714376770E+01   -0.722702009141426416E+01    1
    0.241029486970335086E+03   -0.140817483400829779E+00   -0.460173710389357904E+01    0.167829757122062266E-01   -0.261517693224646042E+01   -0.723483259141426949E+01    1
    0.279322334960603598E+03   -0.190517400032692552E+01   -0.295718863314945457E+01    0.110022701894488088E-02   -0.261195901497141492E+01   -0.724264509141427215E+01    1
    0.347991879648976919E+03   -0.750584608874200310E+00   -0.406264906132051173E+01    0.722543211217412662E-01   -0.260272774881620350E+01   -0.725045759141426771E+01    1
    0.146462799483999390E+03   -0.900117138091317104E+00   -0.300649750171777264E+01    0.362225398800459120E+00   -0.259807360989868652E+01   -0.725827009141427038E+01    1
    0.238848949704094110E+03   -0.113763710007098040E+01   -0.417971215021488440E+01    0.388529813190931772E+00   -0.259606809944309624E+01   -0.726608259141427482E+01    1
    0.143866014480590820E+03    0.283885240554809570E+00   -0.303616583347320557E+01    0.133118491959571844E+00   -0.259058226660028312E+01   -0.727389509141427393E+01    1
    0.128894639829288394E+03   -0.910831534569836787E+00   -0.252823014945540425E+01    0.306524175578026636E+00   -0.257470208860460614E+01   -0.728170759141427215E+01    1
    0.303789110167050012E+03   -0.129844527766184514E+01   -0.390420132439947087E+01    0.153517289406656404E+00   -0.257096005211293965E+01   -0.728952009141427304E+01    1
    0.170659309457958017E+03   -0.143284725229849563E+01   -0.341072800171883284E+01    0.420938736873343433E+00   -0.256928356605605401E+01   -0.729733259141427304E+01    1
    0.155296927289906364E+03   -0.159186822938768824E+01   -0.342291950377144261E+01    0.988941972715639273E-01   -0.256770346361715074E+01   -0.730514509141427570E+01    1
    0.243403869919900217E+03    0.239625289153789112E+00   -0.480636208920257602E+01    0.295095784662504190E+00   -0.255241022833819287E+01   -0.731295759141427038E+01    1
    0.262240909822937056E+03   -0.644490574892354617E+00   -0.383428940780675109E+01    0.167270371633592457E+00   -0.254889968611760365E+01   -0.732077009141426949E+01    1
    0.172153596580028534E+03   -0.155356955528259277E+01   -0.435067772865295410E+01    0.301451361894607528E+00   -0.254840481419825959E+01   -0.732858259141427482E+01    1
    0.226537235770443203E+03   -0.757600011885370073E+00   -0.462291611463753593E+01    0.505641341857395621E+00   -0.254439792617833538E+01   -0.733639509141427215E+01    1
    0.166898087083136346E+03   -0.129012501445121819E+01   -0.392202652036651012E+01    0.179266949610400822E+00   -0.254421622836625883E+01   -0.734420759141426949E+01    1
    0.330889020921280235E+03   -0.165869758002000300E+01   -0.372543207219734640E+01    0.725345806973696217E-01   -0.254288604357245429E+01   -0.735202009141427038E+01    1
    0.148556530347386854E+03   -0.722187659688716677E+00   -0.336433745433547049E+01    0.483475676806364649E-01   -0.253684574251075157E+01   -0.735983259141427304E+01    1
    0.321497515541815346E+03   -0.782088237247522189E+00   -0.388988508560800028E+01    0.591056219378399694E-01   -0.253521745449404889E+01   -0.736764509141427038E+01    1
    0.263832086558948959E+03   -0.192012665732454346E+01   -0.409057326901826190E+01    0.345958616342736391E+00   -0.253379390330062781E+01   -0.737545759141427038E+01    1
    0.136395290737075442E+03    0.423612129574140184E-01   -0.456493141090302412E+01    0.398954551915309596E+00   -0.253262256520228357E+01   -0.738327009141427215E+01    1
    0.240808700032581413E+03    0.382808005335943946E-01   -0.406924794168764059E+01    0.168616795285475990E+00   -0.251945156944595672E+01   -0.739108259141427570E+01    1
    0.127294160425662994E+03   -0.654143154621124268E+00   -0.470398366451263428E+01    0.547476884651184048E+00   -0.251694752308712388E+01   -0.739889509141427659E+01    1
    0.230400644185921948E+03   -0.167721763925727729E+01   -0.460224802365914343E+01    0.196070809344051356E+00   -0.249585698210942120E+01   -0.740670759141427570E+01    1
    0.178572266566700648E+03   -0.125057424067212541E+01   -0.295752623198368791E+01    0.215026619312672085E+00   -0.249197982280026187E+01   -0.741452009141427482E+01    1
    0.307303315264722301E+03   -0.729546130017655781E+00   -0.450685195621869727E+01    0.241630607738127390E+00   -0.248405283175667613E+01   -0.742233259141426682E+01    1
    0.315532554400373101E+03   -0.729942454675077013E+00   -0.468060327433406620E+01    0.272738183153862668E+00   -0.247841878619460587E+01   -0.743014509141426416E+01    1
    0.245809217456954229E+03   -0.159065606383331559E+01   -0.463914559162323314E+01    0.515656179107527479E+00   -0.247599828456221882E+01   -0.743795759141426238E+01    1
    0.164015791665614643E+03   -0.331258577615128225E+00   -0.280342443507745243E+01    0.133341266459132995E+00   -0.247402393191879355E+01   -0.744577009141426949E+01    1
    0.125429397608764745E+03   -0.492419513850708146E+00   -0.303444317187270274E+01    0.644705495629995656E-01   -0.247284227902231235E+01   -0.745358259141427304E+01    1
    0.167199092962870964E+03    0.179983449187541833E+00   -0.390025966929628165E+01    0.885533044840996625E-01   -0.247156561114747975E+01   -0.746139509141426682E+01    1
    0.295066551436573832E+03   -0.989668910189557938E+00   -0.360916818561158781E+01    0.394119594517740798E-01   -0.244638448398294894E+01   -0.746920759141426505E+01    1
    0.210638044956799718E+03   -0.128854477670992829E+01   -0.399957715808334147E+01    0.726030565437833092E-01   -0.242805489455199508E+01   -0.747702009141426416E+01    1
    0.163271606876141874E+03   -0.159145474733319747E+01   -0.445865936741144786E+01    0.402104835723775478E+00   -0.242162402546969169E+01   -0.748483259141426682E+01    1
    0.210263132426249200E+03    0.259015409565033217E-01   -0.438249121814723441E+01    0.328850789582720349E+00   -0.242140287307543156E+01   -0.749264509141427215E+01    1
    0.244822230716243098E+03   -0.229046029786137417E-01   -0.472213066632168843E+01    0.340312481270446054E+00   -0.241937543000004940E+01   -0.750045759141427659E+01    1
    0.135454110125401968E+03   -0.595433705816010850E-01   -0.276770890556974924E+01    0.187997101798557192E+00   -0.241134417772059706E+01   -0.750827009141427748E+01    1
    0.141061882994865982E+03   -0.409943971205167568E+00   -0.261509166932955628E+01    0.171879530440340017E+00   -0.240789707990455870E+01   -0.751608259141427304E+01    1
    0.208526523622401129E+03   -0.108098464481549938E+01   -0.405443115230226869E+01    0.401449978633709514E+00   -0.240706564157383163E+01   -0.752389509141426505E+01    1
    0.176598345130329335E+03   -0.377807935052103527E+00   -0.401023270746244265E+01    0.413899444963287122E+00   -0.240239308453161726E+01   -0.753170759141426505E+01    1
    0.270144455134868622E+03   -0.745544433593750000E-01   -0.472800970077514648E+01    0.286724320793151854E+00   -0.240230099788401130E+01   -0.753952009141426505E+01    1
    0.239759328479439148E+03   -0.787853841383601150E+00   -0.385886691755828082E+01    0.214555449320271180E+00   -0.240141766819699143E+01   -0.754733259141426505E+01    1
    0.160518468957494264E+03   -0.140289153908763731E+01   -0.291414281401335717E+01    0.273602407137870096E+00   -0.239979440782877340E+01   -0.755514509141427393E+01    1
    0.223405472193187819E+03    0.220632707657938187E+00   -0.429408198908879868E+01    0.717009949932118779E-01   -0.239000470416048838E+01   -0.756295759141428103E+01    1
    0.202226296067237854E+03    0.215430438518524170E+00   -0.421443104743957520E+01    0.113298463153839110E+00   -0.238887482550137431E+01   -0.757077009141427126E+01    1
    0.166052255034446716E+03   -0.567778348922729492E-01   -0.351981580257415771E+01    0.938018360137939447E-02   -0.238694638963358674E+01   -0.757858259141426327E+01    1
    0.322855743479741818E+03   -0.902097996392887680E+00   -0.436330402596753242E+01    0.165676825124219634E+00   -0.238638681998855207E+01   -0.758639509141426505E+01    1
    0.335317266888955146E+03   -0.194878630896466287E+00   -0.453242980727949440E+01    0.103561105730743466E+00   -0.237894509611916805E+01   -0.759420759141427126E+01    1
    0.132064248883810734E+03   -0.304728914129391182E+00   -0.302425555701389559E+01    0.313213980703116568E+00   -0.237541071333259257E+01   -0.760202009141427393E+01    1
    0.172132501006126404E+03   -0.142296546697616577E+01   -0.377731144428253174E+01    0.166311259818077095E+00   -0.237534625987486070E+01   -0.760983259141427126E+01    1
    0.172591582096243542E+03   -0.158874918111780117E+01   -0.336180353660601394E+01    0.567799787202383985E-01   -0.237402081271060172E+01   -0.761764509141427304E+01    1
    0.251899074094318223E+03   -0.628889335751199319E-01   -0.487697521493421249E+01    0.366583116224199923E+00   -0.237267061703078497E+01   -0.762545759141426949E+01    1
    0.186794973742138779E+03   -0.479470091513982455E+00   -0.462275713975972380E+01    0.555587584326559747E+00   -0.236945676797158988E+01   -0.763327009141426949E+01    1
    0.133617262706359043E+03   -0.279871311968339365E+00   -0.347582159521145329E+01    0.165415672192095270E+00   -0.235949686334425035E+01   -0.764108259141427304E+01    1
    0.160112004167084024E+03   -0.112216629381647115E+01   -0.330135759291611208E+01    0.351385034150962117E+00   -0.235906891519660977E+01   -0.764889509141427393E+01    1
    0.145095539093017578E+03    0.177076995372772217E+00   -0.307621479034423828E+01    0.687561016559600918E-01   -0.235591717421645974E+01   -0.765670759141426949E+01    1
    0.153396238124920330E+03   -0.420379868680375468E+00   -0.333098546468125223E+01    0.403979877820651034E-01   -0.235476418737846815E+01   -0.766452009141426771E+01    1
    0.145673188589279732E+03   -0.174584453940092899E+01   -0.249098054058416185E+01    0.233920213291620854E+00   -0.235452884291393483E+01   -0.767233259141426682E+01    1
    0.317540944612936300E+03   -0.159991359186919402E+01   -0.369149095424772966E+01    0.405500764195849683E-01   -0.235330243287645269E+01   -0.768014509141426771E+01    1
    0.250338219106197357E+03   -0.175440514087677002E+01   -0.410760939121246338E+01    0.433717491388320928E-01   -0.234850815145939462E+01   -0.768795759141427126E+01    1
    0.197028245290956988E+03    0.967743822351869731E-01   -0.438571239095102605E+01    0.171536772179400998E+00   -0.234810184392648669E+01   -0.769577009141427393E+01    1
    0.185850707134823750E+03    0.133265996068137493E+00   -0.474290837989630631E+01    0.314466943200126692E+00   -0.234653962822001994E+01   -0.770358259141427570E+01    1
    0.162372080186814259E+03   -0.138889555529786879E+01   -0.309062392925574336E+01    0.113945719146398786E-01   -0.234564180776868714E+01   -0.771139509141427304E+01    1
    0.215450592339038849E+03   -0.187191736698150635E+01   -0.413024246692657471E+01    0.165004893136024483E+00   -0.233838767038939155E+01   -0.771920759141427215E+01    1
    0.181878717772142892E+03   -0.180624341663626620E-01   -0.484643318698744174E+01    0.537299466548226801E+00   -0.233811401689445919E+01   -0.772702009141426860E+01    1
    0.204804460089667998E+03    0.103108229438877874E+00   -0.432661723672090659E+01    0.146217745866879439E+00   -0.232549419988105077E+01   -0.773483259141426682E+01    1
    0.260247778950417569E+03   -0.280928266602831211E-01   -0.448625715047529194E+01    0.857464472549622839E-02   -0.232369788106706521E+01   -0.774264509141426860E+01    1
    0.135109460612008974E+03   -0.119314663324562686E+01   -0.273207268398144754E+01    0.297550488179394612E+00   -0.232273744483221734E+01   -0.775045759141427126E+01    1
    0.237141734836057424E+03   -0.127422380180293748E+01   -0.326452026377634663E+01    0.763282440556281305E-01   -0.232084369629167453E+01   -0.775827009141427570E+01    1
    0.165918720409816672E+03   -0.712921389790525772E+00   -0.327146485571063517E+01    0.628269738192977888E-02   -0.231950006557703459E+01   -0.776608259141427570E+01    1
    0.153739956807515455E+03   -0.825725838810682289E+00   -0.301329231077072013E+01    0.250882621426766983E+00   -0.231829770150711401E+01   -0.777389509141427215E+01    1
    0.197935070097446442E+03   -0.829560160636901855E-01   -0.466736555099487305E+01    0.462301606392860442E+00   -0.231650159768743080E+01   -0.778170759141426682E+01    1
    0.286133250725981497E+03   -0.856113278989943272E+00   -0.422592937412972525E+01    0.184885090384448419E+00   -0.231476787061414280E+01   -0.778952009141426416E+01    1
    0.328787591271782389E+03   -0.150223456273062261E+01   -0.491992381524233302E+01    0.825007053059411410E-01   -0.230418614464295235E+01   -0.779733259141426682E+01    1
    0.269320216353105593E+03   -0.154933408309464005E+01   -0.468998305905846014E+01    0.413599024794226333E+00   -0.230343149956655058E+01   -0.780514509141427038E+01    1
    0.257860554754734039E+03   -0.152097427845001221E+01   -0.450319945812225342E+01    0.130083688545227061E+00   -0.230289537286959511E+01   -0.781295759141427038E+01    1
    0.316646207869052887E+03   -0.547633171081542969E-01   -0.489956915378570557E+01    0.183913228797912609E+00   -0.230026666615243380E+01   -0.782077009141427304E+01    1
    0.214272911366777805E+03   -0.102806556223366297E+01   -0.404609065892448871E+01    0.916844232937186199E-01   -0.229682690394362377E+01   -0.782858259141427038E+01    1
    0.314021135465351392E+03   -0.129936624946013390E+01   -0.401340474354720644E+01    0.932920332859371870E-01   -0.229482397927896864E+01   -0.783639509141426327E+01    1
    0.216846999211348475E+03   -0.175427387171586724E+01   -0.270119921337856805E+01    0.101393222231344476E-01   -0.228755978784688585E+01   -0.784420759141426505E+01    1
    0.348737175762653351E+03   -0.111303031444549561E+01   -0.485669851303100586E+01    0.248160267162323006E+00   -0.228194052766334288E+01   -0.785202009141426771E+01    1
    0.231743762091870792E+03   -0.948731394170024833E+00   -0.422703457160792162E+01    0.323582744447679149E+00   -0.228183840445218244E+01   -0.785983259141426682E+01    1
    0.167910324165229838E+03   -0.174756030640900706E+01   -0.466563564298493993E+01    0.497875459430401623E+00   -0.228059381696578400E+01   -0.786764509141426416E+01    1
    0.180468954145908356E+03    0.490760803222656250E-01   -0.388320147991180420E+01    0.187134758377075189E+00   -0.227980964721044987E+01   -0.787545759141426682E+01    1
    0.175451852763244432E+03    0.574346255893649627E-01   -0.334361382929537054E+01    0.460920927055791657E-01   -0.227913275471714005E+01   -0.788327009141426682E+01    1
    0.184141896095783949E+03   -0.168635933160409390E+01   -0.348719281218226884E+01    0.326351280292773660E+00   -0.227872116032174610E+01   -0.789108259141426682E+01    1
    0.220152572607677286E+03   -0.138599688464501147E+01   -0.433892182119607028E+01    0.432243542026518823E+00   -0.226779108954033060E+01   -0.789889509141427570E+01    1
    0.158795719221300089E+03   -0.119621015557867727E+01   -0.298432135900042672E+01    0.530004260142771105E-02   -0.226466043886357671E+01   -0.790670759141427926E+01    1
    0.256372170022230307E+03   -0.171532242981865712E+01   -0.468319504517565477E+01    0.214125305531378485E+00   -0.226140134229562673E+01   -0.791452009141427482E+01    1
    0.232670200459310252E+03   -0.136841291235945439E+01   -0.408323907180032553E+01    0.823924110579033059E-01   -0.225604637788477724E+01   -0.792233259141427482E+01    1
    0.161172890330188011E+03   -0.329578312217421399E+00   -0.268224853660274754E+01    0.366056515470600044E-01   -0.225543229839760739E+01   -0.793014509141427393E+01    1
    0.210431050356531500E+03   -0.823938730238209516E+00   -0.340568651979263448E+01    0.132835752189737477E+00   -0.225237981935420040E+01   -0.793795759141427215E+01    1
    0.211903093472976877E+03    0.846558105189476606E-02   -0.396760805458442922E+01    0.123079794418163121E+00   -0.225176994335970360E+01   -0.794577009141427126E+01    1
    0.275661940827037370E+03   -0.160476805867725791E+01   -0.455285135981314681E+01    0.121440509583714593E+00   -0.224734549009332785E+01   -0.795358259141427304E+01    1
    0.227235355491060034E+03    0.145403921447000428E-01   -0.413166056280291816E+01    0.910845432803151084E-01   -0.224113389810005259E+01   -0.796139509141427748E+01    1
    0.199655584862953617E+03   -0.112981552769978455E+00   -0.341503435593372418E+01    0.685653739733071976E-01   -0.223763199320549022E+01   -0.796920759141427482E+01    1
    0.277526631951332092E+03   -0.182043290138244629E+01   -0.462196946144104004E+01    0.157400706338882451E+00   -0.223675924092287737E+01   -0.797702009141426860E+01    1
    0.256670213236788186E+03   -0.453614124848844336E+00   -0.408196834572500045E+01    0.138078897458836891E+00   -0.223577061859098691E+01   -0.798483259141427126E+01    1
    0.243579745205987479E+03   -0.354142201735169193E+00   -0.484799856334669865E+01    0.378172511312518000E+00   -0.223575133927749370E+01   -0.799264509141426949E+01    1
    0.222852128107741635E+03   -0.874722562393369207E+00   -0.400110391839479718E+01    0.263325194840273502E+00   -0.223445804110570290E+01   -0.800045759141426771E+01    1
    0.229113374725357005E+03   -0.109781551386935372E+01   -0.411502004211716255E+01    0.910417871815104585E-01   -0.223394916755909589E+01   -0.800827009141427126E+01    1
    0.198593747125091681E+03   -0.151115103775810811E+01   -0.475022354187045348E+01    0.406943670469814556E+00   -0.223121169903117256E+01   -0.801608259141427482E+01    1
    0.178997106131780129E+03   -0.151825758856678927E+00   -0.470032104852956945E+01    0.504086770995785360E+00   -0.223016957528550908E+01   -0.802389509141427659E+01    1
    0.304161188069876289E+03   -0.144126937797926802E+01   -0.484536666607632682E+01    0.131775829099428227E+00   -0.222975604986204701E+01   -0.803170759141426949E+01    1
    0.264164245772787922E+03   -0.143969938240296780E+01   -0.492466276244014978E+01    0.251817771518560662E+00   -0.222755299480060032E+01   -0.803952009141427126E+01    1
    0.230981711472665125E+03   -0.810826344803815324E+00   -0.413411464170444276E+01    0.261317303012735258E+00   -0.222200710990641070E+01   -0.804733259141426949E+01    1
    0.180443332179879519E+03   -0.174782935769907266E+01   -0.259416896831667998E+01    0.623210227141452952E-01   -0.221629163849429789E+01   -0.805514509141426593E+01    1
    0.273542331800116926E+03   -0.152656827253550054E+01   -0.497942298184502619E+01    0.254746241348659586E+00   -0.221259409283439945E+01   -0.806295759141426949E+01    1
    0.322964480576134235E+03   -0.110405963898178072E+01   -0.472365481078300942E+01    0.230531374818732787E+00   -0.221236761912662860E+01   -0.807077009141426949E+01    1
    0.129306827843202512E+03   -0.840899116227449728E+00   -0.344038155511700428E+01    0.454868459503989186E+00   -0.220782367641164967E+01   -0.807858259141426949E+01    1
    0.236506907371368300E+03   -0.344438879450121860E+00   -0.446622123266572491E+01    0.269902269445767229E+00   -0.220638626979020280E+01   -0.808639509141426949E+01    1
    0.139304792050096580E+03   -0.999177400859709408E+00   -0.316542092219645976E+01    0.340202624520059782E+00   -0.220632248161110311E+01   -0.809420759141427482E+01    1
    0.200418168851683504E+03   -0.103240203306019462E+01   -0.469658150912639094E+01    0.360091767657923723E+00   -0.220517004652213711E+01   -0.810202009141427482E+01    1
    0.337222430033277249E+03   -0.160902531764512036E+01   -0.466342749893385733E+01    0.375700513362011018E-01   -0.220325291548797297E+01   -0.810983259141427482E+01    1
    0.222102863470591444E+03   -0.980322464939626492E+00   -0.391850654374674612E+01    0.632236590613608068E-01   -0.220308742954694159E+01   -0.811764509141427126E+01    1
    0.234766685752429709E+03   -0.599397966571744378E+00   -0.418419407639980800E+01    0.229418333349061004E+00   -0.220065073293638402E+01   -0.812545759141427126E+01    1
