    0.299252940714359283E+03    0.494830608367919922E+00    0.391436517238616943E+01    0.556218555521965086E+00   -0.235369624106182101E+03   -0.485202009141426682E+01    1
    0.289665612578392029E+03    0.710868775844573975E+00    0.358856916427612305E+01    0.399893034338951125E+00   -0.205825271707929630E+03   -0.485983259141427482E+01    1
    0.282098537683486938E+03    0.813546061515808105E+00    0.361395597457885742E+01    0.338001618361473077E+00   -0.201230347806770112E+03   -0.486764509141427837E+01    1
    0.214884082973003387E+03    0.693317651748657227E+00    0.403800070285797119E+01    0.431142526316642793E+00   -0.198434848121670882E+03   -0.487545759141427837E+01    1
    0.194850516319274902E+03    0.483321249485015869E+00    0.446262776851654053E+01    0.440076928067207329E+00   -0.197101490952814004E+03   -0.488327009141427215E+01    1
    0.254583968222141266E+03    0.674565792083740234E+00    0.391900539398193359E+01    0.331153548002243059E+00   -0.195531465596386965E+03   -0.489108259141427038E+01    1
    0.209451282024383545E+03   -0.144727772474288940E+01    0.473685383796691895E+01    0.431009706115722646E+00   -0.188849347859152886E+03   -0.489889509141427659E+01    1
    0.303534068167209625E+03    0.195546865463256836E+00    0.310391485691070557E+01    0.490120154356956494E+00   -0.186166669430170657E+03   -0.490670759141427038E+01    1
    0.192590647935867310E+03    0.883223235607147217E+00    0.423136413097381592E+01    0.189646981000900272E+00   -0.173628789469617971E+03   -0.491452009141427393E+01    1
    0.148310180008411407E+03   -0.809545159339904785E+00    0.456778466701507568E+01    0.527243895220756542E+00   -0.169343155317827268E+03   -0.492233259141426949E+01    1
    0.204064789414405823E+03   -0.635315299034118652E+00    0.463771581649780273E+01    0.271560095500946064E+00   -0.168256937456504943E+03   -0.493014509141426949E+01    1
    0.345929305255413055E+03    0.415662527084350586E-01    0.286090910434722900E+01    0.350438884234428427E+00   -0.166716887727649635E+03   -0.493795759141427482E+01    1
    0.249979366362094879E+03   -0.176583886146545410E+01    0.406800210475921631E+01    0.298941322803497334E+00   -0.160821360012764643E+03   -0.494577009141427482E+01    1
    0.346764612197875977E+03   -0.674247741699218750E-01    0.228216409683227539E+01    0.403450657367706300E+00   -0.151390797324818010E+03   -0.495358259141427215E+01    1
    0.318309070169925690E+03   -0.699851036071777344E+00    0.256301164627075195E+01    0.405038256239891092E+00   -0.149468117441063811E+03   -0.496139509141427393E+01    1
    0.251731278002262115E+03   -0.103341788053512573E+01    0.340747177600860596E+01    0.344586334204673772E+00   -0.148816813615058379E+03   -0.496920759141427215E+01    1
    0.149349576234817505E+03   -0.717883527278900146E+00    0.393261313438415527E+01    0.523907218408584563E+00   -0.147869575258827467E+03   -0.497702009141426860E+01    1
    0.251964160799980164E+03   -0.104772067070007324E+01    0.273590743541717529E+01    0.523895277214050270E+00   -0.147356687668287179E+03   -0.498483259141426771E+01    1
    0.334318505227565765E+03    0.862719893455505371E+00    0.144457638263702393E+01    0.344713081455230719E+00   -0.141039453731547979E+03   -0.499264509141426949E+01    1
    0.253354483842849731E+03   -0.132449084520339966E+01    0.347156286239624023E+01    0.259255786299705526E+00   -0.139564147867983081E+03   -0.500045759141427038E+01    1
    0.238495783507823944E+03   -0.992922782897949219E-01    0.399277389049530029E+01    0.686277849912643456E-01   -0.139164696380354201E+03   -0.500827009141427038E+01    1
    0.184703062474727631E+03   -0.123495727777481079E+01    0.438230812549591064E+01    0.177644101667404186E+00   -0.137322735596605014E+03   -0.501608259141426771E+01    1
    0.342678789794445038E+03   -0.101669269800186157E+01    0.284800767898559570E+01    0.105670325732231146E+00   -0.126796166961889995E+03   -0.502389509141427126E+01    1
    0.160399150848388672E+03   -0.999983429908752441E+00    0.358663320541381836E+01    0.359955402159690852E+00   -0.122086592467360020E+03   -0.503170759141427926E+01    1
    0.165851947665214539E+03   -0.103532528877258301E+01    0.324502527713775635E+01    0.440808343291282656E+00   -0.122077439753219579E+03   -0.503952009141427748E+01    1
    0.187099951505661011E+03   -0.183267450332641602E+01    0.265960395336151123E+01    0.553575662112236078E+00   -0.121084521604483186E+03   -0.504733259141427748E+01    1
    0.265540108084678650E+03    0.680938363075256348E+00    0.247224092483520508E+01    0.952996712207794250E-01   -0.120535859331132571E+03   -0.505514509141427215E+01    1
    0.231056328117847443E+03   -0.763472497463226318E+00    0.299042940139770508E+01    0.237119370460510265E+00   -0.118738976314222285E+03   -0.506295759141426593E+01    1
    0.184732258319854736E+03    0.292967379093170166E+00    0.379017651081085205E+01    0.387783127784728995E-01   -0.117391316425556653E+03   -0.507077009141427304E+01    1
    0.309179635345935822E+03   -0.176100963354110718E+01    0.292992413043975830E+01    0.426650351285934454E-01   -0.111571125015988088E+03   -0.507858259141427304E+01    1
    0.343731395900249481E+03    0.446379184722900391E+00    0.301253199577331543E+00    0.532640462207794263E+00   -0.111421695870944887E+03   -0.508639509141426860E+01    1
    0.184807440638542175E+03   -0.197531545162200928E+01    0.290153324604034424E+01    0.401756986570358299E+00   -0.111287587274136030E+03   -0.509420759141426771E+01    1
    0.340911227464675903E+03   -0.907011806964874268E+00    0.994227528572082520E+00    0.422139377403259297E+00   -0.105707579544542071E+03   -0.510202009141427126E+01    1
    0.318268233537673950E+03   -0.958755373954772949E+00    0.136471569538116455E+01    0.345152005648612981E+00   -0.103676538498181486E+03   -0.510983259141427748E+01    1
    0.236415663361549377E+03   -0.112515854835510254E+01    0.196592688560485840E+01    0.385711978769302355E+00   -0.103404011591164647E+03   -0.511764509141427038E+01    1
    0.287512549757957458E+03   -0.848244607448577881E+00    0.198097407817840576E+01    0.223888185739517215E+00   -0.102195875007553624E+03   -0.512545759141426505E+01    1
    0.143928469717502594E+03    0.711362123489379883E+00    0.234721302986145020E+01    0.330757305049896255E+00   -0.996527014352841150E+02   -0.513327009141426593E+01    1
    0.193659977614879608E+03   -0.161502933502197266E+01    0.186616837978363037E+01    0.539040908360481241E+00   -0.992303762362932957E+02   -0.514108259141427038E+01    1
    0.152071388065814972E+03   -0.102014309167861938E+01    0.322724759578704834E+01    0.254545872116088867E+00   -0.973729366019900340E+02   -0.514889509141427304E+01    1
    0.266808444261550903E+03   -0.149443703889846802E+01    0.235779881477355957E+01    0.130005763721466078E+00   -0.955217321198275329E+02   -0.515670759141427038E+01    1
    0.283100356161594391E+03    0.145952641963958740E+00    0.222978770732879639E+01    0.952688970565795934E-02   -0.953680492203974524E+02   -0.516452009141426771E+01    1
    0.158513034880161285E+03   -0.181857573986053467E+01    0.382261931896209717E+01    0.450410940170288127E-01   -0.927091692350749952E+02   -0.517233259141426593E+01    1
    0.148508542776107788E+03   -0.992337524890899658E+00    0.287431478500366211E+01    0.321878344559669516E+00   -0.926804309154356361E+02   -0.518014509141426593E+01    1
    0.248601046204566956E+03   -0.151083928346633911E+01    0.115839838981628418E+01    0.482648412466049226E+00   -0.916355552246888152E+02   -0.518795759141426949E+01    1
    0.166453902423381805E+03   -0.169883406162261963E+01    0.334341824054718018E+01    0.117413808202743539E+00   -0.898893020125543956E+02   -0.519577009141427038E+01    1
    0.269510903954505920E+03    0.354690551757812500E+00    0.164973139762878418E+00    0.528911909508705147E+00   -0.890681397535325488E+02   -0.520358259141426593E+01    1
    0.286192286014556885E+03   -0.187844532728195190E+01    0.181463479995727539E+01    0.190799067449569704E+00   -0.889585931015320170E+02   -0.521139509141426771E+01    1
    0.127998991310596466E+03   -0.190142560005187988E+01    0.426002204418182373E+01    0.251008003234863275E-01   -0.888833904063712623E+02   -0.521920759141426860E+01    1
    0.315358452498912811E+03    0.505239009857177734E+00    0.903194546699523926E+00    0.163855809044837958E+00   -0.884837801369979218E+02   -0.522702009141426593E+01    1
    0.172530460357666016E+03    0.389511704444885254E+00    0.141462981700897217E+01    0.456354277396202102E+00   -0.871368215660005774E+02   -0.523483259141426860E+01    1
    0.170454779267311096E+03    0.851292788982391357E+00    0.932247042655944824E+00    0.383657752132415764E+00   -0.825776474144938106E+02   -0.524264509141427393E+01    1
    0.236436718702316284E+03   -0.778353214263916016E+00    0.966634750366210938E+00    0.400144822955131541E+00   -0.801989190308370041E+02   -0.525045759141427482E+01    1
    0.289794211089611053E+03   -0.373421370983123779E+00    0.249379873275756836E-01    0.451785132837295544E+00   -0.755455924708148814E+02   -0.525827009141427659E+01    1
    0.173096768558025360E+03    0.467616915702819824E+00    0.553585290908813477E+00    0.531750433802604672E+00   -0.746342844207178757E+02   -0.526608259141428015E+01    1
    0.234635816514492035E+03   -0.142505043745040894E+01    0.976019501686096191E+00    0.370047690367698690E+00   -0.743093757689139380E+02   -0.527389509141427659E+01    1
    0.191089831292629242E+03    0.990242838859558105E+00    0.189995765686035156E+00    0.305591612863540640E+00   -0.699552486166865890E+02   -0.528170759141427126E+01    1
    0.185387052595615387E+03   -0.667017757892608643E+00    0.155088841915130615E+01    0.228080909729003911E+00   -0.673177767768148385E+02   -0.528952009141427393E+01    1
    0.210625325143337250E+03    0.571359932422637939E+00   -0.564771890640258789E-01    0.404128473687171974E+00   -0.640329684722467363E+02   -0.529733259141427126E+01    1
    0.180353739857673645E+03    0.224246144294738770E+00    0.127238929271697998E+01    0.192019150471687328E+00   -0.634673272858487181E+02   -0.530514509141426416E+01    1
    0.210600206255912781E+03   -0.449279785156250000E+00    0.673264861106872559E+00    0.333824588513374321E+00   -0.629174988353228173E+02   -0.531295759141427038E+01    1
    0.276826642453670502E+03    0.277164340019226074E+00    0.872455835342407227E+00    0.392592358589172359E-02   -0.623544867021382458E+02   -0.532077009141427038E+01    1
    0.275355061888694763E+03   -0.852156162261962891E+00    0.105935692787170410E+01    0.512381304502487200E-01   -0.621011292858878718E+02   -0.532858259141426416E+01    1
    0.196176399290561676E+03   -0.570239365100860596E+00    0.810378789901733398E+00    0.302532347059249862E+00   -0.593069064626284046E+02   -0.533639509141427304E+01    1
    0.258921864628791809E+03    0.897809088230133057E+00   -0.919882059097290039E+00    0.283207980179786711E+00   -0.571073171442514251E+02   -0.534420759141427837E+01    1
    0.156332921981811523E+03    0.772443711757659912E+00    0.843881368637084961E+00    0.148239319539070130E+00   -0.556307982278875599E+02   -0.535202009141427126E+01    1
    0.311007480323314667E+03   -0.697330832481384277E+00   -0.520704984664916992E+00    0.299550289607048048E+00   -0.543451842946364110E+02   -0.535983259141427126E+01    1
    0.175336198508739471E+03   -0.288242638111114502E+00    0.556029081344604492E+00    0.356153018760681173E+00   -0.543064386038477949E+02   -0.536764509141427837E+01    1
    0.185573922097682953E+03   -0.788888752460479736E+00    0.137714207172393799E+01    0.978564856767654423E-01   -0.535522868936570831E+02   -0.537545759141427215E+01    1
    0.285269324481487274E+03    0.583582222461700439E+00   -0.288847684860229492E+00    0.114047994875907902E+00   -0.535053553248065370E+02   -0.538327009141427126E+01    1
    0.262989836931228638E+03    0.254334986209869385E+00   -0.147442877292633057E+01    0.567428607773780791E+00   -0.520540876205669463E+02   -0.539108259141427482E+01    1
    0.308788743615150452E+03   -0.128495150804519653E+01   -0.118309199810028076E+01    0.485956771588325509E+00   -0.516040570722350012E+02   -0.539889509141427748E+01    1
    0.215721750259399414E+03   -0.133694005012512207E+01   -0.268982052803039551E+00    0.477573438906669645E+00   -0.511255611238769774E+02   -0.540670759141427926E+01    1
    0.214315655827522278E+03   -0.142280828952789307E+01    0.178599357604980469E-01    0.401768654823303262E+00   -0.509587457314513017E+02   -0.541452009141427926E+01    1
    0.307066081464290619E+03   -0.127036654949188232E+01   -0.433887839317321777E+00    0.259457319545745857E+00   -0.502811278711991960E+02   -0.542233259141428015E+01    1
    0.151915471255779266E+03   -0.119657182693481445E+01    0.727231502532958984E+00    0.363701661944389354E+00   -0.475029989248697149E+02   -0.543014509141427837E+01    1
    0.246005915105342865E+03    0.848750948905944824E+00   -0.135262012481689453E+01    0.318495438265800512E+00   -0.472759869239806108E+02   -0.543795759141427748E+01    1
    0.188975660502910614E+03   -0.137733966112136841E+01    0.782680511474609375E-01    0.370177235269546545E+00   -0.449879230517926700E+02   -0.544577009141427748E+01    1
    0.260606077313423157E+03   -0.141762071847915649E+01   -0.303713083267211914E+00    0.232644117808341988E+00   -0.429409055131899677E+02   -0.545358259141427038E+01    1
    0.224378177523612976E+03    0.403063833713531494E+00   -0.423200726509094238E+00    0.201088828897476202E+00   -0.417877585665211342E+02   -0.546139509141426327E+01    1
    0.256229020655155182E+03   -0.197365391254425049E+01    0.457521080970764160E+00    0.374951802492141731E-01   -0.417605197362349259E+02   -0.546920759141426149E+01    1
    0.177990311384201050E+03   -0.538053929805755615E+00   -0.630041956901550293E+00    0.490287842845916755E+00   -0.405867077060921275E+02   -0.547702009141426238E+01    1
    0.257035480439662933E+03    0.167410671710968018E+00   -0.761472582817077637E+00    0.202616073560714732E+00   -0.397347729056720311E+02   -0.548483259141427393E+01    1
    0.304175665974617004E+03   -0.197950309514999390E+01   -0.182146191596984863E+01    0.517282721328735318E+00   -0.389834745695415279E+02   -0.549264509141427659E+01    1
    0.286289717257022858E+03    0.116709947586059570E+00   -0.962302088737487793E+00    0.179306725358963026E+00   -0.387304209654396772E+02   -0.550045759141427482E+01    1
    0.172736386954784393E+03   -0.418756783008575439E+00   -0.416243076324462891E+00    0.405239243602752708E+00   -0.381108472991149299E+02   -0.550827009141427482E+01    1
    0.242990589141845703E+03   -0.118091773986816406E+01   -0.124794423580169678E+01    0.456375566840171831E+00   -0.380308254773897261E+02   -0.551608259141426771E+01    1
    0.337038560211658478E+03    0.829187631607055664E+00   -0.205607175827026367E+01    0.127138546442985528E+00   -0.362749089538261273E+02   -0.552389509141426327E+01    1
    0.219282127916812897E+03    0.471400797367095947E+00   -0.161737501621246338E+01    0.434368627667427065E+00   -0.358704777948790579E+02   -0.553170759141427304E+01    1
    0.274277886748313904E+03   -0.150019913911819458E+01   -0.109274148941040039E+01    0.301105135488510145E+00   -0.356382022441316479E+02   -0.553952009141427837E+01    1
    0.335811489820480347E+03   -0.192535877227783203E+00   -0.162279427051544189E+01    0.230437248587608334E+00   -0.353427194685083066E+02   -0.554733259141427215E+01    1
    0.329909785091876984E+03    0.739494740962982178E+00   -0.240239441394805908E+01    0.231324922871589678E+00   -0.338444316247377799E+02   -0.555514509141427126E+01    1
    0.237555213272571564E+03   -0.125937342643737793E+01    0.153553485870361328E-01    0.291232087612152100E-01   -0.333274075775237080E+02   -0.556295759141427038E+01    1
    0.186333389580249786E+03    0.598870992660522461E+00   -0.278297066688537598E+00    0.487992949962616010E-01   -0.331067368793258652E+02   -0.557077009141426682E+01    1
    0.177431634068489075E+03    0.591985940933227539E+00   -0.525854825973510742E+00    0.143722170352935802E+00   -0.324414037929018377E+02   -0.557858259141426949E+01    1
    0.254507552087306976E+03   -0.154448956251144409E+01   -0.569626092910766602E+00    0.140085906028747570E+00   -0.318757459371377685E+02   -0.558639509141427038E+01    1
    0.317743687331676483E+03   -0.169203162193298340E+00   -0.177663505077362061E+01    0.231101997828483591E+00   -0.310776367528593340E+02   -0.559420759141427038E+01    1
    0.191736015677452087E+03   -0.165865725278854370E+01   -0.396039485931396484E+00    0.269124978876113918E+00   -0.309430063427843933E+02   -0.560202009141427748E+01    1
    0.133461149036884308E+03   -0.953080356121063232E+00   -0.303468704223632812E+00    0.440627007722854624E+00   -0.304024075978321022E+02   -0.560983259141427482E+01    1
    0.235523614287376404E+03   -0.114728552103042603E+01   -0.576993227005004883E+00    0.141386029171943678E+00   -0.303592463484969386E+02   -0.561764509141427304E+01    1
    0.340295673906803131E+03    0.928085505962371826E+00   -0.300949871540069580E+01    0.209886213970184338E+00   -0.291629310922529115E+02   -0.562545759141427126E+01    1
    0.226050508022308350E+03   -0.191951370239257812E+01   -0.448948144912719727E+00    0.124952045488357547E+00   -0.278843897530117033E+02   -0.563327009141427126E+01    1
    0.339138488471508026E+03   -0.174103826284408569E+01   -0.168740034103393555E+01    0.187971324348449709E+00   -0.275427833115301972E+02   -0.564108259141427304E+01    1
    0.348419991135597229E+03    0.663328588008880615E+00   -0.303868234157562256E+01    0.286946085834503206E+00   -0.275057265639131856E+02   -0.564889509141427038E+01    1
    0.247706167399883270E+03    0.199441432952880859E+00   -0.256538927555084229E+01    0.508265618276596109E+00   -0.273039962491158619E+02   -0.565670759141426860E+01    1
    0.138272508978843689E+03   -0.130486565828323364E+01   -0.115305185317993164E-01    0.273318453454971300E+00   -0.266853246983846901E+02   -0.566452009141426682E+01    1
    0.222613324224948883E+03   -0.136207771301269531E+01   -0.192075192928314209E+01    0.504162657952308635E+00   -0.266134735866337166E+02   -0.567233259141426682E+01    1
    0.242647950351238251E+03   -0.133469557762145996E+01   -0.198615610599517822E+01    0.449184340667724613E+00   -0.261179412262468595E+02   -0.568014509141426771E+01    1
    0.167109581828117371E+03   -0.536066591739654541E+00   -0.476619005203247070E+00    0.216967239975929260E+00   -0.258242221746175176E+02   -0.568795759141426771E+01    1
    0.255883136391639709E+03   -0.427946746349334717E+00   -0.178526401519775391E+01    0.281522190570831332E+00   -0.252127843769375986E+02   -0.569577009141426771E+01    1
    0.317254774272441864E+03   -0.166233491897583008E+01   -0.305144786834716797E+01    0.559729642009735073E+00   -0.251780331658648606E+02   -0.570358259141427038E+01    1
    0.223200942575931549E+03   -0.627201616764068604E+00   -0.475124120712280273E+00    0.603736560344696107E-02   -0.248070221786174230E+02   -0.571139509141427126E+01    1
    0.145892289280891418E+03    0.835478305816650391E-03   -0.474688410758972168E+00    0.234729800963401791E+00   -0.245813941906118387E+02   -0.571920759141427038E+01    1
    0.330265499651432037E+03   -0.194584155082702637E+01   -0.207193255424499512E+01    0.251065866851806652E+00   -0.242014650410817502E+02   -0.572702009141427482E+01    1
    0.193763819336891174E+03   -0.177407431602478027E+01   -0.827165246009826660E+00    0.240370548319816607E+00   -0.236693077446800650E+02   -0.573483259141427482E+01    1
    0.141972951591014862E+03   -0.168415594100952148E+01   -0.505436062812805176E+00    0.346529030084610001E+00   -0.234040125865961173E+02   -0.574264509141427038E+01    1
    0.133816246688365936E+03   -0.944782495498657227E+00   -0.383684039115905762E+00    0.302531528234481817E+00   -0.230601848619033660E+02   -0.575045759141426860E+01    1
    0.278525365889072418E+03    0.288196980953216553E+00   -0.332953631877899170E+01    0.514785305786132796E+00   -0.221558615605475566E+02   -0.575827009141427304E+01    1
    0.349412073194980621E+03   -0.138405734300613403E+01   -0.183482050895690918E+01    0.759610772609710660E-01   -0.219840612569050080E+02   -0.576608259141427304E+01    1
    0.309259162843227386E+03    0.812873899936676025E+00   -0.366017758846282959E+01    0.342153025817871104E+00   -0.218937538482994611E+02   -0.577389509141427215E+01    1
    0.185841593146324158E+03   -0.188394117355346680E+01   -0.107997536659240723E+01    0.291051912045478811E+00   -0.216691692469547235E+02   -0.578170759141427126E+01    1
    0.187943010032176971E+03   -0.443136453628540039E+00   -0.180124521255493164E+01    0.409452779388427723E+00   -0.215417057759313835E+02   -0.578952009141427215E+01    1
    0.161877182126045227E+03   -0.170956397056579590E+01   -0.760673880577087402E+00    0.287232538032531737E+00   -0.215151639534768506E+02   -0.579733259141427038E+01    1
    0.152717424929141998E+03   -0.171999830007553101E+01   -0.107049942016601562E-02    0.985446737766265957E-01   -0.212378335191157177E+02   -0.580514509141426771E+01    1
    0.309178227186203003E+03   -0.112767124176025391E+01   -0.340805709362030029E+01    0.554605811905860890E+00   -0.210676883065958194E+02   -0.581295759141427393E+01    1
    0.202552962303161621E+03   -0.156185668706893921E+01   -0.163573324680328369E+01    0.370896265769004807E+00   -0.209952570067197755E+02   -0.582077009141427482E+01    1
    0.132383893430233002E+03    0.692331850528717041E+00   -0.509061813354492188E+00    0.439254452705383283E-01   -0.207941823405714104E+02   -0.582858259141427570E+01    1
    0.297391688823699951E+03   -0.172735774517059326E+01   -0.166859149932861328E+01    0.118714067816734312E+00   -0.206891853685225087E+02   -0.583639509141427126E+01    1
    0.210843053460121155E+03   -0.114203929901123047E+00   -0.196011543273925781E+01    0.339265133213996872E+00   -0.206413955044878534E+02   -0.584420759141426860E+01    1
    0.221397358179092407E+03   -0.190446794033050537E+01   -0.118336141109466553E+01    0.186201809906959531E+00   -0.205815764274961310E+02   -0.585202009141427393E+01    1
    0.304064595699310303E+03   -0.513125658035278320E+00   -0.188696444034576416E+01    0.828249441146850646E-01   -0.202751981344741310E+02   -0.585983259141427748E+01    1
    0.130095352232456207E+03    0.732440352439880371E+00   -0.152410924434661865E+01    0.320996402049064655E+00   -0.202235660740589012E+02   -0.586764509141427215E+01    1
    0.139306795597076416E+03    0.636200726032257080E+00   -0.465127229690551758E+00    0.869967198371887195E-03   -0.200038104310649061E+02   -0.587545759141427215E+01    1
    0.244500270485877991E+03   -0.187748348712921143E+01   -0.183471679687500000E+01    0.275311336469650281E+00   -0.194936469106953254E+02   -0.588327009141427304E+01    1
    0.291720184683799744E+03   -0.520494937896728516E+00   -0.280161440372467041E+01    0.350594904470443725E+00   -0.192622829604537529E+02   -0.589108259141427215E+01    1
    0.284087918698787689E+03   -0.686721622943878174E+00   -0.209200084209442139E+01    0.170061101961135858E+00   -0.189991038057359916E+02   -0.589889509141427570E+01    1
    0.155503877997398376E+03    0.360984086990356445E+00   -0.182013809680938721E+01    0.394795133686065669E+00   -0.189485668727848484E+02   -0.590670759141427304E+01    1
    0.137984640896320343E+03   -0.155814075469970703E+01   -0.621123909950256348E+00    0.275294823503494268E+00   -0.186676671965634853E+02   -0.591452009141427748E+01    1
    0.306257489323616028E+03    0.129699707031250000E+00   -0.273724496364593506E+01    0.215957219624519359E+00   -0.186269205579140333E+02   -0.592233259141427659E+01    1
    0.338725401461124420E+03    0.752361834049224854E+00   -0.450423598289489746E+01    0.460990838527679470E+00   -0.184776514238279645E+02   -0.593014509141427659E+01    1
    0.215932504832744598E+03   -0.100384777784347534E+01   -0.186342120170593262E+01    0.294348807621002184E+00   -0.183322682010487554E+02   -0.593795759141427748E+01    1
    0.198420523107051849E+03   -0.793279170989990234E+00   -0.161855340003967285E+01    0.265784446763992321E+00   -0.182157941750232197E+02   -0.594577009141426949E+01    1
    0.169931936264038086E+03    0.129081726074218750E+00   -0.246889650821685791E+01    0.531801439762115469E+00   -0.179513430556511793E+02   -0.595358259141426593E+01    1
    0.253724843263626099E+03   -0.876918315887451172E+00   -0.256363749504089355E+01    0.359856017303466835E+00   -0.177867235503311498E+02   -0.596139509141426860E+01    1
    0.193863656244574031E+03   -0.176909526717944732E+01   -0.152565484497301185E+01    0.294422823291368263E+00   -0.177503453832150910E+02   -0.596920759141426593E+01    1
    0.185730294883251190E+03   -0.131601202487945557E+01   -0.224932372570037842E+01    0.494627921175956720E+00   -0.175475391086795121E+02   -0.597702009141426682E+01    1
    0.137322403490543365E+03    0.128830492496490479E+00   -0.122909545898437500E+01    0.290254206132888826E+00   -0.170689836499060839E+02   -0.598483259141427570E+01    1
    0.239240780472755432E+03    0.777775228023529053E+00   -0.401049196720123291E+01    0.496149468183517461E+00   -0.165699204083489171E+02   -0.599264509141427126E+01    1
    0.225961967044350331E+03    0.586792477504010979E+00   -0.357895442861424407E+01    0.497600821674068494E+00   -0.164187180017749235E+02   -0.600045759141427215E+01    1
    0.340840604901313782E+03    0.575102686882019043E+00   -0.406253755092620850E+01    0.353187133097648653E+00   -0.163390594667722162E+02   -0.600827009141427126E+01    1
    0.289259231090545654E+03   -0.411978662014007568E+00   -0.288606286048889160E+01    0.275710138249397274E+00   -0.156530517973100949E+02   -0.601608259141427038E+01    1
    0.167148111760616302E+03   -0.168459975719451904E+01   -0.885421633720397949E+00    0.133824557733535771E+00   -0.152703726650474714E+02   -0.602389509141427926E+01    1
    0.334929338097572327E+03   -0.104040521383285522E+01   -0.392245233058929443E+01    0.479496141815185573E+00   -0.149473111657297721E+02   -0.603170759141427570E+01    1
    0.342930461466312408E+03    0.411484181880950928E+00   -0.434832990169525146E+01    0.453323875164985679E+00   -0.149255032910899654E+02   -0.603952009141427215E+01    1
    0.220696362853050232E+03    0.948727607727050781E+00   -0.449605584144592285E+01    0.547711239123344407E+00   -0.147818217056342327E+02   -0.604733259141427837E+01    1
    0.288968159455408909E+03   -0.844560172858842551E+00   -0.277732677211519929E+01    0.239595145812129734E+00   -0.145224359119905682E+02   -0.605514509141427748E+01    1
    0.201245224475860596E+03    0.578020572662353516E+00   -0.236289978027343750E+01    0.173455676507949824E+00   -0.144701941235246139E+02   -0.606295759141427126E+01    1
    0.275330613553524017E+03    0.840737044811248779E+00   -0.459367632865905762E+01    0.459830325007438701E+00   -0.143399627231933540E+02   -0.607077009141427482E+01    1
    0.321604137122631073E+03   -0.138009786605834961E-01   -0.428684115409851074E+01    0.516452774190902741E+00   -0.141749973307562804E+02   -0.607858259141427482E+01    1
    0.224133667349815369E+03   -0.152193039655685425E+01   -0.229041516780853271E+01    0.289596348667144787E+00   -0.138804943210381673E+02   -0.608639509141426860E+01    1
    0.291293125192001753E+03   -0.392952062874487362E+00   -0.335218730249148678E+01    0.341535597521112511E+00   -0.136744699401633039E+02   -0.609420759141427393E+01    1
    0.165526599693313841E+03   -0.249951485046258526E+00   -0.266424037020400029E+01    0.521111202203960122E+00   -0.136489509468458792E+02   -0.610202009141427393E+01    1
    0.311580252647399902E+03   -0.153060555458068848E-01   -0.399480164051055908E+01    0.429928140950202931E+00   -0.134517779108712698E+02   -0.610983259141426860E+01    1
    0.256262145936489105E+03   -0.177906054258346558E+01   -0.314915478229522705E+01    0.434829898953437821E+00   -0.132603895249563273E+02   -0.611764509141427482E+01    1
    0.315194206112992731E+03   -0.664207034773838689E+00   -0.432318720587407856E+01    0.551467389371891770E+00   -0.130413729873738902E+02   -0.612545759141427215E+01    1
    0.335138295590877533E+03    0.441492915153503418E+00   -0.458088040351867676E+01    0.458112737703323392E+00   -0.130124711092175325E+02   -0.613327009141427215E+01    1
    0.329701055586338043E+03   -0.109415256977081299E+01   -0.245995640754699707E+01    0.245224029779434229E-01   -0.129910179268965251E+02   -0.614108259141427126E+01    1
    0.166688635945320129E+03    0.351289868354797363E+00   -0.215037465095520020E+01    0.264398074078559864E+00   -0.128079497923577144E+02   -0.614889509141426327E+01    1
    0.221577169139567815E+03    0.992903060446659325E+00   -0.348285150845264191E+01    0.141283563511899884E+00   -0.125094827315667025E+02   -0.615670759141427038E+01    1
    0.260509407798625887E+03    0.211972777289914482E+00   -0.358740197059339172E+01    0.371963009664389499E+00   -0.122966537669970517E+02   -0.616452009141426771E+01    1
    0.261241675342217718E+03   -0.106283471381073391E+01   -0.315233241920164664E+01    0.349654646154621385E+00   -0.122447482489371584E+02   -0.617233259141426593E+01    1
    0.276276361262969033E+03   -0.114011726224544319E+01   -0.241437586153244155E+01    0.101585711544960322E+00   -0.121427473070304810E+02   -0.618014509141427659E+01    1
    0.182083469629287720E+03    0.357845187187194824E+00   -0.315821349620819092E+01    0.456177445363998402E+00   -0.120400300520927068E+02   -0.618795759141427215E+01    1
    0.241719838968076260E+03    0.709002886132119592E+00   -0.360682221046613183E+01    0.247058604770694440E+00   -0.117553726675601951E+02   -0.619577009141426949E+01    1
    0.321264851093292236E+03    0.466291546821594238E+00   -0.314436376094818115E+01    0.296225895166397114E-01   -0.116403554690590738E+02   -0.620358259141426771E+01    1
    0.169677166640758514E+03   -0.165610986948013306E+01   -0.167072236537933350E+01    0.227618921971321109E+00   -0.115611866447684601E+02   -0.621139509141426327E+01    1
    0.252018448710441589E+03    0.364786386489868164E-02   -0.406003057956695557E+01    0.529146843981742832E+00   -0.114051480173968329E+02   -0.621920759141426949E+01    1
    0.153051480650901794E+03    0.912798523902893066E+00   -0.318336009979248047E+01    0.306533363699913020E+00   -0.114012888369746754E+02   -0.622702009141427304E+01    1
    0.173101489245891571E+03   -0.154396545886993408E+01   -0.116417348384857178E+01    0.481771587610244773E-01   -0.112823049678683294E+02   -0.623483259141427393E+01    1
    0.224754357337951660E+03   -0.183825796842575073E+01   -0.325003981590270996E+01    0.486457789993286149E+00   -0.111983703873221909E+02   -0.624264509141427482E+01    1
    0.274512647092342377E+03    0.628530323505401611E+00   -0.393319606781005859E+01    0.266973550915718061E+00   -0.111712210399804075E+02   -0.625045759141427126E+01    1
    0.317757111787796021E+03   -0.188358461856842041E+01   -0.347476422786712646E+01    0.300861944532394399E+00   -0.108984205176040465E+02   -0.625827009141426860E+01    1
    0.307516494560572767E+03   -0.466927151935577101E+00   -0.443002983389187399E+01    0.510327648752572971E+00   -0.108959684821795584E+02   -0.626608259141427304E+01    1
    0.323820620775222778E+03   -0.151184421777725220E+01   -0.434633135795593262E+01    0.505408329248428378E+00   -0.106210593511422964E+02   -0.627389509141427126E+01    1
    0.126481139838897036E+03   -0.220482306544432571E+00   -0.439117386541928312E+01    0.987762436654843028E-02   -0.106026398352880680E+02   -0.628170759141427304E+01    1
    0.209587511420249939E+03   -0.583336949348449707E-01   -0.235492467880249023E+01    0.142331874132156366E+00   -0.104703718871806437E+02   -0.628952009141427304E+01    1
    0.169566456834177131E+03    0.274949910821116639E+00   -0.314318308297321103E+01    0.466013178601076550E+00   -0.104475414506164448E+02   -0.629733259141426682E+01    1
    0.322774854302406311E+03   -0.186920762062072754E+00   -0.301769673824310303E+01    0.477739899158477824E-01   -0.103974719477741218E+02   -0.630514509141426771E+01    1
    0.242020997405052185E+03    0.181063294410705566E+00   -0.335590600967407227E+01    0.280300231075286899E+00   -0.100900578931113358E+02   -0.631295759141427393E+01    1
    0.250108080598895640E+03   -0.107953629415685981E+00   -0.271956208223131268E+01    0.115992850746435811E+00   -0.100588100419045414E+02   -0.632077009141427393E+01    1
    0.282609806954860687E+03    0.441906332969665527E+00   -0.304324924945831299E+01    0.312344801902771016E-01   -0.991959561725007433E+01   -0.632858259141427215E+01    1
    0.154248769552443491E+03    0.763509357399395405E+00   -0.256383872346796915E+01    0.143110765748565044E+00   -0.991364140012122697E+01   -0.633639509141427126E+01    1
    0.210961084067821503E+03   -0.192743855714797974E+01   -0.194626629352569580E+01    0.109761310744285592E+00   -0.988197433316307539E+01   -0.634420759141426949E+01    1
    0.206207937675712259E+03   -0.113941127068605264E+01   -0.191229405619510739E+01    0.718793083569180952E-01   -0.980899818476628660E+01   -0.635202009141426949E+01    1
    0.161689208439116726E+03   -0.696280979010098555E+00   -0.222749451615837923E+01    0.296381920861218284E+00   -0.976465451716482846E+01   -0.635983259141426771E+01    1
    0.294781228899955750E+03   -0.776798427104949951E+00   -0.272966206073760986E+01    0.353769829273223868E-01   -0.958762632009254823E+01   -0.636764509141426682E+01    1
    0.153681874224348888E+03   -0.939509319937433141E+00   -0.178539242416734956E+01    0.202316983539953560E+00   -0.943938094250118631E+01   -0.637545759141426593E+01    1
    0.260914685167845107E+03    0.521536958580824717E+00   -0.393267166670521817E+01    0.278676768383806950E+00   -0.936260502186380172E+01   -0.638327009141426771E+01    1
    0.312197710573673248E+03   -0.122350817918777466E+01   -0.378302156925201416E+01    0.301596942114830013E+00   -0.931621283844663672E+01   -0.639108259141427304E+01    1
    0.302900518194505537E+03   -0.193232572264089741E+01   -0.428206609731346433E+01    0.496876115107430960E+00   -0.924473756008251257E+01   -0.639889509141427215E+01    1
    0.256214304616489642E+03    0.346554765952653554E-01   -0.379054014086382640E+01    0.347129534000255258E+00   -0.915281835838047186E+01   -0.640670759141427126E+01    1
    0.135694809484881660E+03    0.910856036336717079E+00   -0.256850688720132458E+01    0.931226129524452551E-01   -0.906345071130962765E+01   -0.641452009141427126E+01    1
    0.175574713945388794E+03   -0.525510489940643311E+00   -0.230151414871215820E+01    0.216313613104820252E+00   -0.905872235405653470E+01   -0.642233259141426949E+01    1
    0.176305557076486053E+03   -0.902711090869279253E+00   -0.274893752420529980E+01    0.365114073430044872E+00   -0.904098283928117930E+01   -0.643014509141427215E+01    1
    0.295982201397418976E+03   -0.102343595027923584E+01   -0.374363780021667480E+01    0.297231650805473313E+00   -0.876091219608881566E+01   -0.643795759141427748E+01    1
    0.160867608775238807E+03   -0.503624447025590172E-01   -0.191731045253231791E+01    0.114262543616417508E+00   -0.869290066157241448E+01   -0.644577009141427570E+01    1
    0.326156878471374512E+03   -0.105381768941879272E+01   -0.413325250148773193E+01    0.334397902321815488E+00   -0.861799506126225623E+01   -0.645358259141426771E+01    1
    0.327308873832225800E+03   -0.195897936820983887E+00   -0.319956243038177490E+01    0.984223959445953457E-02   -0.847089613173692513E+01   -0.646139509141426860E+01    1
    0.306398223868049058E+03   -0.131355377916941451E+01   -0.412397423929417783E+01    0.362025136495989552E+00   -0.812154204158908399E+01   -0.646920759141426949E+01    1
    0.255183482170104980E+03   -0.166809988021850586E+01   -0.268194794654846191E+01    0.954970079898834201E-01   -0.802293359912553683E+01   -0.647702009141426327E+01    1
    0.224864582717418671E+03    0.823709845542907715E+00   -0.409127712249755859E+01    0.183305114936828606E+00   -0.785811041828654488E+01   -0.648483259141426416E+01    1
    0.349974543935010388E+03   -0.513829900621983970E+00   -0.499961492979290423E+01    0.462743501858541906E+00   -0.779283744712197812E+01   -0.649264509141426593E+01    1
    0.268749222944690359E+03    0.460440357215561313E+00   -0.375954857775316587E+01    0.156243347025788598E+00   -0.770640509057893830E+01   -0.650045759141426771E+01    1
    0.185338222980499268E+03   -0.676647961139678955E+00   -0.215521812438964844E+01    0.783017219781875634E-01   -0.769068509395307842E+01   -0.650827009141426682E+01    1
    0.147820287942886353E+03   -0.805183887481689453E+00   -0.137169778347015381E+01    0.180323296308517456E-01   -0.768749657165184708E+01   -0.651608259141426682E+01    1
    0.142112235773744118E+03   -0.103229785757008941E+01   -0.224191360630856762E+01    0.309756636066823410E+00   -0.761861038033858762E+01   -0.652389509141426860E+01    1
    0.327353762436018087E+03   -0.109370117302546355E+01   -0.413801636999699962E+01    0.285747992165832132E+00   -0.757003249057514083E+01   -0.653170759141427215E+01    1
    0.296760807464085758E+03   -0.123388872723924892E+01   -0.438049023156116135E+01    0.428573778689468610E+00   -0.754405937259337556E+01   -0.653952009141427570E+01    1
    0.153577885078314466E+03    0.662941617940137284E+00   -0.347410234269819274E+01    0.344025195238694292E+00   -0.751093534429867482E+01   -0.654733259141427926E+01    1
    0.148360350728034973E+03    0.259562969207763672E+00   -0.366691052913665771E+01    0.568897545289993256E+00   -0.734625505152945824E+01   -0.655514509141427837E+01    1
    0.165436248844350331E+03   -0.104519768742903030E+01   -0.232210989830054571E+01    0.216593293196690850E+00   -0.733645240937292265E+01   -0.656295759141427215E+01    1
    0.279565380500215724E+03   -0.166494766647471426E-01   -0.450517578489117998E+01    0.409582154482611094E+00   -0.733643682737950353E+01   -0.657077009141427215E+01    1
    0.249544843545218498E+03   -0.423621891206344081E+00   -0.330993161285386872E+01    0.183004126393772254E+00   -0.731601569864531864E+01   -0.657858259141427482E+01    1
    0.213370861113071442E+03    0.348511993885040283E+00   -0.321447193622589111E+01    0.174252870655059816E+00   -0.728369716137453072E+01   -0.658639509141427038E+01    1
    0.272373732924461365E+03   -0.105665349960327148E+01   -0.406279981136322021E+01    0.367819156408309922E+00   -0.723413485781297183E+01   -0.659420759141426860E+01    1
    0.261765644522425077E+03   -0.727287796625158967E+00   -0.359622373905719428E+01    0.244772102068726655E+00   -0.723127892365544334E+01   -0.660202009141426860E+01    1
    0.317829625308513641E+03   -0.157334208488464355E-01   -0.374810934066772461E+01    0.103311359810829173E+00   -0.723086951900107078E+01   -0.660983259141427215E+01    1
    0.298228216171264648E+03    0.502649962902069092E+00   -0.402969419956207275E+01    0.120343017339706426E+00   -0.721930321273988085E+01   -0.661764509141427659E+01    1
    0.271039655804634094E+03    0.370879828929901123E+00   -0.423071146011352539E+01    0.286913059902191181E+00   -0.719287586192438333E+01   -0.662545759141427837E+01    1
    0.141609632968902588E+03   -0.986450254917144775E+00   -0.140717446804046631E+01    0.394639420509338423E-01   -0.714677638796322157E+01   -0.663327009141427837E+01    1
    0.257064220309257507E+03   -0.169231057167053223E+01   -0.264418721199035645E+01    0.327693331003189106E-01   -0.709259735092000199E+01   -0.664108259141427570E+01    1
    0.190843837499179728E+03    0.600055355077166119E+00   -0.302479503849083287E+01    0.755173427038324935E-01   -0.708533145937658659E+01   -0.664889509141427126E+01    1
    0.164933548075464785E+03   -0.335500765226664832E+00   -0.199442203879807378E+01    0.625142173794936279E-01   -0.705576383973559551E+01   -0.665670759141426949E+01    1
    0.140910877287387848E+03   -0.477226257324218750E+00   -0.173133969306945801E+01    0.100754067707061773E+00   -0.705557555630243627E+01   -0.666452009141427482E+01    1
    0.262778492271900177E+03   -0.199471336603164673E+01   -0.311692118644714355E+01    0.161484697222709667E+00   -0.702014015580584338E+01   -0.667233259141427837E+01    1
    0.136777392029762268E+03   -0.205115795135498047E+00   -0.474276661872863770E+01    0.224444747757911678E+00   -0.701978346328244740E+01   -0.668014509141427837E+01    1
    0.231205254140144916E+03    0.758298128265932014E+00   -0.358175559386720366E+01    0.312174935959940586E-02   -0.699766435229409822E+01   -0.668795759141427659E+01    1
    0.191955004632472992E+03   -0.723237395286560059E+00   -0.477451205253601074E+01    0.439664206266403221E-01   -0.695813520268136276E+01   -0.669577009141427304E+01    1
    0.259889176487922668E+03    0.242750167846679688E+00   -0.310835540294647217E+01    0.237674124240875272E-02   -0.690106579415059951E+01   -0.670358259141426682E+01    1
    0.329428006708621979E+03   -0.135392898321151733E+01   -0.328661561012268066E+01    0.195786802053451552E-01   -0.687158128814607672E+01   -0.671139509141426149E+01    1
    0.287757415155864464E+03   -0.171016418045610585E+01   -0.369178413101842029E+01    0.245485254791318830E+00   -0.686829942145048733E+01   -0.671920759141426238E+01    1
    0.180244989693164825E+03   -0.106234103441238403E+01   -0.334912359714508057E+01    0.417887152147293106E+00   -0.682623728779432870E+01   -0.672702009141426149E+01    1
    0.188436120748519897E+03   -0.130969166755676270E+01   -0.273754894733428955E+01    0.228670156502723709E+00   -0.681339626738866055E+01   -0.673483259141427038E+01    1
    0.193550288677215576E+03    0.986185014247894287E+00   -0.441762864589691162E+01    0.123734111881256104E+00   -0.680843597327486094E+01   -0.674264509141428192E+01    1
    0.248218482732772827E+03   -0.853790521621704102E+00   -0.393030047416687012E+01    0.360351372170448325E+00   -0.676396081828798490E+01   -0.675045759141427837E+01    1
    0.159181123620148639E+03    0.278029059247523858E+00   -0.381161675477018358E+01    0.521970108878415884E+00   -0.670377721918795988E+01   -0.675827009141426771E+01    1
    0.129079157114028931E+03   -0.119964510202407837E+01   -0.257929623126983643E+01    0.427482993721961968E+00   -0.659323042236095791E+01   -0.676608259141426949E+01    1
    0.243643550487151515E+03   -0.296026291816581466E+00   -0.423688128238849249E+01    0.411867391645321657E+00   -0.655766476820213118E+01   -0.677389509141427126E+01    1
    0.294424597958573429E+03    0.360007256920204632E+00   -0.416332884616887711E+01    0.182029085709044414E+00   -0.654722138962945266E+01   -0.678170759141426238E+01    1
    0.142523920626656775E+03    0.563757411170971334E+00   -0.309271636896129998E+01    0.275772449213969872E+00   -0.648353266703268272E+01   -0.678952009141426061E+01    1
    0.297053810954093933E+03   -0.976055979728698730E+00   -0.398179113864898682E+01    0.239467282247543350E+00   -0.642823590203388662E+01   -0.679733259141426327E+01    1
    0.136641336977481842E+03   -0.141770511865615845E+01   -0.449564039707183838E+01    0.270639770579338079E+00   -0.635281526704787236E+01   -0.680514509141427482E+01    1
    0.129790359199365327E+03    0.960562106691040363E+00   -0.460055952817400104E+01    0.287558567792886410E+00   -0.632410115244065807E+01   -0.681295759141427570E+01    1
    0.345768144726753235E+03   -0.267052650451660156E+00   -0.383772790431976318E+01    0.494834230899810837E-01   -0.629110994821557235E+01   -0.682077009141426860E+01    1
    0.177439583388591245E+03   -0.150651481324074976E+01   -0.305656727204263401E+01    0.334558107456487064E+00   -0.623670018060708475E+01   -0.682858259141427482E+01    1
    0.342623884965686898E+03   -0.158589555811811578E+01   -0.417136937917547446E+01    0.215587173878132393E+00   -0.617320228689284001E+01   -0.683639509141427926E+01    1
    0.149791309237480164E+03    0.726521253585815430E+00   -0.495513737201690674E+01    0.184153792691230778E+00   -0.614405529277834717E+01   -0.684420759141426682E+01    1
    0.302118638212233805E+03   -0.172535067935712316E+01   -0.440154251372965444E+01    0.364271646369585478E+00   -0.613282838951185649E+01   -0.685202009141426238E+01    1
    0.176687496129269675E+03    0.310901376021657239E+00   -0.407273872607663012E+01    0.478219851191058087E+00   -0.611458643265737578E+01   -0.685983259141427304E+01    1
    0.128886601328849792E+03    0.861599445343017578E+00   -0.399823367595672607E+01    0.342099802207946779E+00   -0.609010936143456849E+01   -0.686764509141426860E+01    1
    0.263162410259246826E+03    0.279692411422729492E-01   -0.370931267738342285E+01    0.145159241938591005E+00   -0.607003136731421211E+01   -0.687545759141427038E+01    1
    0.162612912239953801E+03    0.101045576177466678E+00   -0.450893579974301950E+01    0.648144976544198087E-01   -0.605889680477552517E+01   -0.688327009141427482E+01    1
    0.202013191492437670E+03   -0.270545618129759191E+00   -0.410036354450777196E+01    0.471311728691099108E+00   -0.605280284423704895E+01   -0.689108259141427215E+01    1
    0.241583503862442711E+03   -0.173961700409222408E+01   -0.362934113409493975E+01    0.293472578944666163E+00   -0.602928476918861111E+01   -0.689889509141426771E+01    1
    0.216044254411824113E+03   -0.800403823656546276E+00   -0.295060262462684086E+01    0.127614203705334078E+00   -0.602922058334875288E+01   -0.690670759141425794E+01    1
    0.175095076373668292E+03   -0.556760769468438887E+00   -0.226984558471472875E+01    0.501028451994878846E-01   -0.602599964935457599E+01   -0.691452009141426860E+01    1
    0.337650567664289838E+03   -0.162990967389783359E+01   -0.418660431368460628E+01    0.216479183784408696E+00   -0.598735241198807433E+01   -0.692233259141427748E+01    1
    0.210754889328130957E+03    0.818855786776411243E-01   -0.282022099088062550E+01    0.288459685826602356E-01   -0.594907727924457497E+01   -0.693014509141427659E+01    1
    0.264605693519115448E+03   -0.182689756155014038E+01   -0.356148183345794678E+01    0.208274289178848271E+00   -0.592669235590557708E+01   -0.693795759141427570E+01    1
    0.302488180994987488E+03   -0.188144940137863159E+01   -0.330179274082183838E+01    0.454155698776245106E-01   -0.589553654611177791E+01   -0.694577009141427482E+01    1
    0.177574152556201682E+03   -0.184830201806748606E+01   -0.361305037723539524E+01    0.486912015565316436E+00   -0.586047151042005598E+01   -0.695358259141427304E+01    1
    0.264377236366271973E+03   -0.758976221084594727E+00   -0.365611135959625244E+01    0.168376950001716624E+00   -0.577439595869070121E+01   -0.696139509141427038E+01    1
    0.258497861027717590E+03   -0.131942772865295410E+01   -0.441454112529754639E+01    0.429352131843566909E+00   -0.573065425742662260E+01   -0.696920759141427393E+01    1
    0.348752705752849579E+03   -0.944387853145599365E+00   -0.414302945137023926E+01    0.134828846311569217E+00   -0.572627181559382681E+01   -0.697702009141427038E+01    1
    0.255583717382260232E+03   -0.157028498700196173E+01   -0.441375962918983511E+01    0.450280073271736525E+00   -0.572554137632928306E+01   -0.698483259141426505E+01    1
    0.340403099964832450E+03   -0.148433064963630379E+01   -0.393522955260617202E+01    0.117178577242444376E+00   -0.571734004231451198E+01   -0.699264509141427038E+01    1
    0.129134148847007793E+03    0.384782488065018136E+00   -0.388335237256747545E+01    0.337926968364579972E-01   -0.567381072521125684E+01   -0.700045759141427126E+01    1
    0.162009028824684407E+03    0.515252070524176098E+00   -0.459760134471981274E+01    0.701280618205563505E-01   -0.565108993513547819E+01   -0.700827009141426593E+01    1
    0.242506329715251923E+03   -0.593948662281036377E+00   -0.385120213031768799E+01    0.264885445404052733E+00   -0.563739877263073641E+01   -0.701608259141426682E+01    1
    0.133706852793693542E+03    0.815336346626281738E+00   -0.383716881275177002E+01    0.332093490600585961E-01   -0.559343257726684495E+01   -0.702389509141426949E+01    1
    0.171539422901705905E+03   -0.855251185761221722E+00   -0.480587022326834212E+01    0.227347496052626774E+00   -0.556524207334698051E+01   -0.703170759141427393E+01    1
    0.186489748954772949E+03   -0.139641284942626953E+00   -0.283049464225769043E+01    0.103895795989036560E+00   -0.554571801245571017E+01   -0.703952009141427126E+01    1
    0.208952814252629054E+03    0.382215296753440459E+00   -0.477585653316814618E+01    0.521310117130314388E+00   -0.554168864179788123E+01   -0.704733259141426593E+01    1
    0.161255249205288237E+03    0.520221182352712308E+00   -0.351417824508585364E+01    0.261202664122447192E+00   -0.547533492371333885E+01   -0.705514509141426505E+01    1
    0.197904264926910400E+03   -0.100372135639190674E+00   -0.338347852230072021E+01    0.224641948056221008E+00   -0.546198902156030819E+01   -0.706295759141427038E+01    1
    0.168520425730492207E+03   -0.596942096903865238E+00   -0.327321892817153426E+01    0.334924845622150635E+00   -0.545227814345877171E+01   -0.707077009141427748E+01    1
    0.151522368607802349E+03   -0.117218362090607231E+01   -0.375841868678723134E+01    0.339741125443760589E-01   -0.544051400199443869E+01   -0.707858259141427659E+01    1
    0.260751238465309143E+03   -0.367305040359497070E+00   -0.407623350620269775E+01    0.245730302309989934E+00   -0.540400492177070113E+01   -0.708639509141427038E+01    1
    0.229267745904454614E+03   -0.102182194441257979E+01   -0.402066523669488074E+01    0.358184400481820320E+00   -0.539027739238328607E+01   -0.709420759141427215E+01    1
    0.195900614559650421E+03    0.452427387237548828E+00   -0.462301254272460938E+01    0.481409632945060728E+00   -0.538562314307857548E+01   -0.710202009141427038E+01    1
    0.141214689691652524E+03   -0.468150795089449456E+00   -0.218857170421013425E+01    0.120257840376569156E+00   -0.535626390526855722E+01   -0.710983259141426949E+01    1
    0.132334781951492630E+03    0.399605270605043472E-01   -0.366039096493091165E+01    0.170777210836937261E-01   -0.532434928097088811E+01   -0.711764509141427482E+01    1
    0.264725859649308518E+03   -0.169622254379667692E+01   -0.443895378990744405E+01    0.406734471314786572E+00   -0.531858281023179913E+01   -0.712545759141426949E+01    1
    0.345046481481558772E+03   -0.575830379245492185E-01   -0.425643097619786648E+01    0.727844476860158018E-01   -0.517639460074008273E+01   -0.713327009141426505E+01    1
    0.222669714440233946E+03   -0.121674840257802708E+01   -0.460586628816820998E+01    0.499035792866462033E-01   -0.515592979448925970E+01   -0.714108259141426771E+01    1
    0.127392289042472839E+03    0.623948037624359131E+00   -0.267389774322509766E+01    0.757583840131759723E-01   -0.515463000145252437E+01   -0.714889509141426682E+01    1
    0.170198295938646169E+03   -0.137927525365212733E+01   -0.323059535019424526E+01    0.335341723309116879E+00   -0.514969045866050124E+01   -0.715670759141426238E+01    1
    0.340991111527997191E+03    0.291579410899441172E+00   -0.450754304617968682E+01    0.926528417221955114E-01   -0.514034594760255814E+01   -0.716452009141426149E+01    1
    0.288056104345317749E+03   -0.158711238015937428E+01   -0.348435107667908905E+01    0.607850279533621862E-01   -0.509850410393883458E+01   -0.717233259141426416E+01    1
    0.199054265441431482E+03    0.633370540667787640E+00   -0.355332320870117346E+01    0.824234570996376995E-02   -0.502119261649589621E+01   -0.718014509141426682E+01    1
    0.163520477712154388E+03    0.351837217807769775E+00   -0.426153063774108887E+01    0.496765906763076803E+00   -0.496944460070409821E+01   -0.718795759141426505E+01    1
    0.203324019713577229E+03   -0.112375813471003072E+01   -0.418341696704410548E+01    0.458149708557047008E+00   -0.493237794037657906E+01   -0.719577009141426505E+01    1
    0.322029307696666194E+03   -0.128349106401602020E+01   -0.442812909606190530E+01    0.217924346821534054E+00   -0.492285220521447897E+01   -0.720358259141426771E+01    1
    0.187211817997963863E+03   -0.675841208191086507E+00   -0.464074960356716293E+01    0.156489056241175511E+00   -0.490968425438452094E+01   -0.721139509141426771E+01    1
    0.190207484727892677E+03    0.560391267956621419E+00   -0.363864278368743044E+01    0.101089485535583293E+00   -0.490661529092013460E+01   -0.721920759141426682E+01    1
    0.137691083063992693E+03   -0.748976689115646188E+00   -0.278686271802938501E+01    0.292021424493215553E+00   -0.490492795546794902E+01   -0.722702009141426416E+01    1
    0.194977121156444753E+03    0.321246470319680011E+00   -0.349004363752330660E+01    0.153347665504032782E+00   -0.490308841416061014E+01   -0.723483259141426949E+01    1
    0.204209303557446617E+03    0.712532618730057798E+00   -0.409072288133669559E+01    0.329536196707506251E-01   -0.490227811889465315E+01   -0.724264509141427215E+01    1
    0.175459870707325024E+03   -0.822364371850302645E+00   -0.434255017724806347E+01    0.125546777233966927E+00   -0.490192014589443303E+01   -0.725045759141426771E+01    1
    0.137843857520447045E+03    0.663600496809626517E+00   -0.415301084773574658E+01    0.142722422008508626E+00   -0.490175487206771621E+01   -0.725827009141427038E+01    1
    0.271384051442146301E+03    0.377805292606353760E+00   -0.431236684322357178E+01    0.149212390422821056E+00   -0.489948630559902476E+01   -0.726608259141427482E+01    1
    0.229938948902640249E+03   -0.155435198357903603E+01   -0.367076344753728545E+01    0.237732389882817141E+00   -0.485394711466137974E+01   -0.727389509141427393E+01    1
    0.136887665993373304E+03   -0.279897092102754597E+00   -0.343421083075130351E+01    0.645018263470768880E-02   -0.478281827713945518E+01   -0.728170759141427215E+01    1
    0.204878433070063807E+03   -0.174719516983233492E+01   -0.424936300179793580E+01    0.686460591143203125E-01   -0.476994078050900416E+01   -0.728952009141427304E+01    1
    0.175495997728198347E+03   -0.191525667845384429E+01   -0.476019947600313476E+01    0.323316524873177191E+00   -0.476853636687918225E+01   -0.729733259141427304E+01    1
    0.257217214848180220E+03   -0.105000495618205880E+01   -0.483275991093344093E+01    0.413516388793758460E-01   -0.476577101847090656E+01   -0.730514509141427570E+01    1
    0.221357862184462164E+03   -0.794435039212902483E+00   -0.436378556173551146E+01    0.416298350788263494E+00   -0.476395378588937302E+01   -0.731295759141427038E+01    1
    0.141506244567292242E+03    0.422764593485908780E+00   -0.325227665437994506E+01    0.259222428294754281E+00   -0.475490154172708301E+01   -0.732077009141426949E+01    1
    0.157049328959926584E+03   -0.138869334602804506E+01   -0.379699691453185917E+01    0.946643013267454703E-01   -0.474153580208597614E+01   -0.732858259141427482E+01    1
    0.188348830045028507E+03   -0.180216482931739663E+01   -0.417948319102906307E+01    0.104120815063506192E+00   -0.473597827858552556E+01   -0.733639509141427215E+01    1
    0.262599050691024502E+03   -0.555921792797000824E+00   -0.390857611152734830E+01    0.145664317109940017E+00   -0.470949212087310087E+01   -0.734420759141426949E+01    1
    0.303341399964065317E+03    0.587392049633290725E-01   -0.420556447570813852E+01    0.775478659609042803E-01   -0.470585504127611731E+01   -0.735202009141427038E+01    1
    0.242386488616466522E+03   -0.989528894424438477E+00   -0.484232664108276367E+01    0.883911784172058124E-01   -0.468160417860169265E+01   -0.735983259141427304E+01    1
    0.134497953176632848E+03   -0.306400432619033269E+00   -0.386377153811211160E+01    0.159124525555410401E+00   -0.465644518044603650E+01   -0.736764509141427038E+01    1
    0.253564547250688662E+03   -0.157433824464015437E+01   -0.444064741305031951E+01    0.370803124791467043E+00   -0.462471018787621269E+01   -0.737545759141427038E+01    1
    0.242118825961019411E+03   -0.113914067971346711E+01   -0.374240564840878864E+01    0.178666601925356522E+00   -0.461129436693908978E+01   -0.738327009141427215E+01    1
    0.206794700432371599E+03    0.667555579645859432E+00   -0.416113648822022153E+01    0.186554870013766957E-01   -0.460626658291626701E+01   -0.739108259141427570E+01    1
    0.348737175762653351E+03   -0.111303031444549561E+01   -0.485669851303100586E+01    0.248160267162323006E+00   -0.458289220566794775E+01   -0.739889509141427659E+01    1
    0.135445089072857058E+03   -0.528353006350178456E+00   -0.345196391995747476E+01    0.578481156849040765E-01   -0.457714881259125050E+01   -0.740670759141427570E+01    1
    0.337350283074725610E+03   -0.110875706704581289E+01   -0.473129728079040834E+01    0.226689129817504664E+00   -0.455845827783154078E+01   -0.741452009141427482E+01    1
    0.169120440904715053E+03   -0.472538701193050414E-01   -0.333121615688808159E+01    0.224805485525266302E+00   -0.454637195047128095E+01   -0.742233259141426682E+01    1
    0.226936240018967055E+03   -0.911378367226332031E+00   -0.430950035472844917E+01    0.364724384862814888E+00   -0.453461006150710322E+01   -0.743014509141426416E+01    1
    0.169106364389170238E+03   -0.571599476158068942E-01   -0.273526602040533451E+01    0.502297868071471115E-01   -0.452215485227776615E+01   -0.743795759141426238E+01    1
    0.283694103360176086E+03   -0.183027017116546631E+01   -0.401413559913635254E+01    0.174258363604545607E+00   -0.452043153305770851E+01   -0.744577009141426949E+01    1
    0.203514219094747460E+03   -0.197763999085659226E+00   -0.382982507571930775E+01    0.255594657141705428E+00   -0.451708855507376761E+01   -0.745358259141427304E+01    1
    0.275379681038630906E+03   -0.768230863694143506E+00   -0.448828618723431561E+01    0.269149292882161939E+00   -0.451443599437117982E+01   -0.746139509141426682E+01    1
    0.138811889975034461E+03    0.527711816310773685E+00   -0.285813372875233807E+01    0.590630304865135541E-01   -0.451269953741803587E+01   -0.746920759141426505E+01    1
    0.148777255567496184E+03   -0.640447363916662127E+00   -0.392596223691418711E+01    0.153520542737089788E+00   -0.446313362482361420E+01   -0.747702009141426416E+01    1
    0.194504231151130199E+03   -0.193009929371450473E+01   -0.437748941188137675E+01    0.185713678470542737E+00   -0.443903593504815053E+01   -0.748483259141426682E+01    1
    0.193844964803253589E+03   -0.352123261493884510E+00   -0.417973520753737482E+01    0.388557790947354431E+00   -0.442100796848102018E+01   -0.749264509141427215E+01    1
    0.142115837899119896E+03   -0.162766161317479496E+01   -0.340425059593004953E+01    0.444183614398094950E+00   -0.439474573033287896E+01   -0.750045759141427659E+01    1
    0.169147914639608331E+03   -0.198416661142823214E+01   -0.433241315196149390E+01    0.275514317534333475E+00   -0.439438474826184411E+01   -0.750827009141427748E+01    1
    0.270144455134868622E+03   -0.745544433593750000E-01   -0.472800970077514648E+01    0.286724320793151854E+00   -0.437670042757700717E+01   -0.751608259141427304E+01    1
    0.308697286157527230E+03   -0.198898712920118159E+01   -0.467979520018714723E+01    0.288940321285084012E+00   -0.436315888954624143E+01   -0.752389509141426505E+01    1
    0.253222889015102368E+03   -0.169632499093542921E+01   -0.340002250390510685E+01    0.510591988273326053E-01   -0.436131935351005406E+01   -0.753170759141426505E+01    1
    0.254428650335910447E+03   -0.519231498474935771E+00   -0.493553248735847827E+01    0.420424355201533984E+00   -0.435698517533372520E+01   -0.753952009141426505E+01    1
    0.230348357826727693E+03   -0.109900119420275955E+01   -0.468650876333666755E+01    0.122410595916150708E+00   -0.434162102911822512E+01   -0.754733259141426505E+01    1
    0.258194630634734040E+03   -0.357067858776770386E+00   -0.383243579904922971E+01    0.820663878554513948E-01   -0.433680450338463785E+01   -0.755514509141427393E+01    1
    0.234258295716805549E+03   -0.809370978935964214E+00   -0.451219024606418628E+01    0.368622808325246243E+00   -0.433052959529635295E+01   -0.756295759141428103E+01    1
    0.250876523285948224E+03   -0.104125152235404173E+01   -0.488592251426439184E+01    0.122468591375207492E+00   -0.432328166797521796E+01   -0.757077009141427126E+01    1
    0.149709703869051964E+03   -0.947478202742115361E+00   -0.347989971028203371E+01    0.381538881388527706E+00   -0.429260910696237374E+01   -0.757858259141426327E+01    1
    0.157460604658252748E+03    0.874492196098080043E-01   -0.387033812686644874E+01    0.590197039441857640E-01   -0.428913569594924393E+01   -0.758639509141426505E+01    1
    0.270445841550827026E+03   -0.112787258625030518E+01   -0.493426620960235596E+01    0.400498691725730938E+00   -0.428093298425928825E+01   -0.759420759141427126E+01    1
    0.163197881510764915E+03   -0.424719507200721713E+00   -0.282168246415842328E+01    0.966498863123259611E-01   -0.427509238326290575E+01   -0.760202009141427393E+01    1
    0.285274305474121888E+03    0.101901054249525114E+00   -0.464998808354825499E+01    0.193717136504886062E+00   -0.427473321060630074E+01   -0.760983259141427126E+01    1
    0.300867979228496552E+03   -0.182217615842819214E+01   -0.495919942855834961E+01    0.367266893219947821E+00   -0.426352451787225206E+01   -0.761764509141427304E+01    1
    0.150850488467886862E+03    0.478936801781447041E+00   -0.365534226742767920E+01    0.276592795943048043E-02   -0.425792568570160057E+01   -0.762545759141426949E+01    1
    0.166115743930969757E+03   -0.999824132672576082E+00   -0.366799196853935072E+01    0.565554727330737847E-01   -0.424398235059035933E+01   -0.763327009141426949E+01    1
    0.335758305897146499E+03   -0.162166919651120423E+01   -0.470769135975972031E+01    0.210802015589502872E+00   -0.424295295753161650E+01   -0.764108259141427304E+01    1
    0.246938293459513375E+03   -0.505724761004189283E+00   -0.427935677257981339E+01    0.237504353783077160E+00   -0.423174143158970661E+01   -0.764889509141427393E+01    1
    0.344518552875931391E+03   -0.168555707908039998E+01   -0.407275819443735632E+01    0.227689118049103911E-01   -0.422789232695227923E+01   -0.765670759141426949E+01    1
    0.166227332650903605E+03   -0.672679630684451801E+00   -0.398151088315406154E+01    0.128793285135101271E+00   -0.422614403147179551E+01   -0.766452009141426771E+01    1
    0.286530141680085535E+03   -0.161796788627918975E+01   -0.461378029267905365E+01    0.291647232957045532E+00   -0.421927177018068811E+01   -0.767233259141426682E+01    1
    0.183036740124225616E+03   -0.177219533920288086E+01   -0.432837665081024170E+01    0.221299095940589913E+00   -0.421522886983993583E+01   -0.768014509141426771E+01    1
    0.300791992393404144E+03    0.447942959536788976E-01   -0.494774430228707018E+01    0.238406579921913941E+00   -0.420947596594728513E+01   -0.768795759141427126E+01    1
    0.251506654873066850E+03   -0.698610704091968682E+00   -0.447186159825775142E+01    0.284316428142892208E+00   -0.417694037812905172E+01   -0.769577009141427393E+01    1
    0.229340944082239304E+03   -0.156924349397424479E+01   -0.414684995746043938E+01    0.216355054367158642E-01   -0.417355523284978958E+01   -0.770358259141427570E+01    1
    0.174468086009566264E+03    0.466260172065271039E+00   -0.337848767795325378E+01    0.411697519673814502E-01   -0.417268535234378124E+01   -0.771139509141427304E+01    1
    0.197935070097446442E+03   -0.829560160636901855E-01   -0.466736555099487305E+01    0.462301606392860442E+00   -0.416251562095138361E+01   -0.771920759141427215E+01    1
    0.143751775350709551E+03    0.393326576588331367E+00   -0.362757778978472256E+01    0.452521424553752466E-01   -0.415267622424488803E+01   -0.772702009141426860E+01    1
    0.292056780011928026E+03   -0.121412998532886274E+01   -0.415101911713212779E+01    0.118947518251102585E+00   -0.414930839762980419E+01   -0.773483259141426682E+01    1
    0.178487340278402627E+03   -0.411165161410113500E+00   -0.282554288124909458E+01    0.988093610302002122E-02   -0.414726066214647116E+01   -0.774264509141426860E+01    1
    0.183372019716029826E+03   -0.137970629524372557E+01   -0.289234041262165453E+01    0.598365776944332628E-01   -0.411128149160514944E+01   -0.775045759141427126E+01    1
    0.143866014480590820E+03    0.283885240554809570E+00   -0.303616583347320557E+01    0.133118491959571844E+00   -0.410846280250591267E+01   -0.775827009141427570E+01    1
    0.153717150729231946E+03   -0.183845708238844807E+01   -0.427642655062907195E+01    0.355605450899467490E+00   -0.410258610020024506E+01   -0.776608259141427570E+01    1
    0.159158378196610101E+03   -0.181617534547308335E+00   -0.393063072553578152E+01    0.126158862155192286E+00   -0.409177047664799254E+01   -0.777389509141427215E+01    1
    0.177722224586929570E+03   -0.811137474682554593E+00   -0.319677650350615439E+01    0.137758988694854312E+00   -0.408918853137826233E+01   -0.778170759141426682E+01    1
    0.265315583613710771E+03   -0.169026572829831334E+01   -0.457467937671098657E+01    0.655068522503838013E-01   -0.408512587886947287E+01   -0.778952009141426416E+01    1
    0.175817476107491188E+03   -0.925491542736963213E+00   -0.397922695648122149E+01    0.380080170824371955E+00   -0.408076406551271376E+01   -0.779733259141426682E+01    1
    0.316646207869052887E+03   -0.547633171081542969E-01   -0.489956915378570557E+01    0.183913228797912609E+00   -0.407175149342952736E+01   -0.780514509141427038E+01    1
    0.231473760746487187E+03   -0.431921315328893662E-01   -0.410251827474115061E+01    0.168401921955121575E+00   -0.406840291806125265E+01   -0.781295759141427038E+01    1
    0.187827159318040003E+03   -0.878658487488535034E+00   -0.432985706765807610E+01    0.178100664086943500E+00   -0.406629974127600313E+01   -0.782077009141427304E+01    1
    0.250293555668444640E+03   -0.127631401211396378E+01   -0.411471532547682539E+01    0.200441916909457507E+00   -0.406618462148368565E+01   -0.782858259141427038E+01    1
    0.127294160425662994E+03   -0.654143154621124268E+00   -0.470398366451263428E+01    0.547476884651184048E+00   -0.405600596354473808E+01   -0.783639509141426327E+01    1
    0.190078088641166687E+03   -0.185428023338317871E+01   -0.395629405975341797E+01    0.126948340272903443E+00   -0.405057768113533889E+01   -0.784420759141426505E+01    1
    0.284786663201430883E+03   -0.101951772446602607E+01   -0.476614630447225274E+01    0.446105326376927055E-01   -0.403550920749066488E+01   -0.785202009141426771E+01    1
    0.179497110999168683E+03   -0.462334683879022545E+00   -0.436941371195704065E+01    0.437472192604578203E+00   -0.402900805815100238E+01   -0.785983259141426682E+01    1
    0.241224978767931589E+03   -0.466572268532154055E+00   -0.445867226065279354E+01    0.269627968995666045E+00   -0.402765069398312292E+01   -0.786764509141426416E+01    1
    0.178177385818675248E+03   -0.968196885123280282E+00   -0.373173605851620049E+01    0.289174567770650648E+00   -0.402688964852116538E+01   -0.787545759141426682E+01    1
    0.160389826993686682E+03   -0.678710910647880805E+00   -0.398089596841160587E+01    0.423277479016038793E+00   -0.402115473205944518E+01   -0.788327009141426682E+01    1
    0.217218684795618572E+03   -0.560619564967576478E+00   -0.358867888658005629E+01    0.991467104453420262E-01   -0.401662651315841757E+01   -0.789108259141426682E+01    1
    0.197259951559726034E+03    0.195464933018030251E+00   -0.357879411831209726E+01    0.806503838109991489E-01   -0.401387643145491690E+01   -0.789889509141427570E+01    1
    0.233275183532380538E+03   -0.199107463355852943E+01   -0.487361389760082098E+01    0.267306081089529968E+00   -0.401221260604278829E+01   -0.790670759141427926E+01    1
    0.172153596580028534E+03   -0.155356955528259277E+01   -0.435067772865295410E+01    0.301451361894607528E+00   -0.400596871663562659E+01   -0.791452009141427482E+01    1
    0.246580529446352386E+03   -0.156837708683153032E+01   -0.459488965003132233E+01    0.347296654890272005E+00   -0.398648335090546091E+01   -0.792233259141427482E+01    1
    0.264022374633264747E+03   -0.143372315311392162E+01   -0.476327200569437181E+01    0.125221254153337985E+00   -0.398455381535854292E+01   -0.793014509141427393E+01    1
    0.176386037194784649E+03   -0.184409504042507155E+01   -0.374988070179910649E+01    0.337608278080692548E+00   -0.398137930923973826E+01   -0.793795759141427215E+01    1
    0.136915257673793690E+03    0.488255941142103467E+00   -0.375325775859023825E+01    0.207600813779607152E+00   -0.397918514815788038E+01   -0.794577009141427126E+01    1
    0.188444478135098421E+03   -0.683872495580412298E+00   -0.404967895794796018E+01    0.985744647861465512E-01   -0.397796483966901082E+01   -0.795358259141427304E+01    1
    0.338167769916336965E+03   -0.197497315185519740E+01   -0.471030237382704176E+01    0.180841489266524463E+00   -0.397600379940086324E+01   -0.796139509141427748E+01    1
    0.142210605226860253E+03   -0.283247411035625785E+00   -0.348277681556911700E+01    0.100140702426682673E+00   -0.397421095596694940E+01   -0.796920759141427482E+01    1
    0.259813187464070324E+03   -0.687811761674057554E+00   -0.384341992106054597E+01    0.479708181391166472E-01   -0.397283895658670616E+01   -0.797702009141426860E+01    1
    0.188060630406586057E+03   -0.154423011795419018E+01   -0.343965017086869418E+01    0.189753004055873475E+00   -0.397192806415116983E+01   -0.798483259141427126E+01    1
    0.133668927478650403E+03   -0.167913190411301949E+01   -0.367445211208731104E+01    0.499998640245921722E+00   -0.395769074549036537E+01   -0.799264509141426949E+01    1
    0.248866433343456407E+03   -0.175095542127061066E+01   -0.455568500293149636E+01    0.132866999629811855E+00   -0.395708636311166950E+01   -0.800045759141426771E+01    1
    0.191086734365841892E+03   -0.120351606764927244E+01   -0.365113022540846766E+01    0.157708610249111501E-01   -0.395479788316286340E+01   -0.800827009141427126E+01    1
    0.181582387417375202E+03   -0.144499858365346756E+01   -0.422458093484615826E+01    0.427289548465275171E+00   -0.395413752823312503E+01   -0.801608259141427482E+01    1
    0.266307891537259877E+03   -0.193805441487131103E+01   -0.462636308633187987E+01    0.116392163761290426E+00   -0.394830899405844171E+01   -0.802389509141427659E+01    1
    0.160500600147150834E+03   -0.120153324395965044E+01   -0.386686510292379504E+01    0.198478813695679546E+00   -0.394124101982062314E+01   -0.803170759141426949E+01    1
    0.222006563367221418E+03   -0.935606743903057758E+00   -0.413268052937449504E+01    0.440246069420222735E-01   -0.393588255050649316E+01   -0.803952009141427126E+01    1
    0.204838542344627854E+03   -0.178356182386253659E+01   -0.449460086553277094E+01    0.255589753044741963E+00   -0.393298928579196261E+01   -0.804733259141426949E+01    1
    0.232503963009398149E+03   -0.506907641532541975E+00   -0.395008664187924730E+01    0.130035665067632172E+00   -0.391679151016227545E+01   -0.805514509141426593E+01    1
    0.221938704218297232E+03   -0.170210985343900179E+01   -0.480553485564286387E+01    0.290497769041041021E+00   -0.391003906776811228E+01   -0.806295759141426949E+01    1
    0.159806608292141505E+03   -0.160485515360032727E+01   -0.458985282753643276E+01    0.446107280301482667E+00   -0.390154461606978620E+01   -0.807077009141426949E+01    1
    0.332443609965580208E+03   -0.444991877804324032E+00   -0.473871078521845135E+01    0.103966638399247302E+00   -0.389211554585259556E+01   -0.807858259141426949E+01    1
    0.240488882983833776E+03   -0.127710155809602233E+01   -0.433669572536237258E+01    0.255155808022016484E+00   -0.389025102991500749E+01   -0.808639509141426949E+01    1
    0.185013864162246676E+03    0.385222706935650638E+00   -0.346625802476554901E+01    0.685442138090519744E-02   -0.388978756113350110E+01   -0.809420759141427482E+01    1
    0.143662046693724761E+03   -0.263377677204791993E+00   -0.368576370550919430E+01    0.169398837263978669E+00   -0.388630861358853519E+01   -0.810202009141427482E+01    1
    0.166052255034446716E+03   -0.567778348922729492E-01   -0.351981580257415771E+01    0.938018360137939447E-02   -0.388008462579925029E+01   -0.810983259141427482E+01    1
    0.198829299332820824E+03   -0.142581539559733073E+01   -0.440327400801774971E+01    0.241896106718353932E+00   -0.387366524307920024E+01   -0.811764509141427126E+01    1
    0.213567262584247857E+03   -0.156760176708366217E+01   -0.336196108816740136E+01    0.683843003504586294E-01   -0.387219667370329201E+01   -0.812545759141427126E+01    1
    0.154187966568159112E+03   -0.117625679917017001E+00   -0.302000565439924573E+01    0.100881816088074047E+00   -0.387044317255902204E+01   -0.813327009141427659E+01    1
    0.252909652888774872E+03   -0.138342577219009399E+01   -0.484692573547363281E+01    0.366536160349845874E+00   -0.386361953202129982E+01   -0.814108259141426949E+01    1
    0.252357918876402550E+03   -0.546557650626431801E+00   -0.372888609299189167E+01    0.474595129703313332E-02   -0.386170878121253613E+01   -0.814889509141426593E+01    1
    0.207954208316208565E+03   -0.175523114736263253E+00   -0.430530393640579501E+01    0.276257059023584162E+00   -0.385817100864764617E+01   -0.815670759141426238E+01    1
    0.146012193027953231E+03    0.309836517494580743E+00   -0.303110036706594688E+01    0.582981967580916138E-01   -0.385775208552223692E+01   -0.816452009141426949E+01    1
    0.235076450620430904E+03   -0.186933197281892749E+01   -0.488852083862797304E+01    0.293614612685744292E+00   -0.385695426698129928E+01   -0.817233259141426949E+01    1
    0.176156453887512271E+03   -0.107598514922561872E+01   -0.397838779146970900E+01    0.175067987864553104E+00   -0.385522288822177917E+01   -0.818014509141426061E+01    1
    0.235933635756440935E+03   -0.450271818365793886E+00   -0.431185806591623777E+01    0.205749409818626633E+00   -0.385476588038933521E+01   -0.818795759141426061E+01    1
    0.266725938875901647E+03   -0.167640968791330636E+01   -0.386878508292507206E+01    0.598488807163661540E-01   -0.385366649693381458E+01   -0.819577009141427126E+01    1
    0.140369038020158541E+03   -0.188264255991532758E+01   -0.353441439263079316E+01    0.407983376940964981E+00   -0.385362193774084449E+01   -0.820358259141428015E+01    1
    0.149102735109682300E+03   -0.127278693250684549E+01   -0.388893374652651147E+01    0.280273153596102609E+00   -0.385358545641223005E+01   -0.821139509141427659E+01    1
    0.208282392790130530E+03   -0.369021949813575167E+00   -0.430879727111804733E+01    0.287933577256988482E+00   -0.385115319138854328E+01   -0.821920759141426949E+01    1
    0.226011256169237811E+03   -0.324866439405720353E+00   -0.403922831049565811E+01    0.150264256211317171E+00   -0.384995584759309528E+01   -0.822702009141426061E+01    1
    0.153296005222348271E+03    0.368808688243121630E+00   -0.368278099218555077E+01    0.194766796214228405E+00   -0.384896600088922280E+01   -0.823483259141425883E+01    1
    0.255122119648962780E+03   -0.162675330613593183E+01   -0.367096706709420406E+01    0.316947827546700742E-01   -0.384594028997384241E+01   -0.824264509141426238E+01    1
    0.164955308914557634E+03   -0.132739250750854021E+00   -0.285324153361393051E+01    0.310703904410227633E-02   -0.384116263344959119E+01   -0.825045759141426593E+01    1
    0.190497623345777697E+03   -0.114732291646221607E+01   -0.432238331189033254E+01    0.390941270030299270E+00   -0.383992311670178132E+01   -0.825827009141427126E+01    1
    0.215969626605510712E+03   -0.876720190048217773E+00   -0.346203446388244629E+01    0.476907086133956937E-01   -0.383859163526777003E+01   -0.826608259141428015E+01    1
    0.284711912398642653E+03   -0.933029170806112029E+00   -0.486490632002778689E+01    0.107337331763704705E+00   -0.383816333233296891E+01   -0.827389509141427304E+01    1
    0.198293417197982478E+03   -0.122374848118550372E+01   -0.424015727917214580E+01    0.347157788879611739E+00   -0.383773846362002669E+01   -0.828170759141426949E+01    1
    0.243311396801701392E+03   -0.637984852060076602E+00   -0.453351041444095948E+01    0.982990206790884391E-01   -0.383604981243930565E+01   -0.828952009141427659E+01    1
    0.191380885692721449E+03   -0.112229149744032242E+01   -0.352951293166408675E+01    0.325966122242469115E-02   -0.383224264501523537E+01   -0.829733259141427482E+01    1
    0.172132501006126404E+03   -0.142296546697616577E+01   -0.377731144428253174E+01    0.166311259818077095E+00   -0.383118617357522950E+01   -0.830514509141426593E+01    1
    0.173899935647371137E+03    0.415769202964684226E+00   -0.497542944318650626E+01    0.413640090981816755E+00   -0.382960981105592868E+01   -0.831295759141426771E+01    1
    0.300220917237542267E+03   -0.508239506366954252E+00   -0.487664862014322331E+01    0.468407231521562328E-01   -0.382668912533515870E+01   -0.832077009141426949E+01    1
    0.150460979573192276E+03   -0.187964312150569568E+01   -0.396907612775680718E+01    0.479030936526932238E+00   -0.382596529883709424E+01   -0.832858259141427126E+01    1
    0.169077079815274942E+03   -0.365395804491842835E+00   -0.335702896256628192E+01    0.146355842969221578E+00   -0.382588965312719065E+01   -0.833639509141427482E+01    1
    0.315214094241182693E+03   -0.180692218472054922E+01   -0.475442082181722459E+01    0.633612909581054984E-01   -0.382112018925437269E+01   -0.834420759141427126E+01    1
    0.172740262750252640E+03   -0.171295889118711164E+01   -0.384271808430536854E+01    0.338276945910743587E+00   -0.381842693975359193E+01   -0.835202009141427126E+01    1
    0.160059984117734643E+03   -0.229863418951428589E+00   -0.495802554596994138E+01    0.480795068075441423E+00   -0.381780963834656761E+01   -0.835983259141427126E+01    1
    0.242764551881912496E+03   -0.996878106152792487E+00   -0.425222468512531737E+01    0.193086882041407754E+00   -0.381706101585290813E+01   -0.836764509141427126E+01    1
    0.191254505515098572E+03   -0.295787155628204346E+00   -0.481784522533416748E+01    0.475945103502273592E+00   -0.381575146200842497E+01   -0.837545759141427659E+01    1
    0.147726213515439071E+03   -0.154334114075048090E+01   -0.354410017320029880E+01    0.350459927371534641E+00   -0.381421776453722083E+01   -0.838327009141427659E+01    1
    0.295698529437344519E+03    0.892542234451449978E-01   -0.475603825765151722E+01    0.116590858274956799E+00   -0.381127367790039440E+01   -0.839108259141427482E+01    1
    0.159744618062169991E+03   -0.402798668656183967E+00   -0.401146494583044344E+01    0.220449769186923827E+00   -0.381015257469905633E+01   -0.839889509141427126E+01    1
    0.294512605667114258E+03   -0.169725441932678223E+01   -0.453371405601501465E+01    0.174372794365882877E+00   -0.380971126153229633E+01   -0.840670759141426771E+01    1
    0.347738487880403966E+03   -0.944834496030729776E+00   -0.460148221455805206E+01    0.514453298017416294E-01   -0.380728726982407562E+01   -0.841452009141426949E+01    1
    0.245296341310660239E+03    0.344147435339473340E+00   -0.463422790470859169E+01    0.729750002446698937E-01   -0.380475453122049156E+01   -0.842233259141427304E+01    1
    0.146161153713296699E+03   -0.669606157958604342E-01   -0.403744791409021886E+01    0.412210241411899381E+00   -0.380410630712371045E+01   -0.843014509141427126E+01    1
    0.257410953059685994E+03   -0.191020254026383540E+01   -0.475550741785984421E+01    0.214786247171459888E+00   -0.380190403146759159E+01   -0.843795759141427304E+01    1
    0.144940247559417230E+03    0.384306239032436991E+00   -0.396770388938150464E+01    0.247198211151722302E+00   -0.380015142094668601E+01   -0.844577009141427482E+01    1
    0.134989451579646300E+03   -0.326968349261574920E+00   -0.264751034305722310E+01    0.786234125326089744E-01   -0.379691298575557168E+01   -0.845358259141427126E+01    1
    0.339352933672863173E+03   -0.185846034499658375E+01   -0.472237168741838076E+01    0.133342042045768661E+00   -0.379687233612632635E+01   -0.846139509141426949E+01    1
    0.183024077449295163E+03   -0.184525151555702083E+01   -0.405644358098225322E+01    0.233614531423667199E+00   -0.379562599331093153E+01   -0.846920759141426949E+01    1
    0.165969680900040373E+03    0.207194748654737637E-02   -0.464606336292623734E+01    0.489905347139183212E+00   -0.379502634134566907E+01   -0.847702009141427482E+01    1
    0.250338219106197357E+03   -0.175440514087677002E+01   -0.410760939121246338E+01    0.433717491388320928E-01   -0.379441313924843016E+01   -0.848483259141427837E+01    1
    0.158915788500138291E+03   -0.250553907884871530E+00   -0.377885296565866557E+01    0.291228782054696878E+00   -0.379378622555803080E+01   -0.849264509141427482E+01    1
    0.168950623513557559E+03   -0.455393584720892530E+00   -0.407904592418484313E+01    0.353777375341668365E+00   -0.379333101309870147E+01   -0.850045759141426771E+01    1
    0.200597905942905243E+03   -0.116715532830109536E+01   -0.390605587394127607E+01    0.226980756260083266E+00   -0.379281555897506806E+01   -0.850827009141426949E+01    1
    0.161163640653108473E+03    0.290768237957744979E+00   -0.422659776303368417E+01    0.317718512699642186E+00   -0.379163405424334998E+01   -0.851608259141427482E+01    1
    0.158335619948287501E+03    0.323134535352528118E+00   -0.367186390143602859E+01    0.931444032414308482E-01   -0.379139729172311446E+01   -0.852389509141427126E+01    1
    0.161431501380530165E+03   -0.175136070913354036E+01   -0.381808183821321911E+01    0.369276241489755797E+00   -0.379052595730941677E+01   -0.853170759141427126E+01    1
    0.267578098112022190E+03   -0.402320597767610977E+00   -0.456229092397183678E+01    0.356432203292900152E-01   -0.379000096518669416E+01   -0.853952009141426949E+01    1
    0.178577361009927870E+03   -0.482941646842177441E+00   -0.391627530344494712E+01    0.121905905579495155E+00   -0.378863751411513672E+01   -0.854733259141426949E+01    1
