    0.326156878471374512E+03   -0.105381768941879272E+01   -0.413325250148773193E+01    0.334397902321815488E+00   -0.131241171445716844E+02
    0.149791309237480164E+03    0.726521253585815430E+00   -0.495513737201690674E+01    0.184153792691230778E+00   -0.986714891189729570E+01
    0.297053810954093933E+03   -0.976055979728698730E+00   -0.398179113864898682E+01    0.239467282247543350E+00   -0.978941939407309114E+01
    0.127027152886027366E+03   -0.942221406724509158E+00   -0.365375054540817512E+01    0.427437521855839470E-01   -0.930190183251025537E+01
    0.302488180994987488E+03   -0.188144940137863159E+01   -0.330179274082183838E+01    0.454155698776245106E-01   -0.918277250167773396E+01
    0.136641336977481842E+03   -0.141770511865615845E+01   -0.449564039707183838E+01    0.270639770579338079E+00   -0.908234961861778878E+01
    0.258497861027717590E+03   -0.131942772865295410E+01   -0.441454112529754639E+01    0.429352131843566909E+00   -0.885907951667776672E+01
    0.263162410259246826E+03    0.279692411422729492E-01   -0.370931267738342285E+01    0.145159241938591005E+00   -0.884824154290149245E+01
    0.264377236366271973E+03   -0.758976221084594727E+00   -0.365611135959625244E+01    0.168376950001716624E+00   -0.874477183442186146E+01
    0.287138144846354521E+03   -0.635856629523795069E+00   -0.418845413286721868E+01    0.259478428996535504E+00   -0.869004316094055440E+01
    0.211600217486445985E+03   -0.600593543426364951E+00   -0.402898816852851294E+01    0.394437247646780398E+00   -0.820031246294773020E+01
    0.197904264926910400E+03   -0.100372135639190674E+00   -0.338347852230072021E+01    0.224641948056221008E+00   -0.814599005386469877E+01
    0.164423210363076521E+03   -0.117362553901905309E+01   -0.291783487642549577E+01    0.260080028794970608E+00   -0.810953869666044724E+01
    0.287620781415483407E+03   -0.935159569104212718E+00   -0.443846229342482435E+01    0.311071060092498075E+00   -0.804175016823407418E+01
    0.328001598224739496E+03    0.692323036111615053E-01   -0.442445471907349752E+01    0.146709785213510802E+00   -0.781966025818604216E+01
    0.204688992692739077E+03    0.157522801169403426E+00   -0.451223385773670582E+01    0.479244795751847197E+00   -0.774864417962867424E+01
    0.203695533394375076E+03   -0.225970845397677200E+00   -0.371015193385500996E+01    0.281055588467921891E+00   -0.767838593638993139E+01
    0.304450479424358377E+03   -0.319609274505618712E+00   -0.415114813098157764E+01    0.138808123499348929E+00   -0.767294388321247833E+01
    0.279742723868999633E+03   -0.149065002283284009E-01   -0.373056602866588305E+01    0.538559497234953125E-01   -0.763045822324619305E+01
    0.134538661798438966E+03    0.833594600482454595E+00   -0.428620715665787522E+01    0.316335119211461457E+00   -0.758923576379168541E+01
    0.134121048355915690E+03    0.130148328338179908E-01   -0.242366607169301140E+01    0.162222026475592113E+00   -0.757115870929662726E+01
    0.195900614559650421E+03    0.452427387237548828E+00   -0.462301254272460938E+01    0.481409632945060728E+00   -0.756100918421925083E+01
    0.293406086134582893E+03    0.343405307092015555E+00   -0.390668263214522415E+01    0.165104581845448364E-01   -0.732581808083089925E+01
    0.298966729923613684E+03    0.605659562544254015E+00   -0.490131578924300904E+01    0.175212133570173484E+00   -0.725037768355433787E+01
    0.137180375476240897E+03    0.331528395475491511E+00   -0.455126707742920011E+01    0.283621256827749135E+00   -0.723612182213382571E+01
    0.154611929982849745E+03   -0.662529322627937622E+00   -0.384028638944153666E+01    0.498011457709983063E+00   -0.723002985858420644E+01
    0.202131721371244964E+03    0.208678310884500284E-01   -0.342932149941992481E+01    0.156820790957600764E+00   -0.719058803752493603E+01
    0.143577128197779501E+03   -0.147292236281433997E+01   -0.400957326057264574E+01    0.200914044159748562E+00   -0.715400108072482332E+01
    0.163520477712154388E+03    0.351837217807769775E+00   -0.426153063774108887E+01    0.496765906763076803E+00   -0.713802147599394221E+01
    0.130831922640487051E+03   -0.156817152589156317E+01   -0.271495406821226037E+01    0.312977187990692074E+00   -0.711351544511730971E+01
    0.169963728783408101E+03   -0.833006744284489509E+00   -0.320901293777380348E+01    0.250088323292985082E+00   -0.710576071222557903E+01
    0.339982187051075528E+03    0.253264878293421702E+00   -0.491858968921612405E+01    0.196844609829868095E+00   -0.707272761976097364E+01
    0.230474578001027169E+03    0.114855836373256359E+00   -0.448690261643040333E+01    0.349661891960859950E+00   -0.706802870894880542E+01
    0.203317578198226812E+03   -0.639059102755186181E+00   -0.442416967797187066E+01    0.469751061805431969E+00   -0.704276453384919954E+01
    0.148854698465960979E+03    0.664478511094703350E+00   -0.371328676140335157E+01    0.243338684118516141E+00   -0.703304879399900074E+01
    0.283694103360176086E+03   -0.183027017116546631E+01   -0.401413559913635254E+01    0.174258363604545607E+00   -0.703284063604407805E+01
    0.125749196433165594E+03   -0.399303497545333563E+00   -0.446203773562128703E+01    0.381605555318330236E+00   -0.702853180475440364E+01
    0.127392289042472839E+03    0.623948037624359131E+00   -0.267389774322509766E+01    0.757583840131759723E-01   -0.701777504347845493E+01
    0.348737175762653351E+03   -0.111303031444549561E+01   -0.485669851303100586E+01    0.248160267162323006E+00   -0.698361287539010878E+01
    0.271384051442146301E+03    0.377805292606353760E+00   -0.431236684322357178E+01    0.149212390422821056E+00   -0.697103129354635431E+01
    0.204569954024284471E+03   -0.142935375525315989E+01   -0.435188301518039289E+01    0.803894990749577376E-01   -0.692025066703832614E+01
    0.177361166077148312E+03   -0.763345758718026568E+00   -0.423591337400270795E+01    0.101646793066061308E+00   -0.691498820050442387E+01
    0.242386488616466522E+03   -0.989528894424438477E+00   -0.484232664108276367E+01    0.883911784172058124E-01   -0.687937748854406639E+01
    0.156921917904790462E+03   -0.168498072858985060E+01   -0.317616411487281791E+01    0.305283401865725668E+00   -0.682749945115133805E+01
    0.251889086992370494E+03   -0.185602995704825147E+01   -0.346637635337486527E+01    0.826642782854887098E-01   -0.682683219977613653E+01
    0.241800327163318798E+03   -0.266940581508003927E+00   -0.469664352616970771E+01    0.393309608100934682E+00   -0.682648044605347160E+01
    0.228407293003378129E+03   -0.456001510081366579E+00   -0.433187107195733212E+01    0.335264709978401187E+00   -0.681758430630028922E+01
    0.199140750231354616E+03   -0.609479879762343524E+00   -0.469584321158874740E+01    0.166270008438513278E+00   -0.680854224248617879E+01
    0.151663692763088022E+03   -0.266160725015773592E+00   -0.419905368981797267E+01    0.184455472610594418E+00   -0.680142998611268546E+01
    0.125690356537340236E+03   -0.111916672665915407E+01   -0.355300044966198891E+01    0.167901643743879669E+00   -0.680118505500332304E+01
    0.217818278406193883E+03   -0.135041780400560452E+01   -0.470210549243088405E+01    0.512110218568913145E+00   -0.678720800290502879E+01
    0.172304553814985496E+03   -0.123633673030935620E+01   -0.430755942722263274E+01    0.180915163582513278E+00   -0.677536198624833119E+01
    0.137230582249764922E+03    0.561439628066297658E+00   -0.291663459235403177E+01    0.108991987526342343E+00   -0.675425838172618143E+01
    0.191536432783213201E+03    0.359056047414685775E+00   -0.480243529844316885E+01    0.164665031062070949E+00   -0.675336012493688198E+01
    0.217126178580496912E+03   -0.535429858651232493E+00   -0.410372535180612275E+01    0.305021197561464397E+00   -0.672930286210841189E+01
    0.167712680314509612E+03   -0.157937737168621339E+01   -0.372298489578461478E+01    0.404840237096299793E+00   -0.666740423990229836E+01
    0.288169074717331114E+03    0.264204943056146391E+00   -0.456253410119764968E+01    0.177510774094829876E+00   -0.666335751943514687E+01
    0.288169074717331114E+03    0.264204943056146391E+00   -0.456253410119764968E+01    0.177510774094829876E+00   -0.666335751943514687E+01
    0.273485285459706006E+03   -0.175323247643103564E+01   -0.399921775037424831E+01    0.161952602715472960E+00   -0.666316647388097394E+01
    0.293815343163745410E+03   -0.282915173963811828E+00   -0.431401314620609888E+01    0.144875103188298160E+00   -0.664979895181308311E+01
    0.192235134541988373E+03   -0.132284522056579590E+00   -0.326079130172729492E+01    0.114841947841644296E+00   -0.664575814934538567E+01
    0.297325801909000006E+03   -0.129318596795000862E+01   -0.432753881402564833E+01    0.183152187138164835E+00   -0.662027455868989279E+01
    0.191472238824444361E+03   -0.767261924066582779E+00   -0.458949228421417832E+01    0.529953973385188348E+00   -0.661837146267994481E+01
    0.191472238824444361E+03   -0.767261924066582779E+00   -0.458949228421417832E+01    0.529953973385188348E+00   -0.661837146267994481E+01
    0.199796458750069661E+03   -0.123863225796879917E+01   -0.414694337446737915E+01    0.517883588255568378E-01   -0.660793686329248953E+01
    0.178190034828953856E+03    0.347752853671977391E+00   -0.436882162852937039E+01    0.939628846810798973E-01   -0.660106691442832094E+01
    0.197698838858492906E+03   -0.629691272757707754E+00   -0.412071544275357660E+01    0.366728115362428386E+00   -0.658229775514507676E+01
    0.290958788745685922E+03   -0.103206604819164216E+01   -0.393762037631894080E+01    0.744404350439661772E-01   -0.656915658966294291E+01
    0.300867979228496552E+03   -0.182217615842819214E+01   -0.495919942855834961E+01    0.367266893219947821E+00   -0.656746838891846352E+01
    0.132698172663298294E+03   -0.975292175179161891E+00   -0.346797792703911334E+01    0.118448626236679344E+00   -0.654642950913343835E+01
    0.198749399366499432E+03   -0.164254092550259023E+01   -0.488745457112128712E+01    0.293704405259427981E+00   -0.653945136985654241E+01
    0.198749399366499432E+03   -0.164254092550259023E+01   -0.488745457112128712E+01    0.293704405259427981E+00   -0.653945136985654241E+01
    0.270445841550827026E+03   -0.112787258625030518E+01   -0.493426620960235596E+01    0.400498691725730938E+00   -0.652411889997562433E+01
    0.270445841550827026E+03   -0.112787258625030518E+01   -0.493426620960235596E+01    0.400498691725730938E+00   -0.652411889997562433E+01
    0.348006712051983754E+03   -0.117637161598786921E+01   -0.474553196419995338E+01    0.186493045928035395E+00   -0.651273070827382305E+01
    0.282252919297721292E+03   -0.425050613997962845E+00   -0.494808428134753431E+01    0.343749759649356779E+00   -0.649865544260034422E+01
    0.282252919297721292E+03   -0.425050613997962845E+00   -0.494808428134753431E+01    0.343749759649356779E+00   -0.649865544260034422E+01
    0.186089237187541102E+03    0.613432873114429178E+00   -0.492235842937019541E+01    0.271778115782794205E+00   -0.649746833413663349E+01
    0.188048152979573814E+03   -0.187562509641914765E+01   -0.394826795139205977E+01    0.683424556056846794E-01   -0.647579900154199528E+01
    0.270144455134868622E+03   -0.745544433593750000E-01   -0.472800970077514648E+01    0.286724320793151854E+00   -0.647314399560434239E+01
    0.270144455134868622E+03   -0.745544433593750000E-01   -0.472800970077514648E+01    0.286724320793151854E+00   -0.647314399560434239E+01
    0.154298025349567979E+03   -0.103626400090580439E+00   -0.415265236056921783E+01    0.177073120892294905E+00   -0.646690512950018359E+01
    0.154298025349567979E+03   -0.103626400090580439E+00   -0.415265236056921783E+01    0.177073120892294905E+00   -0.646690512950018359E+01
    0.253419739758195249E+03   -0.152029214574252336E+01   -0.471377134361753569E+01    0.392244597348866963E+00   -0.644628341092666446E+01
    0.253419739758195249E+03   -0.152029214574252336E+01   -0.471377134361753569E+01    0.392244597348866963E+00   -0.644628341092666446E+01
    0.288830498804600552E+03    0.277538799955954651E+00   -0.427649328114668315E+01    0.701242768212131246E-01   -0.639053395930459267E+01
    0.288830498804600552E+03    0.277538799955954651E+00   -0.427649328114668315E+01    0.701242768212131246E-01   -0.639053395930459267E+01
    0.143224514041215400E+03    0.512463345017089011E-02   -0.265057436164309523E+01    0.988965297600351984E-01   -0.638333638965568717E+01
    0.321239099145430941E+03   -0.931691176559601431E-01   -0.433777050536640196E+01    0.543642989418429007E-01   -0.634375901103953144E+01
    0.321239099145430941E+03   -0.931691176559601431E-01   -0.433777050536640196E+01    0.543642989418429007E-01   -0.634375901103953144E+01
    0.283034252535781093E+03   -0.143648648321748240E+01   -0.486126795235878628E+01    0.347249768432587147E+00   -0.634161630170606649E+01
    0.277841066349016558E+03   -0.142050438874676455E+01   -0.430020327664229285E+01    0.197881769786545009E+00   -0.633852627889319908E+01
    0.315131124025352165E+03   -0.100954835410742039E+01   -0.412701251208941766E+01    0.508777877867294878E-01   -0.633656045610947949E+01
    0.180399273981454598E+03   -0.433911638892038543E+00   -0.448169842111910111E+01    0.490568518726819169E+00   -0.632361693676386150E+01
    0.235957700845576881E+03   -0.262670471585743748E+00   -0.365319801446684966E+01    0.657192730793183244E-01   -0.628892838063994741E+01
    0.280963417162730480E+03   -0.124299875954035466E+01   -0.475306722959770145E+01    0.304190231732837102E+00   -0.624363557963600257E+01
    0.274175135121961489E+03   -0.113363799504702767E+01   -0.491029511696870458E+01    0.845091373585641348E-01   -0.624106122092848192E+01
    0.230945034341140826E+03   -0.336034555218886366E+00   -0.452193141093885398E+01    0.327368091088762025E+00   -0.623565296653792966E+01
    0.182783674906709479E+03    0.257953874078442169E+00   -0.475211246934473408E+01    0.225588946559357018E+00   -0.623148357753816207E+01
    0.291694908083609675E+03   -0.154031714270892550E+01   -0.489986849378016398E+01    0.664676924209119946E-01   -0.623123988959854191E+01
    0.243716335587220954E+03   -0.421186594407890524E+00   -0.488468709742246787E+01    0.122520660608836818E+00   -0.622558109727052056E+01
    0.243716335587220954E+03   -0.421186594407890524E+00   -0.488468709742246787E+01    0.122520660608836818E+00   -0.622558109727052056E+01
    0.154681166353881650E+03    0.833249070913937295E-01   -0.359212530197698943E+01    0.297329361297330286E+00   -0.622186705202182555E+01
    0.198448515615580561E+03   -0.820935907065950099E+00   -0.494025977150095486E+01    0.300061732945364368E+00   -0.621432142122781705E+01
    0.197935070097446442E+03   -0.829560160636901855E-01   -0.466736555099487305E+01    0.462301606392860442E+00   -0.621294132188230908E+01
    0.154275466639419278E+03    0.504705471263224847E+00   -0.427240402193240687E+01    0.216381842005292091E+00   -0.621093990319559452E+01
    0.153558031117602468E+03   -0.136318875848162668E+01   -0.448156749204318849E+01    0.367935926414725167E+00   -0.618725619049108744E+01
    0.274635578580174979E+03   -0.101418990853336322E+01   -0.491742949293345788E+01    0.348290154757313786E+00   -0.617224535606613678E+01
    0.154341026457829429E+03   -0.103406893276999723E+01   -0.425430081769608304E+01    0.285129414046500274E+00   -0.615438691820562411E+01
    0.171000324948138626E+03    0.519550398753840792E+00   -0.334874419166402060E+01    0.319158236550096397E-01   -0.614400851218868116E+01
    0.171000324948138626E+03    0.519550398753840792E+00   -0.334874419166402060E+01    0.319158236550096397E-01   -0.614400851218868116E+01
    0.142475430255646671E+03    0.361926238930117883E+00   -0.311960046945207647E+01    0.167650176011326341E+00   -0.613764740303643919E+01
    0.183036740124225616E+03   -0.177219533920288086E+01   -0.432837665081024170E+01    0.221299095940589913E+00   -0.613409367040555153E+01
    0.183036740124225616E+03   -0.177219533920288086E+01   -0.432837665081024170E+01    0.221299095940589913E+00   -0.613409367040555153E+01
    0.193582738952593957E+03   -0.684574698875599408E+00   -0.384911824613536346E+01    0.298930006885682938E-02   -0.612083120716355999E+01
    0.276569477173753569E+03   -0.136889809058062406E+01   -0.386077085983684842E+01    0.525302008608919957E-01   -0.611982748438588597E+01
    0.226798339156698546E+03   -0.658241341944122649E+00   -0.441182908934473339E+01    0.312363963192880290E+00   -0.611887938096517647E+01
    0.204055472187447151E+03   -0.772957924410154540E+00   -0.467535853896111497E+01    0.467208802798473433E+00   -0.610596110548342352E+01
    0.204663545282111443E+03   -0.131961485801003264E+01   -0.463128628553687260E+01    0.227558139698197798E+00   -0.609789527559633360E+01
    0.201935669930000017E+03   -0.176912745035309138E+01   -0.450277942029519718E+01    0.221666138867303547E+00   -0.609454768043818707E+01
    0.201935669930000017E+03   -0.176912745035309138E+01   -0.450277942029519718E+01    0.221666138867303547E+00   -0.609454768043818707E+01
    0.165806449818445287E+03   -0.232058306676393933E+00   -0.435432655831272264E+01    0.231497539061729402E+00   -0.609387096257475136E+01
    0.193164433548462853E+03   -0.175441867088911407E+01   -0.378694499721677236E+01    0.425986041613410568E-01   -0.609178767523517095E+01
    0.262557264184980340E+03   -0.195528143843323021E+01   -0.376362973440155724E+01    0.762909733784982586E-01   -0.608839587085984846E+01
    0.262557264184980340E+03   -0.195528143843323021E+01   -0.376362973440155724E+01    0.762909733784982586E-01   -0.608839587085984846E+01
    0.270748609882397261E+03   -0.342417057691017934E+00   -0.474478918839273334E+01    0.232361137088435386E-01   -0.607140128522280254E+01
    0.325649534260267160E+03   -0.880476872885413098E+00   -0.492357365534620683E+01    0.220906324758083444E+00   -0.605613512156437128E+01
    0.307312050909754760E+03   -0.108592504344199803E+01   -0.454807359357861785E+01    0.160419553406367321E+00   -0.605574003696084517E+01
    0.204808115170206349E+03   -0.102189953428773084E+01   -0.444873371829772957E+01    0.403477462216363048E+00   -0.605379178669096163E+01
    0.316646207869052887E+03   -0.547633171081542969E-01   -0.489956915378570557E+01    0.183913228797912609E+00   -0.602428194091958691E+01
    0.215182254689181917E+03   -0.333033502438495610E-01   -0.344922936358197196E+01    0.286800165688280359E-01   -0.601705296570660053E+01
    0.127294160425662994E+03   -0.654143154621124268E+00   -0.470398366451263428E+01    0.547476884651184048E+00   -0.601398299596121699E+01
    0.127294160425662994E+03   -0.654143154621124268E+00   -0.470398366451263428E+01    0.547476884651184048E+00   -0.601398299596121699E+01
    0.143866014480590820E+03    0.283885240554809570E+00   -0.303616583347320557E+01    0.133118491959571844E+00   -0.601269059780923776E+01
    0.273634005416830064E+03   -0.197705528557192722E+01   -0.446479757112167697E+01    0.246650572591750467E-01   -0.600784307800647177E+01
    0.285291426557806176E+03   -0.171616771301047955E+01   -0.459557312757944114E+01    0.266563863673017522E-01   -0.600593231411436257E+01
    0.199973020151432934E+03   -0.113001259524930697E+01   -0.447716731710031901E+01    0.201301244491778608E+00   -0.599774921117928539E+01
    0.317553497514481364E+03   -0.994748060408164880E+00   -0.444147990883336874E+01    0.991810237114362225E-01   -0.599639470201791980E+01
    0.310128447730331800E+03   -0.120033955258639624E+01   -0.482516529059191512E+01    0.228706391129178094E+00   -0.598721236112929489E+01
    0.310128447730331800E+03   -0.120033955258639624E+01   -0.482516529059191512E+01    0.228706391129178094E+00   -0.598721236112929489E+01
    0.228267098519560420E+03   -0.100592197599263855E+00   -0.379995076281516297E+01    0.895037955869176782E-01   -0.598446650033868810E+01
    0.238821061220761976E+03   -0.114609124719308619E+00   -0.444976401085270190E+01    0.245748178954304286E+00   -0.598166897538288111E+01
    0.139506699660223717E+03    0.451883765185625563E+00   -0.349130562343441087E+01    0.819718572563601922E-01   -0.597773703930231903E+01
    0.156064098019531173E+03   -0.136807982196004163E+01   -0.434691728043278403E+01    0.342355866305514012E+00   -0.597529893846409088E+01
    0.177563401966499271E+03   -0.152280684564416036E+01   -0.448872729028487605E+01    0.299238935051780897E+00   -0.596781483184558059E+01
    0.180635559226757977E+03   -0.178719186454804979E+01   -0.370149252107290838E+01    0.273662605005839166E+00   -0.595098613938037868E+01
    0.180635559226757977E+03   -0.178719186454804979E+01   -0.370149252107290838E+01    0.273662605005839166E+00   -0.595098613938037868E+01
    0.208398396087071831E+03    0.210204758070442477E+00   -0.399172406972128968E+01    0.165873209598012855E+00   -0.594266967143873437E+01
    0.161596313488016307E+03   -0.547135082232220959E+00   -0.462747683517996400E+01    0.362181288386197731E+00   -0.594118799242630224E+01
    0.208094137503102445E+03    0.959950387005914507E-01   -0.408054926911598148E+01    0.122759518969942690E-02   -0.592931098147852076E+01
    0.151174403532651581E+03   -0.736112958907290338E+00   -0.246290397113791792E+01    0.449909592076978935E-03   -0.592108879756191087E+01
    0.151174403532651581E+03   -0.736112958907290338E+00   -0.246290397113791792E+01    0.449909592076978935E-03   -0.592108879756191087E+01
    0.190078088641166687E+03   -0.185428023338317871E+01   -0.395629405975341797E+01    0.126948340272903443E+00   -0.591849877018344195E+01
    0.221663915500453356E+03   -0.112218937672350605E+01   -0.422153012769851177E+01    0.671706732308246790E-01   -0.591817077361416377E+01
    0.221663915500453356E+03   -0.112218937672350605E+01   -0.422153012769851177E+01    0.671706732308246790E-01   -0.591817077361416377E+01
    0.306895221624358840E+03    0.171959110654746894E-01   -0.426868266585441791E+01    0.357705765190142241E-02   -0.590893167855676893E+01
    0.217591921601189426E+03   -0.128653485495824782E+01   -0.487082125132197952E+01    0.472699784327383909E+00   -0.590343828132942416E+01
    0.196333648101582440E+03   -0.178277176746804633E+01   -0.467522614978651507E+01    0.316327038168888519E+00   -0.590155283529224839E+01
    0.330972085568678949E+03   -0.160484380428714890E+01   -0.471225013351955102E+01    0.158783023110070198E+00   -0.589212059757709561E+01
    0.252909652888774872E+03   -0.138342577219009399E+01   -0.484692573547363281E+01    0.366536160349845874E+00   -0.588987289870625297E+01
    0.172153596580028534E+03   -0.155356955528259277E+01   -0.435067772865295410E+01    0.301451361894607528E+00   -0.587468067643899516E+01
    0.172153596580028534E+03   -0.155356955528259277E+01   -0.435067772865295410E+01    0.301451361894607528E+00   -0.587468067643899516E+01
    0.168842226454971723E+03   -0.131482680979996536E+01   -0.343321355786300630E+01    0.372292371445300321E-01   -0.587068775026310696E+01
    0.205616588182626742E+03   -0.163535175100658492E+01   -0.412020122985326243E+01    0.123457675300609540E+00   -0.586657474623422726E+01
    0.167203578165553665E+03   -0.138699911017176247E+01   -0.414377455188689581E+01    0.254852192575835579E+00   -0.586645913795050067E+01
    0.347409342759972901E+03   -0.213827668987929043E+00   -0.478439936857429071E+01    0.880457056852445852E-01   -0.586513395371243451E+01
    0.235501251357774095E+03   -0.106675734712427817E+01   -0.441706272569049485E+01    0.853231681719556490E-01   -0.586053352963286756E+01
    0.235501251357774095E+03   -0.106675734712427817E+01   -0.441706272569049485E+01    0.853231681719556490E-01   -0.586053352963286756E+01
    0.247545295418256103E+03    0.341828146311045522E+00   -0.436575531792375404E+01    0.120348279289421323E+00   -0.585766805144977809E+01
    0.247545295418256103E+03    0.341828146311045522E+00   -0.436575531792375404E+01    0.120348279289421323E+00   -0.585766805144977809E+01
    0.184888057788910373E+03   -0.111034553238353095E+01   -0.362867424616829304E+01    0.161058861615878089E-01   -0.585541720432176049E+01
    0.184888057788910373E+03   -0.111034553238353095E+01   -0.362867424616829304E+01    0.161058861615878089E-01   -0.585541720432176049E+01
    0.166052255034446716E+03   -0.567778348922729492E-01   -0.351981580257415771E+01    0.938018360137939447E-02   -0.583895035289814501E+01
    0.126020101458205431E+03   -0.983285121344144475E+00   -0.327678822357278543E+01    0.176248414029117589E+00   -0.583757946589193288E+01
    0.311960100123191580E+03   -0.178228903091478652E+01   -0.499734863452271849E+01    0.103811646626631032E+00   -0.583664931609751036E+01
    0.134669619069185075E+03    0.128039924741940592E+00   -0.285079557772317083E+01    0.120318849169892647E+00   -0.582905615163414570E+01
    0.173930378646858685E+03   -0.103682902864251569E+01   -0.424043895424917316E+01    0.419449940004465560E+00   -0.582557755337439875E+01
    0.215969626605510712E+03   -0.876720190048217773E+00   -0.346203446388244629E+01    0.476907086133956937E-01   -0.582521017657222462E+01
    0.217449758016591801E+03    0.666729682994526840E-02   -0.432997685856231485E+01    0.242392058171649022E+00   -0.581232895281312256E+01
    0.164258664321424021E+03    0.457806270315761488E+00   -0.358157869408482732E+01    0.797482870697467788E-01   -0.580151057830427241E+01
    0.198688434096643448E+03    0.133498412436918734E-01   -0.459925138525604638E+01    0.204994965815689184E+00   -0.580145237826500537E+01
    0.198688434096643448E+03    0.133498412436918734E-01   -0.459925138525604638E+01    0.204994965815689184E+00   -0.580145237826500537E+01
    0.143928645319077191E+03   -0.156165622314818719E+01   -0.340766292560607109E+01    0.160406627373654104E+00   -0.580089812919995396E+01
    0.125931283690785804E+03   -0.234762600841703861E+00   -0.247619211014762586E+01    0.871631116554288793E-01   -0.579904789682291355E+01
    0.294512605667114258E+03   -0.169725441932678223E+01   -0.453371405601501465E+01    0.174372794365882877E+00   -0.579714562336876416E+01
    0.198025452463697548E+03    0.155607262612494246E+00   -0.398748869187945232E+01    0.184494833091716659E+00   -0.579658518894094765E+01
    0.214915494432751757E+03   -0.185377250822040796E+01   -0.480672801779498471E+01    0.315354958859642764E+00   -0.579009253190604056E+01
    0.214915494432751757E+03   -0.185377250822040796E+01   -0.480672801779498471E+01    0.315354958859642764E+00   -0.579009253190604056E+01
    0.239011464288026275E+03   -0.833867520893830649E+00   -0.488850791455705291E+01    0.209938261881705890E+00   -0.578740880948530023E+01
    0.205149273663326994E+03    0.183492048503595129E-01   -0.474673164119448199E+01    0.229148185600449611E+00   -0.578164509305414942E+01
    0.130989694595336914E+03   -0.185331016778945923E+01   -0.358378112316131592E+01    0.440022851514816293E+00   -0.578097646529760034E+01
    0.243326249269047310E+03    0.258074148040927209E+00   -0.410881014213836337E+01    0.577385315504764240E-01   -0.577540198874665123E+01
    0.168376846048774354E+03   -0.105181536252657648E+01   -0.414646771977902873E+01    0.407638029996023832E+00   -0.576760525107287414E+01
    0.279112158659138686E+03   -0.174160103201513028E+01   -0.395115397200912577E+01    0.339825863007826787E-01   -0.575156496114274507E+01
    0.279112158659138686E+03   -0.174160103201513028E+01   -0.395115397200912577E+01    0.339825863007826787E-01   -0.575156496114274507E+01
    0.261817214649611117E+03   -0.194402512226290591E+01   -0.477902846132862091E+01    0.183177609119123591E+00   -0.575091357243419399E+01
    0.147035881959638630E+03   -0.736293073595858161E+00   -0.409370700047998781E+01    0.469529321269220201E+00   -0.575029261148543647E+01
    0.152440339970242348E+03   -0.652511240100072332E+00   -0.386800394293246175E+01    0.375444880473633225E+00   -0.574873253689808728E+01
    0.224141527203254071E+03    0.166937875403213809E+00   -0.463510607129196739E+01    0.273139006502355286E+00   -0.574054819712055497E+01
    0.127372109993890959E+03   -0.113942341574840267E+01   -0.298906585595306540E+01    0.110027754341612563E+00   -0.574053026749693718E+01
    0.316552296462777917E+03    0.299059250227383444E+00   -0.497511683161082807E+01    0.712486610087503976E-02   -0.573721608230038793E+01
    0.230784942210912703E+03   -0.997340620758397467E+00   -0.438006327035406784E+01    0.104825734274563875E+00   -0.573646036665316661E+01
    0.280312493199398489E+03   -0.145359476068600202E+01   -0.409597989850125632E+01    0.611420984208260673E-01   -0.573555761903893480E+01
    0.210445778722013586E+03    0.413479430788736835E-01   -0.449072208812983398E+01    0.145994435178739251E+00   -0.573227348843422480E+01
    0.191254505515098572E+03   -0.295787155628204346E+00   -0.481784522533416748E+01    0.475945103502273592E+00   -0.572938356835641116E+01
    0.194868208788887642E+03   -0.586899697045860425E+00   -0.454355576539359607E+01    0.399843028779096832E+00   -0.572720017604763143E+01
    0.153982258561090788E+03   -0.132854657975302848E+01   -0.388407800823073801E+01    0.391733979086062001E+00   -0.572637097432549780E+01
    0.196805903122858410E+03    0.376465663245927118E+00   -0.415511997230839292E+01    0.176516460767223438E+00   -0.572211363302270026E+01
    0.220136447678577326E+03    0.301414142863597689E+00   -0.492248568313121826E+01    0.339295575361410251E+00   -0.572045600814234767E+01
    0.165697289142368419E+03   -0.111052453114055538E+00   -0.314926263730526657E+01    0.776518323827549151E-01   -0.571567153248102322E+01
    0.329690474271774292E+03   -0.157849246263504028E+01   -0.444755613803863525E+01    0.572208053827285776E-01   -0.571531561877422511E+01
    0.159308254136817624E+03   -0.108824915167270753E+01   -0.345764230249726001E+01    0.233325325352024132E+00   -0.571285020739326832E+01
    0.266302606463432312E+03   -0.163339066505432129E+01   -0.378051936626434326E+01    0.448971855640411394E-02   -0.570811138003764462E+01
    0.177615411386680847E+03    0.413864738518181952E+00   -0.371157634695465122E+01    0.699310203508638067E-01   -0.570770007913303701E+01
    0.242051512343622960E+03   -0.674496512855791597E+00   -0.384359915434551169E+01    0.518591635188631744E-01   -0.570741525283118012E+01
    0.247117011546168953E+03    0.186696609491018073E+00   -0.459162512033669756E+01    0.681518080303488150E-01   -0.570198134909186294E+01
    0.313530936545375880E+03   -0.124187666208407110E+01   -0.481744285986561582E+01    0.177987999448402684E+00   -0.570140196693465295E+01
    0.314304960965513089E+03   -0.944182882152067471E+00   -0.465830166940598556E+01    0.120532710984279756E+00   -0.570124700938395534E+01
    0.168543909471685424E+03   -0.136603981389869311E+01   -0.436674316335302315E+01    0.343965488363339011E+00   -0.570027898312123504E+01
    0.343492160995234087E+03   -0.652141815139694270E+00   -0.495518401901759642E+01    0.137714320856643369E+00   -0.569917969962175874E+01
    0.193977346343952746E+03   -0.139621478772706942E+01   -0.343385103436795402E+01    0.102253643945182174E+00   -0.569650670418459004E+01
    0.180539692181239502E+03   -0.105521508625776939E+01   -0.322505289924695226E+01    0.703469174714445034E-01   -0.569326478880173070E+01
    0.202996658707267216E+03    0.385670500386511517E+00   -0.403902501690716598E+01    0.102362191068024119E+00   -0.568569223384455569E+01
    0.206946852384662975E+03   -0.180507045262886434E+01   -0.469060128261774700E+01    0.328936671897564370E+00   -0.568305872380184329E+01
    0.139216440942299243E+03   -0.478878902576224341E+00   -0.356872750328096577E+01    0.192542229693171141E+00   -0.567976166963791407E+01
    0.172132501006126404E+03   -0.142296546697616577E+01   -0.377731144428253174E+01    0.166311259818077095E+00   -0.567440725816032820E+01
    0.160400044365566686E+03   -0.153772347236599316E+01   -0.350614085897445893E+01    0.244746370666588747E+00   -0.567351616628724642E+01
    0.156896253138961981E+03   -0.776713051524539511E+00   -0.303610414797846762E+01    0.101920195965242086E+00   -0.567288904513689740E+01
    0.250843228105751194E+03   -0.130545803219357470E+01   -0.494612502481716376E+01    0.359035858552520182E+00   -0.567176145457121184E+01
    0.140488471076494818E+03   -0.196714897110652043E+00   -0.361721561628771804E+01    0.188733214844214792E+00   -0.566263325848044374E+01
    0.319327879744282654E+03   -0.566879501292082866E+00   -0.453416235674751089E+01    0.525319373801537079E-01   -0.566244858903357873E+01
    0.333850108436711878E+03   -0.584031801416117435E+00   -0.460130260996390650E+01    0.434742353228924905E-01   -0.566231159529357431E+01
    0.212562908876982078E+03   -0.176652277765573995E+01   -0.362700835008810785E+01    0.977409201525266114E-01   -0.565945481467983402E+01
    0.205570723528468875E+03   -0.228318727316702663E+00   -0.390115674866949691E+01    0.148327742212860048E+00   -0.565860591094496623E+01
    0.261760262377277400E+03   -0.948419095404505308E+00   -0.407678467601591343E+01    0.679131315195876245E-01   -0.565722995540570306E+01
    0.252233807626685120E+03   -0.473585543469450254E+00   -0.435804698401015944E+01    0.307922598235271655E-01   -0.565578778915015246E+01
    0.148712747293708617E+03   -0.115902352531020902E+01   -0.259122078112823573E+01    0.163692126491666590E-01   -0.565412203693870641E+01
    0.188214286173390377E+03   -0.991939348869665061E+00   -0.408838739067754542E+01    0.173091705482045999E+00   -0.564883644609023960E+01
    0.228176923157144927E+03   -0.841496777750313729E+00   -0.387215919543599707E+01    0.904411407472827805E-01   -0.564843882151751764E+01
    0.314544070791284753E+03    0.243646195034621371E+00   -0.490009201960999441E+01    0.749395542302642159E-01   -0.564834520386167149E+01
    0.243500367011397373E+03    0.283243427188852426E+00   -0.442773370038556724E+01    0.517659484520482868E-01   -0.564746114285353862E+01
    0.216753944349881039E+03   -0.109919281824244042E+01   -0.466742869693980467E+01    0.364391497062364400E+00   -0.564597723862651968E+01
    0.275080253910359090E+03   -0.101526425893993166E+01   -0.463907783000600293E+01    0.822371833521727824E-01   -0.564553324981620275E+01
    0.276450069018336080E+03   -0.327367221361307692E-01   -0.463180637499988279E+01    0.136377021360712752E+00   -0.564387362825916217E+01
    0.161680484023691292E+03    0.261255886188341613E+00   -0.420947533781821104E+01    0.257500163367142099E+00   -0.564358568549101403E+01
    0.144878453139164321E+03   -0.191362980395838189E+01   -0.313888393410850153E+01    0.139909324592369044E+00   -0.564354747595328199E+01
    0.168856691031729781E+03   -0.154083577729193522E+01   -0.313105720923910091E+01    0.921452607906181331E-01   -0.563908389294952528E+01
    0.212931729038442541E+03   -0.858532664103563770E+00   -0.368845799679306374E+01    0.166220562619935237E-01   -0.553904968119693475E+01
    0.201649205386638641E+03   -0.893678903579711914E+00   -0.368874251842498779E+01    0.109906720376014719E+00   -0.559267200839858525E+01
    0.171912698180151608E+03   -0.965254533641460188E+00   -0.342307925730634510E+01    0.804411937215178396E-01   -0.555185739498943676E+01
    0.152720665346163173E+03   -0.139327607893057914E+01   -0.299534338881403306E+01    0.307377717759467692E-01   -0.562608563316504195E+01
    0.140495101971782361E+03   -0.129629662378588861E+01   -0.311667851012370534E+01    0.198771967298737723E+00   -0.561983542726456520E+01
    0.167419944354778778E+03   -0.165035878833033722E+01   -0.344937363489160465E+01    0.149070045609263763E+00   -0.559129964070727059E+01
    0.213458874828842283E+03   -0.837662650808407738E+00   -0.400263381445006416E+01    0.164563164795632350E+00   -0.560241527626805080E+01
    0.215583547028985890E+03   -0.694674660462558435E+00   -0.391303866844419490E+01    0.537774478956824301E-01   -0.555022515364107161E+01
    0.150286274672816006E+03   -0.354117616138351909E+00   -0.301168594142199275E+01    0.713246485404333552E-01   -0.555116495462972459E+01
    0.130158240895747838E+03   -0.581812399881185272E+00   -0.253355613458230167E+01    0.267837431992008698E-01   -0.553230076709467333E+01
    0.127727739358767195E+03   -0.829868782124892013E+00   -0.283971582206497919E+01    0.687604003847288592E-01   -0.563779670127690213E+01
    0.213145187384020403E+03   -0.450893470316443556E+00   -0.411810559323006320E+01    0.117447196688086883E+00   -0.552856280634931796E+01
    0.202226296067237854E+03    0.215430438518524170E+00   -0.421443104743957520E+01    0.113298463153839110E+00   -0.563538125260429545E+01
    0.180468954145908356E+03    0.490760803222656250E-01   -0.388320147991180420E+01    0.187134758377075189E+00   -0.563653126149403327E+01
    0.190534222329649054E+03   -0.252142101532430551E+00   -0.364895364991065208E+01    0.648565810006037635E-01   -0.551617276417012103E+01
    0.141140588917769037E+03   -0.205688569685056333E+00   -0.363689867915361020E+01    0.203919157924093375E+00   -0.561290268650182966E+01
    0.158150286198266372E+03    0.860472771347811083E-01   -0.373069870081443833E+01    0.141854129579906951E+00   -0.560418704246803223E+01
    0.185886290900619827E+03   -0.321299829699968953E+00   -0.371356087794605205E+01    0.149005191746982651E+00   -0.562591148868078239E+01
    0.145095539093017578E+03    0.177076995372772217E+00   -0.307621479034423828E+01    0.687561016559600918E-01   -0.559409129912531711E+01
    0.156290441887977011E+03    0.619462033082349706E-01   -0.348090824708910818E+01    0.878951165641071730E-01   -0.557660878008249750E+01
    0.169738314294783578E+03   -0.759184259427385655E-01   -0.341496786458102042E+01    0.696390577896976726E-01   -0.552022916158097487E+01
    0.179461855991001329E+03   -0.155207963024222018E+00   -0.371822007157287926E+01    0.157540682870951437E+00   -0.560304367353618016E+01
    0.160501495578671324E+03   -0.296218514150447199E+00   -0.380499372492388765E+01    0.172547504978015881E+00   -0.560535002685409189E+01
    0.214858552572021210E+03    0.152178172292666058E+00   -0.380312127153882695E+01    0.336408085635246101E-01   -0.561269057265718097E+01
    0.232823924750117584E+03    0.175517403827454288E+00   -0.403525408437354915E+01    0.129436089885725802E-01   -0.557660874426563424E+01
    0.219141031862834410E+03   -0.319923549518081884E+00   -0.418711235918165237E+01    0.770192538626595924E-01   -0.561251354998659835E+01
    0.231812998449285601E+03    0.205669703942997550E+00   -0.407962999678794969E+01    0.540792139060139732E-01   -0.563503909518588664E+01
    0.168324545043767671E+03   -0.986417834357503409E+00   -0.313219422359681143E+01    0.207102369410958158E-01   -0.554548808583118014E+01
    0.153756369828747125E+03   -0.935358264751913193E-01   -0.328287464557483410E+01    0.332133432273039389E-01   -0.562697018578710662E+01
    0.180196116091570048E+03   -0.160522926767127383E+01   -0.382604870103589301E+01    0.200564669578124605E+00   -0.557637560584533709E+01
    0.148232055238134791E+03   -0.190705073668387359E+01   -0.316430617456307184E+01    0.151422159986404542E+00   -0.561227385824448533E+01
    0.129543796714295041E+03    0.672121170231165799E-01   -0.294058523904035507E+01    0.528585477192147421E-01   -0.558972757271261234E+01
    0.145829939535762577E+03   -0.481616138158722507E+00   -0.305385522033158008E+01    0.132186755490581814E+00   -0.561980834449319033E+01
    0.233606939989152238E+03   -0.173134400580449599E+00   -0.453419486083815837E+01    0.153195133046452381E+00   -0.553237433330344164E+01
    0.143877057334856602E+03   -0.195202223852478540E+01   -0.386657060849104539E+01    0.393796730433850162E+00   -0.561788881495173253E+01
    0.210481016716526199E+03   -0.139696452804551274E+01   -0.432047960972540768E+01    0.246482159234017173E+00   -0.556171738914618174E+01
    0.178810259967766171E+03   -0.140436036781686679E+01   -0.424399933396922080E+01    0.340510484058856089E+00   -0.557328384242943464E+01
    0.195364964008331299E+03   -0.124327659606933594E+01   -0.407501041889190674E+01    0.240440319013595583E+00   -0.557556043308292892E+01
    0.205096204537932067E+03   -0.157820415503653377E+01   -0.447229391061716530E+01    0.352444601688477632E+00   -0.563171009036025172E+01
    0.195251555846604845E+03   -0.108895829397212052E+01   -0.437120975748256146E+01    0.286453792800658247E+00   -0.554925510059270888E+01
    0.231595420552539167E+03   -0.641456672314288712E+00   -0.483222101040975538E+01    0.305472532601571034E+00   -0.553169421872200751E+01
    0.175024090753332757E+03   -0.497750764358501741E+00   -0.415555366384568980E+01    0.294863488156076381E+00   -0.553300362238597998E+01
    0.184818172865009842E+03   -0.523910898368846523E+00   -0.414969266518747393E+01    0.262128392555805001E+00   -0.554830446942154865E+01
    0.150891809295178206E+03   -0.293666695768426411E+00   -0.384558082850230187E+01    0.320128943597160820E+00   -0.557928761595624501E+01
    0.189809807982901191E+03    0.614968899440775374E-01   -0.462786306513542467E+01    0.286587370486294180E+00   -0.558370895777334297E+01
    0.204356961332429336E+03   -0.446327549970205073E+00   -0.442771190087783051E+01    0.259247074076918271E+00   -0.551878678975080916E+01
    0.213391594340720133E+03   -0.340903524547066628E+00   -0.475665023705771528E+01    0.324513759017354020E+00   -0.552072240702113071E+01
    0.198533261969278669E+03   -0.615505417512195008E+00   -0.442920966532706206E+01    0.232237320526140351E+00   -0.560684646070347448E+01
    0.180240860398492430E+03   -0.265486157929849087E+00   -0.473023985302555161E+01    0.356555607710284994E+00   -0.559584151167047938E+01
    0.175349414302335020E+03   -0.759693416624853679E+00   -0.459970654661089196E+01    0.366746025052668956E+00   -0.560916492235484032E+01
    0.159510564983762833E+03   -0.388998161729328995E+00   -0.434759570138581530E+01    0.349528062751642166E+00   -0.557470931212612086E+01
    0.144146124272658483E+03   -0.622175328859788213E+00   -0.433571513083639992E+01    0.421543016567247242E+00   -0.560201260628340680E+01
    0.202555480582896450E+03   -0.101179763254790700E+01   -0.470525783155609112E+01    0.358502362199711433E+00   -0.554129542453202628E+01
    0.215783574188396500E+03    0.263728891404766852E+00   -0.453515618586723956E+01    0.212569094828050226E+00   -0.561968060253962953E+01
    0.160434705211949591E+03    0.297663251671671958E+00   -0.415322361461891987E+01    0.276606728231129306E+00   -0.561895936463205814E+01
    0.237575897950059527E+03   -0.269225909641065186E+00   -0.494274105114552675E+01    0.267381058637100488E+00   -0.552739333865521054E+01
    0.146361547103468581E+03   -0.911676639973894920E+00   -0.401877651969153415E+01    0.325549177584423421E+00   -0.563744309499569063E+01
    0.186147048959968686E+03   -0.597104329090929475E+00   -0.427571774122665182E+01    0.278615405278739958E+00   -0.552330236869244828E+01
    0.221432054659457833E+03   -0.512933266566794277E+00   -0.461032205714975074E+01    0.246406678787916500E+00   -0.552079960005811099E+01
    0.177356563114561851E+03   -0.645896793578299322E+00   -0.427974190329970128E+01    0.299491741646424781E+00   -0.552415828259418085E+01
    0.145457381757272856E+03   -0.176338434330378879E+01   -0.410761223349896731E+01    0.419961843651252442E+00   -0.562100913145128533E+01
    0.273912964461729985E+03   -0.111227129852945694E+00   -0.444141028096068169E+01    0.603540131613450118E-01   -0.553614917748576030E+01
    0.261498124168745449E+03   -0.535083492625823220E+00   -0.416380652729380873E+01    0.495130972598936819E-01   -0.556160528769294249E+01
    0.246736702937442715E+03   -0.158887471201560437E+00   -0.449523808079706377E+01    0.145845227744968553E+00   -0.552685193950674414E+01
    0.250359311002763718E+03   -0.265324682005672496E+00   -0.430494512552187558E+01    0.756691735989158398E-01   -0.551652381989975282E+01
    0.262624218209822629E+03   -0.229529348962822066E+00   -0.426841137119961367E+01    0.532191228246856329E-01   -0.554487054500375987E+01
    0.283024798872219094E+03   -0.952312984589795963E+00   -0.441829914342304164E+01    0.592813880804365506E-01   -0.553013546472739126E+01
    0.322391310135018898E+03   -0.633810212171430631E+00   -0.479486610675767722E+01    0.908430279678065430E-02   -0.562624530198035089E+01
    0.337328615460376113E+03   -0.737797101866585203E+00   -0.457231764342942526E+01    0.671894799659283806E-02   -0.555819056677371837E+01
    0.322221776439141934E+03   -0.119711213522568727E+01   -0.433317614821759189E+01    0.649628188683110119E-02   -0.562507005736070997E+01
    0.338933769025110109E+03   -0.974443490592470596E+00   -0.475402168408184167E+01    0.756335404760980767E-01   -0.559108808688043890E+01
    0.308346746940524838E+03   -0.265508795706865364E+00   -0.468527954758289855E+01    0.915515687331845129E-01   -0.562501798365833672E+01
    0.291144416518782919E+03    0.252903330634538293E+00   -0.495870095383741472E+01    0.141392551928320176E+00   -0.563384429354865457E+01
    0.292565548358276203E+03   -0.323582551760983828E+00   -0.473856185527924545E+01    0.753168629512295934E-01   -0.553302958722031413E+01
    0.324585432068837235E+03    0.119268772265339162E+00   -0.496287043794187799E+01    0.650060069979882388E-01   -0.556644859381067381E+01
    0.304391715409452900E+03    0.229186512990615210E+00   -0.479657948418691404E+01    0.339586874304609806E-01   -0.560944880477602048E+01
    0.290498214117287944E+03   -0.356840925981321666E+00   -0.464662809875609550E+01    0.291817188668420449E-01   -0.560244173972073334E+01
    0.341942821873565435E+03    0.107446040486747663E+00   -0.490849716275844372E+01    0.367284659798778543E-01   -0.558603319852664626E+01
    0.311033279120201428E+03   -0.232434198766478861E+00   -0.498356694814042278E+01    0.770136080728609645E-01   -0.557469659783757443E+01
    0.298359975416987368E+03   -0.459383558240139545E+00   -0.448242144426186062E+01    0.500751306947194441E-01   -0.556010388800521049E+01
    0.205887826655097626E+03   -0.181612833394611228E+01   -0.380517057765124278E+01    0.143999524118601979E+00   -0.560323718454219133E+01
    0.199753143874561346E+03   -0.182131929148122951E+01   -0.343494515429020231E+01    0.527860073642265684E-01   -0.560260483609779669E+01
    0.216390384011343542E+03   -0.118314378717245883E+01   -0.399213179316122435E+01    0.115109550104245451E+00   -0.555197022501073167E+01
    0.222608645888824810E+03   -0.164335409881979455E+01   -0.406420933966862208E+01    0.103977969554853888E+00   -0.563620477712672141E+01
    0.216325218897535024E+03   -0.169620362459734109E+01   -0.367543198638825563E+01    0.604788922897579462E-01   -0.558862660416611590E+01
    0.218171274290544744E+03   -0.127731033254215687E+01   -0.396339551187730432E+01    0.112534578364243049E+00   -0.555712598865915819E+01
    0.215450592339038849E+03   -0.187191736698150635E+01   -0.413024246692657471E+01    0.165004893136024483E+00   -0.562664951855616380E+01
    0.229145742037438595E+03   -0.135115107250902877E+01   -0.431122819235599675E+01    0.158836971112124914E+00   -0.557592485833144114E+01
    0.312790077624436776E+03   -0.118957756088221522E+01   -0.484643062263703683E+01    0.109684088830439189E+00   -0.553963118700758983E+01
    0.323674507201768677E+03   -0.178675049748746861E+01   -0.426529812724335855E+01    0.244364756628326135E-02   -0.563252420827324940E+01
    0.289926827241475507E+03   -0.110514484398940205E+01   -0.486367767337932833E+01    0.134301994915931422E+00   -0.560119715446434085E+01
    0.300323933752183621E+03   -0.126770611424103063E+01   -0.463500841102957395E+01    0.823348881765401525E-01   -0.554424554807415237E+01
    0.319347715523190629E+03   -0.169504944862460394E+01   -0.454417219528588401E+01    0.830911734983912770E-01   -0.562080935681172278E+01
    0.254760686814141621E+03   -0.138939279813396288E+01   -0.435485960376370862E+01    0.135267821172932234E+00   -0.555602412221589947E+01
    0.241267788899837484E+03   -0.132873994113014948E+01   -0.393050460301586924E+01    0.213589379303498958E-01   -0.556220258119257061E+01
    0.239270505701577349E+03   -0.105310734758882907E+01   -0.441988982506714123E+01    0.158877336999445645E+00   -0.554262347456988369E+01
    0.258802175313869100E+03   -0.887707619272527282E+00   -0.445249162044517810E+01    0.131587935603846962E+00   -0.553118810844335584E+01
    0.242017820845072947E+03   -0.911694635603094161E+00   -0.418857886276813041E+01    0.657282700432615524E-01   -0.555319595853627224E+01
    0.241946639032179519E+03   -0.140950474838622730E+01   -0.416656513274967910E+01    0.652772792145861341E-01   -0.561863049446239327E+01
    0.238928419611940171E+03   -0.803011463924945046E+00   -0.406714712928417388E+01    0.113106079264886361E+00   -0.563769283242338570E+01
    0.250338219106197357E+03   -0.175440514087677002E+01   -0.410760939121246338E+01    0.433717491388320928E-01   -0.563437018259095179E+01
    0.257860554754734039E+03   -0.152097427845001221E+01   -0.450319945812225342E+01    0.130083688545227061E+00   -0.560694230715670727E+01
    0.259919212332453867E+03   -0.695238361342169764E+00   -0.410514207674360865E+01    0.437256626748754040E-01   -0.556182102796535194E+01
    0.189875267252224404E+03   -0.775219656205168306E+00   -0.366758507385582799E+01    0.749750652734586798E-01   -0.553946256173545759E+01
    0.315938690792112709E+03   -0.168255352018353843E+00   -0.448679003118516029E+01    0.172767546632408391E-01   -0.563251855600764539E+01
    0.215488382524711454E+03   -0.195308879754498510E+01   -0.448220737037530803E+01    0.271939444599930136E+00   -0.562790961560523950E+01
    0.233337996123429519E+03   -0.158693906931010353E+01   -0.466879568542825218E+01    0.267773008115809785E+00   -0.557877912987715341E+01
    0.254439690214462331E+03   -0.153860661154400757E+01   -0.467745426499918970E+01    0.218036057518474380E+00   -0.556452869221429847E+01
    0.257118081423124977E+03   -0.123289184747961622E+01   -0.494064103673344857E+01    0.312976428027639808E+00   -0.558334722994211852E+01
    0.248547913162501516E+03   -0.126970803124075182E+01   -0.469963692998497962E+01    0.187712091183115715E+00   -0.563405667571923097E+01
    0.262023349264950753E+03   -0.191779894736064715E+01   -0.468200369208713774E+01    0.204569069507002210E+00   -0.559299768429016630E+01
    0.277526631951332092E+03   -0.182043290138244629E+01   -0.462196946144104004E+01    0.157400706338882451E+00   -0.557569147456224190E+01
    0.278239309944618981E+03   -0.177183092405588782E+01   -0.460915829142552003E+01    0.193487210295338941E+00   -0.563165002077070476E+01
    0.258518899280999676E+03   -0.144232637393990615E+01   -0.498645194044841311E+01    0.251268516390173724E+00   -0.563618370315746464E+01
    0.240941644583433288E+03   -0.167035024201225935E+01   -0.454613200008742435E+01    0.196656309340716040E+00   -0.561085041594397982E+01
    0.264954493961881781E+03   -0.102199256862505861E+01   -0.482010383537695386E+01    0.210821114137281496E+00   -0.553297062187008670E+01
    0.226532894705519425E+03   -0.165676482406722325E+01   -0.471069863413425249E+01    0.306754830476341334E+00   -0.558891354931574824E+01
    0.280670663733925210E+03   -0.180368632184569511E+01   -0.481407939133266094E+01    0.170749805847190850E+00   -0.562715203949993725E+01
