 F
       14722       32685           3        1024
   -0.325155610405053253E+02   -0.226422715837287072E+02
 T
   2
    0.200000000000000000E+01    0.300000000000000000E+01    0.986328125000000000E-01    0.901367187500000000E+00
   0
   0
 T T     0           0
    0.000000000000000000E+00   -0.100000000000000002+101    0.000000000000000000E+00
 T F     1         101
    0.846510395192130490E-08   -0.500664625659212632E+02   -0.355231544207457972E+02
 T F     1         923
    0.192237409704735588E-05   -0.325155610643691446E+02   -0.226422712763409208E+02
