 F
       13207       23899           3        1024
   -0.351092930923820958E+02   -0.281316905473218313E+02
 T
   2
    0.200000000000000000E+01    0.300000000000000000E+01    0.958007812500000000E+00    0.419921875000000000E-01
   0
   0
 T T     0           0
    0.000000000000000000E+00   -0.100000000000000002+101    0.000000000000000000E+00
 T F     1         981
    0.582419234643757303E-05   -0.351107484509247456E+02   -0.281245843226384977E+02
 T F     1          43
    0.395598923346730481E-05   -0.416425236710948496E+02   -0.330109382923467720E+02
