    0.244698352258615387E+03   -0.658128557349522580E+00   -0.348525968817282816E+01    0.451133144516971604E-01   -0.115796128480032632E+02
    0.270445841550827026E+03   -0.112787258625030518E+01   -0.493426620960235596E+01    0.400498691725730938E+00   -0.113550461854727711E+02
    0.197935070097446442E+03   -0.829560160636901855E-01   -0.466736555099487305E+01    0.462301606392860442E+00   -0.104897724110595121E+02
    0.181104474883242489E+03    0.869837810872337691E+00   -0.430494783802335057E+01    0.136775656779055899E+00   -0.101917690265985019E+02
    0.151158785412133653E+03   -0.111794293412878565E+01   -0.416074425547823701E+01    0.527857504674752676E+00   -0.101560683090226753E+02
    0.311465200922143822E+03   -0.248387336379636725E+00   -0.441643590083352144E+01    0.706924964121179306E-01   -0.990983011620895660E+01
    0.316646207869052887E+03   -0.547633171081542969E-01   -0.489956915378570557E+01    0.183913228797912609E+00   -0.987869535392872500E+01
    0.219530452562155233E+03   -0.125107069430991880E+01   -0.419843006099890559E+01    0.265541508352239719E+00   -0.956241683624174499E+01
    0.215969626605510712E+03   -0.876720190048217773E+00   -0.346203446388244629E+01    0.476907086133956937E-01   -0.943511461635910820E+01
    0.293575438401697738E+03    0.440318545950483919E+00   -0.443216592899911088E+01    0.251483646422621041E-01   -0.935387865802336904E+01
    0.263373327667985791E+03    0.591612751794707847E-01   -0.416364922176530960E+01    0.623568270457367513E-01   -0.929465069134394106E+01
    0.125511388183848325E+03   -0.672206246075093050E+00   -0.217708266392482130E+01    0.129609051751657933E-01   -0.916213549289635587E+01
    0.208132003114453425E+03   -0.185167235232288618E+00   -0.382581329263072689E+01    0.135850432689011202E+00   -0.915612464060799880E+01
    0.143038715874170379E+03   -0.186246571245973325E+01   -0.472757139790454683E+01    0.203357055110117091E+00   -0.914679350008617220E+01
    0.174094019486541697E+03   -0.370123784843621184E+00   -0.385540562383036933E+01    0.263786293059964483E+00   -0.908963420958446378E+01
    0.165694104105672437E+03   -0.574354946398010213E-01   -0.439760802768152015E+01    0.438946571483973536E+00   -0.904003564395523540E+01
    0.329690474271774292E+03   -0.157849246263504028E+01   -0.444755613803863525E+01    0.572208053827285776E-01   -0.900143158480210559E+01
    0.197364493219123375E+03   -0.872723983962959915E+00   -0.322554678945017503E+01    0.960462696561962571E-02   -0.882124468044754195E+01
    0.172920407695862906E+03    0.490977347827118660E+00   -0.492724741973219160E+01    0.471295621137937271E+00   -0.875945525713416728E+01
    0.269318209904999037E+03   -0.396371633912101284E+00   -0.434277487832234854E+01    0.972663816870378561E-01   -0.869557483148749455E+01
    0.149791309237480164E+03    0.726521253585815430E+00   -0.495513737201690674E+01    0.184153792691230778E+00   -0.864394497040061971E+01
    0.170145872485509386E+03   -0.961273569463236166E+00   -0.322972722622653396E+01    0.100226825042516815E+00   -0.862400423398002225E+01
    0.149755617120598913E+03    0.528450856232094868E+00   -0.336398095145791665E+01    0.915740853376938446E-01   -0.862324442947917724E+01
    0.145855842355265196E+03    0.590291354264240731E+00   -0.343596798024253580E+01    0.101024598176714012E+00   -0.859935754516386552E+01
    0.130408328776530254E+03   -0.616856988977724230E+00   -0.395583398069018521E+01    0.237132521431924134E-01   -0.849656520884415301E+01
    0.279697425325500603E+03   -0.118638332699391613E+01   -0.487645890413671168E+01    0.243909287560314852E+00   -0.847148311023588896E+01
    0.201649205386638641E+03   -0.893678903579711914E+00   -0.368874251842498779E+01    0.109906720376014719E+00   -0.843252501366728957E+01
    0.276580408249468292E+03   -0.885335248923676987E+00   -0.497844682851083764E+01    0.265430970030059332E+00   -0.841616997003347755E+01
    0.160647921057199596E+03    0.601626656130178183E+00   -0.391671628592546384E+01    0.155443632353815309E+00   -0.839401041616134336E+01
    0.155628692909728585E+03   -0.459724177632785835E+00   -0.409631012764903435E+01    0.379347473008520286E+00   -0.838954704180226685E+01
    0.272441285686494325E+03   -0.201058575312469845E+00   -0.413869844866898440E+01    0.615258182952540741E-02   -0.838518419745313182E+01
    0.168288863538333430E+03   -0.986714095954089210E+00   -0.452351799659164833E+01    0.471832524313223978E+00   -0.838248544670292617E+01
    0.242226452185672770E+03   -0.176607915967339313E+01   -0.465842175872686681E+01    0.289605876132666917E+00   -0.837043179841410812E+01
    0.177236015897529541E+03   -0.994576461276654999E+00   -0.400400301207282094E+01    0.278805793429813709E+00   -0.835301790420198209E+01
    0.318397269942643220E+03   -0.165471829730779141E+01   -0.461903339893351372E+01    0.903951457806165259E-01   -0.824712094887238933E+01
    0.195364964008331299E+03   -0.124327659606933594E+01   -0.407501041889190674E+01    0.240440319013595583E+00   -0.819785135050081593E+01
    0.275347859939766522E+03   -0.161583923533069918E+01   -0.485247215848503188E+01    0.244877639269975078E+00   -0.818361821354463181E+01
    0.279376860155748375E+03   -0.193469042508181976E+01   -0.412698394178061445E+01    0.396480509300840903E-01   -0.817966143151370595E+01
    0.154818377889360278E+03   -0.115598563088351614E+01   -0.375842171983386031E+01    0.297017101386372939E+00   -0.814622428050612690E+01
    0.235446736662786691E+03   -0.112703063576268292E+01   -0.386581963275163965E+01    0.465208918372885388E-01   -0.814097697568528567E+01
    0.161074510207506194E+03   -0.145632346507672339E+01   -0.386870073095864786E+01    0.309229838143930513E+00   -0.812228720647295610E+01
    0.261958409629876655E+03   -0.189028664400232693E+01   -0.441987282366135492E+01    0.161128996407836456E+00   -0.811774323181963275E+01
    0.252405379441884492E+03   -0.162814802042651774E+01   -0.441158619946196495E+01    0.175013899994124617E+00   -0.810438748214454918E+01
    0.145095539093017578E+03    0.177076995372772217E+00   -0.307621479034423828E+01    0.687561016559600918E-01   -0.809725047563815892E+01
    0.129756710415444729E+03   -0.362708891863312566E+00   -0.389816287119620508E+01    0.426230052298589290E+00   -0.809351763159464888E+01
    0.211903679231444443E+03   -0.133842667267888249E+01   -0.481967655302292375E+01    0.398885031707745197E+00   -0.808805592750105440E+01
    0.233423343976956403E+03   -0.589597687183093910E+00   -0.389397514703321068E+01    0.359461539088528209E-01   -0.807549466126060089E+01
    0.210338525190812391E+03   -0.229647601451520522E+00   -0.448282620689066569E+01    0.262840300541295091E+00   -0.806675653377010882E+01
    0.204687839517655846E+03   -0.193201305443850391E+00   -0.477735834136082982E+01    0.363846053940563297E+00   -0.806580778868275772E+01
    0.149274034598398231E+03   -0.108050695181711887E+01   -0.419484205747848371E+01    0.506338946605471643E-01   -0.800904687790497860E+01
    0.178541653063706292E+03   -0.838880852013857758E+00   -0.411126878867298817E+01    0.273988792440148177E+00   -0.794896768083226846E+01
    0.129266254516941558E+03    0.606181813024107896E+00   -0.311652272749214676E+01    0.264661466587573294E-01   -0.790892465889862972E+01
    0.191955004632472992E+03   -0.723237395286560059E+00   -0.477451205253601074E+01    0.439664206266403221E-01   -0.788650208518287865E+01
    0.166447562125352079E+03   -0.125250814590157677E+01   -0.450368472731819036E+01    0.451347545289939978E+00   -0.787568330088696911E+01
    0.309329596420229961E+03   -0.847319737941641726E+00   -0.494200593704744140E+01    0.147411093448821973E+00   -0.784869501469728093E+01
    0.174056506689780718E+03   -0.153622447943331419E+01   -0.348299380573435258E+01    0.129147496342257861E+00   -0.784522907851112805E+01
    0.130088912530970902E+03    0.653251295531653398E+00   -0.443291314140501758E+01    0.365565290614245142E+00   -0.784161917576001954E+01
    0.180077904044006573E+03    0.281487225890944437E+00   -0.394688385031340871E+01    0.141109486453575073E+00   -0.783578360923090056E+01
    0.155387417901459173E+03    0.651153833695369944E+00   -0.446766546220306626E+01    0.249586409187214142E+00   -0.781063401094244014E+01
    0.277526631951332092E+03   -0.182043290138244629E+01   -0.462196946144104004E+01    0.157400706338882451E+00   -0.780860568450119974E+01
    0.167375619670996144E+03   -0.579064847442797070E+00   -0.335126651131438669E+01    0.833642324907332838E-01   -0.779555732574554394E+01
    0.314119032601868184E+03   -0.175708681449953819E+01   -0.475276141283317166E+01    0.112131377373713079E+00   -0.779384297623681555E+01
    0.214896736581623657E+03   -0.116313208459405271E+01   -0.499804946063685218E+01    0.414845515047122637E+00   -0.778148037385497915E+01
    0.203140634658132058E+03    0.256330225810459389E-01   -0.475374195897766327E+01    0.327979199201403671E+00   -0.777952365965526926E+01
    0.208567421595391352E+03   -0.120990374928697619E+01   -0.372646018921423883E+01    0.701050133605551906E-01   -0.776635682025455054E+01
    0.246134135111367357E+03   -0.123647652349297754E+00   -0.412747710878441243E+01    0.295234012075577361E-01   -0.774607937845308037E+01
    0.224785200428167400E+03   -0.131798388269156752E+01   -0.398554295770321776E+01    0.907908196867160400E-01   -0.773315038245503228E+01
    0.178926377424367047E+03   -0.130457330091172485E+01   -0.485291059236065081E+01    0.141724779200588680E+00   -0.773118668407835052E+01
    0.308416910030260397E+03   -0.759694222193562085E+00   -0.486908466143103702E+01    0.117423532973320838E+00   -0.772504468723128213E+01
    0.140264656891953706E+03   -0.120891317142483823E+01   -0.476668960431084976E+01    0.284042147892243024E+00   -0.771147752590089297E+01
    0.196753581241524387E+03   -0.719988543272418902E+00   -0.455871523222899278E+01    0.324234149822382356E+00   -0.767625178288982646E+01
    0.150100540725584267E+03   -0.144078106801762829E+01   -0.439683936635459283E+01    0.482496014918724458E+00   -0.766465574487758783E+01
    0.160568328099216330E+03   -0.141279816220424959E+01   -0.452937851891291920E+01    0.472246579970695801E+00   -0.766324849145856568E+01
    0.213428975749513143E+03   -0.803728011203470372E+00   -0.498894955567311715E+01    0.579460527058934527E-01   -0.765309011880791168E+01
    0.179074215562042184E+03   -0.150672354809358899E+01   -0.378338200765330335E+01    0.178803801198441858E+00   -0.765007341045059519E+01
    0.318007477242341736E+03   -0.141625628272959792E+01   -0.492232574136164214E+01    0.128050500739047141E+00   -0.760072456884838044E+01
    0.231507746185272595E+03   -0.770461584131079569E+00   -0.467198596226967400E+01    0.237866212443946873E+00   -0.757072989840375854E+01
    0.253001528004534578E+03   -0.531571540579639068E+00   -0.430363303718682122E+01    0.677621004608615768E-01   -0.755217760407689820E+01
    0.195354382911597497E+03   -0.483428151076285895E+00   -0.453369112420811060E+01    0.302957592916100915E+00   -0.755073288074216720E+01
    0.195354382911597497E+03   -0.483428151076285895E+00   -0.453369112420811060E+01    0.302957592916100915E+00   -0.755073288074216720E+01
    0.134146868673130399E+03   -0.325813028508541436E+00   -0.402256520845913457E+01    0.703494546528603271E-01   -0.753633444215795123E+01
    0.201014876802787114E+03   -0.129760232975972833E+01   -0.375345574923656944E+01    0.870621573378823621E-01   -0.753010349530839918E+01
    0.201014876802787114E+03   -0.129760232975972833E+01   -0.375345574923656944E+01    0.870621573378823621E-01   -0.753010349530839918E+01
    0.215450592339038849E+03   -0.187191736698150635E+01   -0.413024246692657471E+01    0.165004893136024483E+00   -0.751738972464684529E+01
    0.125818654455456752E+03   -0.860454247272910866E+00   -0.421341151307756601E+01    0.519397453609506510E+00   -0.749824023847986521E+01
    0.134992248749948175E+03   -0.129005566634778690E+00   -0.477440455015403753E+01    0.280719568919620910E+00   -0.749419269410044109E+01
    0.270442708118887595E+03   -0.151952787207947915E+01   -0.427075617085135217E+01    0.413926267915557811E-01   -0.746220493678007202E+01
    0.164994807863693694E+03   -0.107783056131738419E+01   -0.409173628320437821E+01    0.301363300846218152E+00   -0.745584257440209619E+01
    0.191405540087115128E+03   -0.383427024408679706E+00   -0.421831537839535287E+01    0.209707960562200535E+00   -0.742980872332630415E+01
    0.191405540087115128E+03   -0.383427024408679706E+00   -0.421831537839535287E+01    0.209707960562200535E+00   -0.742980872332630415E+01
    0.197924050170417274E+03   -0.166869387362986199E+01   -0.417821582923231372E+01    0.222246457527261881E+00   -0.742603646235123094E+01
    0.197924050170417274E+03   -0.166869387362986199E+01   -0.417821582923231372E+01    0.222246457527261881E+00   -0.742603646235123094E+01
    0.143973804191353707E+03    0.605901516232659088E+00   -0.363614073179066599E+01    0.398888486036801174E-01   -0.742121070910791492E+01
    0.188114726469879400E+03   -0.125474441583626883E+01   -0.413327908042259207E+01    0.223972876068810001E+00   -0.740550966404407962E+01
    0.160710090203614982E+03   -0.530934828026393912E+00   -0.425896752413354029E+01    0.396603339984856473E-01   -0.736548791965046590E+01
    0.127419498602941331E+03   -0.623175243468960138E+00   -0.405860554962293651E+01    0.445855492735478198E+00   -0.736041173781266522E+01
    0.214268077067830177E+03   -0.186843745070661704E+00   -0.476291906662599818E+01    0.279513190217997587E+00   -0.735330238794912283E+01
    0.214268077067830177E+03   -0.186843745070661704E+00   -0.476291906662599818E+01    0.279513190217997587E+00   -0.735330238794912283E+01
    0.172528726062081716E+03   -0.770174981638883205E+00   -0.354727919967876693E+01    0.935703026976070495E-01   -0.735163918152339768E+01
    0.172528726062081716E+03   -0.770174981638883205E+00   -0.354727919967876693E+01    0.935703026976070495E-01   -0.735163918152339768E+01
    0.216911825880678919E+03   -0.101863987315767091E+01   -0.497047806040620443E+01    0.362490816652558001E+00   -0.734228510084157904E+01
    0.216911825880678919E+03   -0.101863987315767091E+01   -0.497047806040620443E+01    0.362490816652558001E+00   -0.734228510084157904E+01
    0.250338219106197357E+03   -0.175440514087677002E+01   -0.410760939121246338E+01    0.433717491388320928E-01   -0.733659931496735052E+01
    0.257860554754734039E+03   -0.152097427845001221E+01   -0.450319945812225342E+01    0.130083688545227061E+00   -0.732955215420732742E+01
    0.204067192527775262E+03   -0.152757701200764129E+01   -0.495275014384497325E+01    0.411651897927267085E+00   -0.730028420026107483E+01
    0.208519014679714729E+03   -0.103082390968947801E+01   -0.472086639961345522E+01    0.315120616881414295E+00   -0.729234655642222229E+01
    0.137727164095570714E+03    0.262512208858481699E+00   -0.437866680897449267E+01    0.416880671463744135E+00   -0.728964041804410190E+01
    0.137727164095570714E+03    0.262512208858481699E+00   -0.437866680897449267E+01    0.416880671463744135E+00   -0.728964041804410190E+01
    0.198148056271562325E+03   -0.895555304488186987E+00   -0.428390049599778067E+01    0.216724425732246900E+00   -0.728436414584550640E+01
    0.198148056271562325E+03   -0.895555304488186987E+00   -0.428390049599778067E+01    0.216724425732246900E+00   -0.728436414584550640E+01
    0.146740109670132171E+03    0.605699655307111229E+00   -0.475722628022995053E+01    0.293872254148215717E+00   -0.728221399424020177E+01
    0.141845312413650504E+03   -0.152333634547669172E+01   -0.488214291865370242E+01    0.359586272804698348E+00   -0.726094931781931407E+01
    0.208994543860037282E+03   -0.118185763388564791E+00   -0.385691036657846897E+01    0.243197803881262317E-01   -0.725553401734064884E+01
    0.202226296067237854E+03    0.215430438518524170E+00   -0.421443104743957520E+01    0.113298463153839110E+00   -0.723717849617292064E+01
    0.171983788355366130E+03   -0.123520133442011448E+01   -0.473906898375166463E+01    0.177671756995575941E+00   -0.723580751135673328E+01
    0.136641336977481842E+03   -0.141770511865615845E+01   -0.449564039707183838E+01    0.270639770579338079E+00   -0.722923338260371562E+01
    0.136641336977481842E+03   -0.141770511865615845E+01   -0.449564039707183838E+01    0.270639770579338079E+00   -0.722923338260371562E+01
    0.200886027109101121E+03   -0.823435863463694906E+00   -0.368015524318521114E+01    0.251691139116413595E-01   -0.721632505398178026E+01
    0.138543411186352870E+03   -0.871597824001665966E+00   -0.498741501552402600E+01    0.381690152757373058E+00   -0.721361204958768809E+01
    0.131158524019540351E+03   -0.105987508028526811E+01   -0.390376528505477882E+01    0.112269218114109781E+00   -0.720835211978123436E+01
    0.142223255875568782E+03   -0.651945268948352696E+00   -0.473478421550249440E+01    0.551042669699847276E+00   -0.717739254186603937E+01
    0.172132501006126404E+03   -0.142296546697616577E+01   -0.377731144428253174E+01    0.166311259818077095E+00   -0.716088950652759415E+01
    0.172132501006126404E+03   -0.142296546697616577E+01   -0.377731144428253174E+01    0.166311259818077095E+00   -0.716088950652759415E+01
    0.179054455558661459E+03   -0.723626292305694641E+00   -0.462469626698757530E+01    0.356952123795649612E+00   -0.715642668289087958E+01
    0.194333719666556760E+03   -0.141728290841062954E+01   -0.464844735669483722E+01    0.869331824471767795E-01   -0.715567253146589266E+01
    0.194333719666556760E+03   -0.141728290841062954E+01   -0.464844735669483722E+01    0.869331824471767795E-01   -0.715567253146589266E+01
    0.264545269212744643E+03   -0.604351593937728637E+00   -0.428819980417507107E+01    0.396173752845403650E-02   -0.715213976911118454E+01
    0.264545269212744643E+03   -0.604351593937728637E+00   -0.428819980417507107E+01    0.396173752845403650E-02   -0.715213976911118454E+01
    0.153892619188472025E+03   -0.298688644353099164E+00   -0.461413750674727119E+01    0.441500617608072743E+00   -0.711103282114394908E+01
    0.193392652051336825E+03   -0.146316650916006585E+01   -0.466896854565435948E+01    0.102004534420698262E+00   -0.711054110995373190E+01
    0.150730007525316950E+03   -0.887068113805588254E+00   -0.387765639800097350E+01    0.115350954239453636E-01   -0.710605774206467178E+01
    0.147218090396079958E+03   -0.116338879808310769E+01   -0.460192780550880087E+01    0.252021520664073073E+00   -0.710261611486875832E+01
    0.168331943764751770E+03    0.437846934224761064E+00   -0.380405508900657141E+01    0.592207195175095749E-01   -0.709912158137685534E+01
    0.132962729828872398E+03    0.341778569745667227E+00   -0.329976485915768292E+01    0.957923839481900213E-01   -0.709706069131814399E+01
    0.132962729828872398E+03    0.341778569745667227E+00   -0.329976485915768292E+01    0.957923839481900213E-01   -0.709706069131814399E+01
    0.136090819800191497E+03   -0.147871091634771767E+01   -0.484269360137117832E+01    0.391225522105516033E+00   -0.709367622760820371E+01
    0.191074151671167300E+03    0.423857527135300671E-01   -0.419319517699777133E+01    0.147014767246543387E+00   -0.708701124283625816E+01
    0.191074151671167300E+03    0.423857527135300671E-01   -0.419319517699777133E+01    0.147014767246543387E+00   -0.708701124283625816E+01
    0.195365579295360504E+03   -0.112931747782933334E+01   -0.494849301302021605E+01    0.166058053223807983E+00   -0.707245328568592413E+01
    0.142252676289940069E+03   -0.867611159390763831E+00   -0.433307474791737413E+01    0.430091018256732516E+00   -0.706574252955580739E+01
    0.215338569483282356E+03   -0.805228108470091630E+00   -0.497948456277365281E+01    0.978210166441258050E-01   -0.705566029946017448E+01
    0.176361756504817208E+03    0.353109568666546192E+00   -0.370206996551010015E+01    0.945382058800236895E-02   -0.703599523789607240E+01
    0.176361756504817208E+03    0.353109568666546192E+00   -0.370206996551010015E+01    0.945382058800236895E-02   -0.703599523789607240E+01
    0.213752725258872744E+03    0.251461888522357402E+00   -0.490699782416812447E+01    0.251203590555461209E+00   -0.703462707167415591E+01
    0.236311281374724501E+03   -0.848228683245667581E+00   -0.494884129511141868E+01    0.261735389399588125E+00   -0.703018259762092690E+01
    0.164502185594365017E+03   -0.181540124929142399E+00   -0.371858809275830637E+01    0.121820200088197481E+00   -0.702763839367178900E+01
    0.184517105168795126E+03   -0.517073242622280604E+00   -0.371050073496041621E+01    0.508866121339183949E-01   -0.702675644406452093E+01
    0.128146205533498062E+03   -0.273904441605412607E+00   -0.373059459695618845E+01    0.584384728955373925E-01   -0.702344081696262812E+01
    0.176589528187519790E+03   -0.852490676374369594E+00   -0.385507652789396094E+01    0.134788167202920861E+00   -0.700377182886145544E+01
    0.176589528187519790E+03   -0.852490676374369594E+00   -0.385507652789396094E+01    0.134788167202920861E+00   -0.700377182886145544E+01
    0.212793767224808619E+03   -0.138740910831671327E+01   -0.465209401055903360E+01    0.436532912858201005E-01   -0.700159988042011427E+01
    0.142328049010843984E+03   -0.141168494549509305E+01   -0.420824145167976038E+01    0.180854842244718234E+00   -0.699913513052831959E+01
    0.169278870756877524E+03   -0.144168659245612085E+01   -0.406082127534903670E+01    0.244173809822279708E+00   -0.699430399094856625E+01
    0.169278870756877524E+03   -0.144168659245612085E+01   -0.406082127534903670E+01    0.244173809822279708E+00   -0.699430399094856625E+01
    0.232328491213762106E+03   -0.157576132957262871E+01   -0.473066131984622196E+01    0.227703720235276907E+00   -0.699197595564938190E+01
    0.180101717708382949E+03   -0.149744917356719931E+01   -0.358133018318718577E+01    0.578207087459182978E-01   -0.698720812402568203E+01
    0.222217792022474441E+03   -0.317601434892188283E+00   -0.487741754522339388E+01    0.257473936396697134E+00   -0.698334813998193304E+01
    0.222217792022474441E+03   -0.317601434892188283E+00   -0.487741754522339388E+01    0.257473936396697134E+00   -0.698334813998193304E+01
    0.268900184970854070E+03   -0.195515283577066223E+01   -0.446516993285379016E+01    0.692517182779222168E-01   -0.698191674930067485E+01
    0.241708718213667879E+03   -0.149312494038047738E+01   -0.483286406169760419E+01    0.230170803368684174E+00   -0.698052154787797363E+01
    0.224605719876515309E+03    0.139518515558122669E+00   -0.457695609196662900E+01    0.127009974518241336E+00   -0.696782972408674972E+01
    0.222263423726238102E+03   -0.133524908178831159E+01   -0.460705573002477475E+01    0.212226177193350574E+00   -0.695929178237909607E+01
    0.133558069207687851E+03   -0.198132694768686224E+01   -0.430779068302276791E+01    0.285776313352078815E+00   -0.695717892007469185E+01
    0.265930535306912248E+03   -0.282598355380162980E+00   -0.489798135196578421E+01    0.139672197813553056E+00   -0.695533439871815329E+01
    0.265930535306912248E+03   -0.282598355380162980E+00   -0.489798135196578421E+01    0.139672197813553056E+00   -0.695533439871815329E+01
    0.192866386581366129E+03   -0.147452750903846574E+01   -0.475457495756586912E+01    0.145312834626782905E+00   -0.695395560652233780E+01
    0.176617016699872153E+03    0.723306897541773353E-01   -0.487905139375129693E+01    0.376736191385438457E+00   -0.694802583597677259E+01
    0.231226443051025512E+03   -0.990262487890760879E+00   -0.490397807355525917E+01    0.442385406664891276E-01   -0.694637637729955326E+01
    0.188605189679610419E+03   -0.138365347185263277E+01   -0.489747437480959480E+01    0.195302966568629360E+00   -0.693629701245104169E+01
    0.164108691798449399E+03    0.268825451315891417E+00   -0.426810180692536001E+01    0.310359210331379899E-01   -0.693526867726362184E+01
    0.164108691798449399E+03    0.268825451315891417E+00   -0.426810180692536001E+01    0.310359210331379899E-01   -0.693526867726362184E+01
    0.172465414046770064E+03   -0.973674917543366547E+00   -0.480052847191425780E+01    0.425410986372802113E+00   -0.693304563255488837E+01
    0.226412343535500412E+03   -0.793126376196955807E+00   -0.426719871014753949E+01    0.814945056463782791E-01   -0.692847184649851844E+01
    0.153977200806968199E+03   -0.112802174014019174E+01   -0.459226217284537164E+01    0.238258067400081902E+00   -0.690537156238277738E+01
    0.153977200806968199E+03   -0.112802174014019174E+01   -0.459226217284537164E+01    0.238258067400081902E+00   -0.690537156238277738E+01
    0.197514680919816897E+03   -0.841371491682460171E+00   -0.422013223609830845E+01    0.161533208940293466E+00   -0.690475318627302759E+01
    0.258648759422877333E+03   -0.531230430745641913E+00   -0.483344391799752948E+01    0.146124140892509746E+00   -0.689653922902659389E+01
    0.228929374050584840E+03   -0.331187124234717967E+00   -0.487060206126722761E+01    0.224041600709765976E+00   -0.688735553328291950E+01
    0.228929374050584840E+03   -0.331187124234717967E+00   -0.487060206126722761E+01    0.224041600709765976E+00   -0.688735553328291950E+01
    0.235556796273692214E+03   -0.149423956003571479E+01   -0.442422981328333087E+01    0.117453278597446684E+00   -0.688499263462627376E+01
    0.235556796273692214E+03   -0.149423956003571479E+01   -0.442422981328333087E+01    0.117453278597446684E+00   -0.688499263462627376E+01
    0.239512086318162886E+03   -0.585762303073555923E+00   -0.433494641198831321E+01    0.517800407999906426E-01   -0.687398599464033655E+01
    0.178155098053242341E+03   -0.907700450135357162E+00   -0.484107944816844249E+01    0.200362080453454466E+00   -0.686602543707230151E+01
    0.178155098053242341E+03   -0.907700450135357162E+00   -0.484107944816844249E+01    0.200362080453454466E+00   -0.686602543707230151E+01
    0.153087181857083749E+03   -0.334399986228363311E+00   -0.456866189261283040E+01    0.406365626191372009E+00   -0.685462993754147121E+01
    0.165929250238601668E+03    0.493660330002205772E+00   -0.414689692984034863E+01    0.605030159084555680E-01   -0.685084224873402103E+01
    0.155170341913097218E+03   -0.165786664332353273E+01   -0.455743509990207230E+01    0.254426719483235142E+00   -0.684986793747599254E+01
    0.172153596580028534E+03   -0.155356955528259277E+01   -0.435067772865295410E+01    0.301451361894607528E+00   -0.684729461852858901E+01
    0.172153596580028534E+03   -0.155356955528259277E+01   -0.435067772865295410E+01    0.301451361894607528E+00   -0.684729461852858901E+01
    0.190078088641166687E+03   -0.185428023338317871E+01   -0.395629405975341797E+01    0.126948340272903443E+00   -0.684630614030328655E+01
    0.163186437484385152E+03    0.113398483619303825E+00   -0.351873527646152828E+01    0.204765072573124159E-01   -0.683269329038808237E+01
    0.211359151276948751E+03   -0.132161285205919921E+01   -0.423095873089729313E+01    0.127018243364002054E+00   -0.683202135630127039E+01
    0.229689790115015313E+03   -0.681387740329808533E+00   -0.414051425714383026E+01    0.200574790341225308E-01   -0.682887248735858066E+01
    0.238255986048945942E+03   -0.103936383055350534E+01   -0.441398966409374616E+01    0.879873203949331911E-01   -0.682857440827736628E+01
    0.160396191355390840E+03   -0.155619756267494935E+01   -0.396780087630507783E+01    0.233817226650627430E+00   -0.682569193224514414E+01
    0.237552474364264526E+03   -0.976196856876397234E+00   -0.419921463490051305E+01    0.256127365190553444E-01   -0.682358021343319177E+01
    0.132215219190564255E+03    0.234314712342277076E+00   -0.444374332729136601E+01    0.416148721929850585E+00   -0.681435701150558870E+01
    0.145402050198055690E+03   -0.138145494946619429E+01   -0.440736802171025577E+01    0.421940086896895328E+00   -0.680297157615062797E+01
    0.193894333289090895E+03   -0.643708547379129303E+00   -0.491737568731955044E+01    0.169557558824130650E+00   -0.680138890827287490E+01
    0.210118559159585971E+03   -0.822937304826280025E+00   -0.468114142027548663E+01    0.240521407734393150E+00   -0.679458894941768676E+01
    0.158810535575347274E+03   -0.124074352147128608E+01   -0.436684811240318282E+01    0.343929668598238314E+00   -0.678561603368608068E+01
    0.205240723823359247E+03   -0.868570953266782020E+00   -0.467004485016702642E+01    0.745401313029128293E-01   -0.678368165302282566E+01
    0.229195994250929829E+03   -0.153402806924943258E+01   -0.490349520949493023E+01    0.258315669607354581E+00   -0.678164536147976982E+01
    0.219469449392658134E+03   -0.190047982426062623E+01   -0.485435754668729835E+01    0.131040976477424520E+00   -0.677993368115421546E+01
    0.221871961514026623E+03   -0.165338861277080529E+01   -0.453394528964717480E+01    0.195089165136247064E-01   -0.677911662218431488E+01
    0.159925391320236713E+03   -0.187233192086317501E+01   -0.388474610650072805E+01    0.210998052708196521E+00   -0.677897469792579699E+01
    0.242590320802991357E+03   -0.191468238857788009E+01   -0.467699811638159080E+01    0.167929553715640556E+00   -0.677801644235652834E+01
    0.157050328670269209E+03   -0.140101456540205871E+01   -0.424483324669403661E+01    0.152952374687264775E+00   -0.677320173613430576E+01
    0.188994618799937541E+03   -0.190026986359205363E+01   -0.459735591782031427E+01    0.153360987162013018E+00   -0.677203774992993601E+01
    0.190897953372436803E+03   -0.107819285248766805E+01   -0.466232488262479006E+01    0.128491291380970929E+00   -0.677126445672969979E+01
    0.190897953372436803E+03   -0.107819285248766805E+01   -0.466232488262479006E+01    0.128491291380970929E+00   -0.677126445672969979E+01
    0.185567537449012207E+03   -0.114228258849911257E+01   -0.438063717025508481E+01    0.634762999578992182E-01   -0.676859024073691984E+01
    0.147952079463290374E+03    0.198028168868912058E+00   -0.377337054615721845E+01    0.139155825711814618E+00   -0.675901789083848392E+01
    0.202827871307135126E+03   -0.194899599088947828E+01   -0.450733649120842639E+01    0.232813368837598095E+00   -0.674001050621210496E+01
    0.202827871307135126E+03   -0.194899599088947828E+01   -0.450733649120842639E+01    0.232813368837598095E+00   -0.674001050621210496E+01
    0.182993501830978317E+03   -0.839441679800478013E+00   -0.423223703833569065E+01    0.174962596446601691E-01   -0.673948072453103197E+01
    0.174063837244344143E+03   -0.102089812254038859E+01   -0.350650170278463813E+01    0.180964143175134928E-01   -0.673523214864565123E+01
    0.152375807683314292E+03   -0.167704807482666984E+01   -0.394181827177698274E+01    0.251407216074333029E+00   -0.673208963112880454E+01
    0.166915594799758765E+03   -0.155831057275860108E+00   -0.433016304913495897E+01    0.852263754075070490E-01   -0.673066948416044930E+01
    0.154110008367216693E+03   -0.184735938056204230E+01   -0.453208644043173692E+01    0.279663947599839313E+00   -0.672714162090572643E+01
    0.165068960038965912E+03   -0.122522252640011664E+01   -0.417971574526603362E+01    0.100841361072035771E+00   -0.672363268059469998E+01
    0.165068960038965912E+03   -0.122522252640011664E+01   -0.417971574526603362E+01    0.100841361072035771E+00   -0.672363268059469998E+01
    0.155691790312584573E+03   -0.955041537135399299E+00   -0.454101225442962342E+01    0.391561975587428612E+00   -0.672085090695375698E+01
    0.155691790312584573E+03   -0.955041537135399299E+00   -0.454101225442962342E+01    0.391561975587428612E+00   -0.672085090695375698E+01
    0.236537922454345932E+03   -0.156240882569751416E+01   -0.484878056068290864E+01    0.215402497712507274E+00   -0.672047805940896303E+01
    0.137487389491492308E+03   -0.136931014295702580E+01   -0.424606449099670069E+01    0.250751645744908158E+00   -0.672000331515684390E+01
    0.211625990932081550E+03   -0.805262431768998255E-01   -0.430494025536737102E+01    0.840386661234056725E-01   -0.671461736414424948E+01
    0.138255863455829115E+03   -0.102743247246523728E+00   -0.348380479364264062E+01    0.127593541206417693E+00   -0.671273012525309021E+01
    0.165470146394965951E+03   -0.832736206964590941E+00   -0.395822816616424644E+01    0.175556069513207652E+00   -0.671169857995484342E+01
    0.137896088445162462E+03   -0.786201912853738083E+00   -0.403483812726714586E+01    0.159489025068622253E+00   -0.670654835663551374E+01
    0.155777585683113585E+03   -0.145086236488945897E+01   -0.413106935756509586E+01    0.281404916637638058E+00   -0.670364909436271716E+01
    0.159687702133413353E+03    0.236311526463246935E+00   -0.481184456074883027E+01    0.242293253756769494E+00   -0.669977606642285650E+01
    0.240446190638673954E+03   -0.199940769200467550E+01   -0.473486118720638949E+01    0.178028644312635320E+00   -0.669933980942915408E+01
    0.268465942634385669E+03   -0.147621103249189534E+01   -0.452013697689238025E+01    0.364094169571897372E-01   -0.669590772098271003E+01
    0.268465942634385669E+03   -0.147621103249189534E+01   -0.452013697689238025E+01    0.364094169571897372E-01   -0.669590772098271003E+01
    0.254748337841699509E+03    0.104520725705929962E+00   -0.473894536744029526E+01    0.594338549086298323E-01   -0.669507859424019092E+01
    0.171877810544344158E+03   -0.129593091332339450E+01   -0.485508229825422255E+01    0.277966166512492785E+00   -0.669437240847934323E+01
    0.166052255034446716E+03   -0.567778348922729492E-01   -0.351981580257415771E+01    0.938018360137939447E-02   -0.669321483100872516E+01
    0.129438624218853249E+03   -0.168583776612633773E+01   -0.400160005782591099E+01    0.243056281879107855E+00   -0.669244809415261965E+01
    0.198328698969442115E+03   -0.101495033010796432E+01   -0.470505686608324325E+01    0.127665176063535807E+00   -0.669108526405652437E+01
    0.129155653236849815E+03   -0.146998074816355939E+01   -0.396683009093374928E+01    0.360616327114385404E+00   -0.668854327009582139E+01
    0.170250037091799612E+03   -0.964740369754155669E+00   -0.439042263789752862E+01    0.135277835126845491E+00   -0.668370979050845815E+01
    0.213564725199453648E+03   -0.414586216607953251E+00   -0.448269216404431692E+01    0.140580437432142269E+00   -0.668151412709920933E+01
    0.137298202178072671E+03   -0.154809560364627208E+01   -0.488120104907866192E+01    0.454837907588574175E+00   -0.667853856514397659E+01
    0.155071641076152957E+03    0.419707471199164850E+00   -0.474538981182892439E+01    0.311788679018714043E+00   -0.667168526881668278E+01
    0.195843726565999162E+03   -0.139552177232465979E+01   -0.452982529352737728E+01    0.107786016198966481E+00   -0.666863644853166360E+01
    0.230319491075865471E+03   -0.745014357779440584E+00   -0.489997659117874562E+01    0.215336699941401033E+00   -0.666712837556204185E+01
    0.180113475912476758E+03   -0.592447594524410537E+00   -0.409402457161545996E+01    0.134860238339942179E+00   -0.665977464821118836E+01
    0.134130234110096779E+03    0.327012595078039148E+00   -0.454179709593622150E+01    0.389703181337963500E+00   -0.665894230481043969E+01
    0.229908226885272200E+03   -0.195251414946210344E+01   -0.434576316793411532E+01    0.818059850462161536E-01   -0.665496962366218714E+01
    0.153588250421391422E+03   -0.180174466489043139E+01   -0.462371851765016917E+01    0.432011806919872787E+00   -0.665343976429943673E+01
    0.183036740124225616E+03   -0.177219533920288086E+01   -0.432837665081024170E+01    0.221299095940589913E+00   -0.665048590704018316E+01
    0.188421580809913337E+03   -0.197194984039030508E+01   -0.481936917136374632E+01    0.347353180093471825E+00   -0.664044107203538037E+01
    0.205278723292503173E+03   -0.176907218757554463E+01   -0.463977266110487552E+01    0.133891399291223373E+00   -0.663984267054249244E+01
    0.139947960563446969E+03   -0.938642464920519171E+00   -0.434245176697134649E+01    0.390587825362876395E+00   -0.663877489217026273E+01
    0.164230121788232935E+03    0.335280390806520057E+00   -0.486654137120161678E+01    0.338547956295661645E+00   -0.663850240643029998E+01
    0.222628988026187983E+03   -0.108759670791669882E+01   -0.489419259578329502E+01    0.241763856527094617E+00   -0.663568016815471307E+01
    0.167092295296506052E+03   -0.125400822757280705E+01   -0.442723418894692422E+01    0.303770659297629586E+00   -0.663538767718252309E+01
    0.237597179010038758E+03   -0.143128102905150234E+01   -0.427874157977541181E+01    0.311322419930130240E-01   -0.663131498996866497E+01
    0.155384683266143071E+03   -0.154512647236167444E+01   -0.445168107888887654E+01    0.362908109855102634E+00   -0.662304839429795589E+01
    0.171573618548014707E+03    0.318269303308742479E-01   -0.416399257860552119E+01    0.151428671043025181E+00   -0.661566099076575131E+01
    0.135102079652083063E+03    0.215659217762706135E+00   -0.447388338277683850E+01    0.276646374971298181E+00   -0.661114860024768181E+01
    0.167898269263163428E+03   -0.172066401349222442E+01   -0.439861195147021533E+01    0.293340194123945075E+00   -0.661010653711573326E+01
    0.135481634069311212E+03   -0.939902038551275520E+00   -0.416953326269954871E+01    0.358063066150279607E+00   -0.660898947650658108E+01
    0.166080386887338193E+03   -0.127887366838282190E+01   -0.373112618038217736E+01    0.997731638758412726E-01   -0.660837344501982571E+01
    0.216382749436054098E+03   -0.141464335548286124E+01   -0.445414304234927361E+01    0.139460264795960576E+00   -0.660827406155585795E+01
    0.216351446169884355E+03   -0.194003045203923197E+00   -0.452234840601582810E+01    0.746806370593691149E-01   -0.644976562289592614E+01
    0.232300733044102856E+03   -0.198600859930993412E+00   -0.454171450562639478E+01    0.619329166477141299E-01   -0.654645570250786157E+01
    0.211140107461249841E+03    0.142738220190693710E+00   -0.438191787854736425E+01    0.459944609534478008E-01   -0.654985359263683709E+01
    0.203122636919075035E+03   -0.947179222374734398E-01   -0.438787413769920498E+01    0.173556382064890997E-01   -0.649760030555526136E+01
    0.229443949264902386E+03   -0.141409121926715509E+00   -0.457505456721773296E+01    0.775874298141710217E-01   -0.654880443337836926E+01
    0.206599725701436796E+03    0.946967868607706542E-01   -0.440052126769373331E+01    0.796226549476417994E-01   -0.656955600840846543E+01
    0.240998379584867621E+03    0.198756282232954717E-01   -0.462303508236075977E+01    0.459128781525634175E-01   -0.655765050207435696E+01
    0.213329790083089677E+03    0.311892297449690492E+00   -0.456455529472900245E+01    0.449126639403310268E-01   -0.656936960067316722E+01
    0.208549242276906284E+03   -0.149270316027330097E-01   -0.484318311528419265E+01    0.221676809887926762E+00   -0.659602872631991310E+01
    0.211516121639402684E+03   -0.928925324339404668E-01   -0.484678201896398964E+01    0.134096974345647463E+00   -0.646917974971747434E+01
    0.220598983523048815E+03   -0.482750191928556616E+00   -0.499589344207812225E+01    0.219621040456853073E+00   -0.647233359326630531E+01
    0.227764378039259128E+03   -0.217411878699285355E+00   -0.489596959426050216E+01    0.186695716951879837E+00   -0.658821398720087981E+01
    0.219634455402811966E+03    0.198601619599299450E+00   -0.489886358240606956E+01    0.154688283000618987E+00   -0.654667155082264784E+01
    0.242386488616466522E+03   -0.989528894424438477E+00   -0.484232664108276367E+01    0.883911784172058124E-01   -0.646578886574314460E+01
    0.210087693268304633E+03   -0.828067692076352113E+00   -0.443845633415486418E+01    0.716919949627526643E-01   -0.645032080625902093E+01
    0.226936824243265221E+03   -0.674938752236958095E+00   -0.462839513478264042E+01    0.922973810979644399E-01   -0.645971940507471842E+01
    0.233021669314895064E+03   -0.911128509349113713E+00   -0.442397279308780433E+01    0.530085426192076006E-01   -0.654610704865872606E+01
    0.214940042511026547E+03   -0.578903160184527810E+00   -0.455214567016237837E+01    0.141625399759052251E+00   -0.656476676748802923E+01
    0.213847314946950377E+03   -0.147836556319388412E+00   -0.455569162041329356E+01    0.452043753104850871E-01   -0.646796337567571022E+01
    0.283088191391444923E+03   -0.144409244893905453E+01   -0.462491133449390546E+01    0.152578252336488997E-01   -0.660420310962825408E+01
    0.285602364067950077E+03   -0.164453906311195341E+01   -0.471648627436599455E+01    0.251469461404701874E-01   -0.654644342639741161E+01
    0.241789531533065315E+03   -0.763872348567633530E+00   -0.442040877174030555E+01    0.335026903316967134E-01   -0.657927727103304427E+01
    0.249189590879572052E+03   -0.526733594194335852E+00   -0.461779722536785364E+01    0.358226086190836790E-01   -0.647548724936688203E+01
    0.243767227984496344E+03   -0.437928369669977613E-01   -0.489494858543372668E+01    0.653703806922913966E-01   -0.645027005051250324E+01
    0.245748738420240045E+03   -0.114914297678445632E+00   -0.483874669078025033E+01    0.863523058112111580E-01   -0.647293075520622185E+01
    0.266386537238048788E+03   -0.214345934612802269E+00   -0.488117807166426587E+01    0.831578202378409209E-01   -0.660592294526199098E+01
    0.266093234947797328E+03   -0.556921223039225533E+00   -0.494280292792822440E+01    0.528844343680724832E-01   -0.643781865681084930E+01
    0.174281461103675014E+03   -0.170976788448650829E+00   -0.445541412537653247E+01    0.145977419490858767E+00   -0.647064466105078218E+01
    0.187539547341612689E+03   -0.453444672657207892E+00   -0.455809755626902557E+01    0.112510230491838170E+00   -0.655716988333272521E+01
    0.188651096614067001E+03    0.117357707936830202E+00   -0.455290968299531595E+01    0.924368636229617041E-01   -0.653531264336452455E+01
    0.190215706363182619E+03   -0.139493722067400583E+01   -0.407740071926549330E+01    0.661832141479114372E-01   -0.648953587502868068E+01
    0.185067439214332751E+03   -0.139156433322379414E+01   -0.392477290336939078E+01    0.750352125367508560E-01   -0.657778730254861976E+01
    0.193049555529757072E+03   -0.148588376773060205E+01   -0.403854443759218817E+01    0.641116910871571827E-01   -0.651552494177731578E+01
    0.187352566142694315E+03   -0.856581807550548913E+00   -0.401520012606128418E+01    0.640149981083827473E-02   -0.646645003671820806E+01
    0.202540083267285695E+03   -0.585840657554636435E+00   -0.412997729382446810E+01    0.524456934503977554E-01   -0.653431015220573030E+01
    0.192101475640692172E+03   -0.839026471121607331E+00   -0.426415147515582404E+01    0.793811257035819118E-01   -0.645187304886296253E+01
    0.170462771207854047E+03   -0.849486676309850974E+00   -0.420073887357734499E+01    0.113806051364289437E+00   -0.650166202527718351E+01
    0.172705873988543033E+03   -0.132535705768469647E+01   -0.389077553073955018E+01    0.889527858955327655E-01   -0.650671160851580943E+01
    0.147421457557893120E+03   -0.980609489379144383E+00   -0.369662057210409056E+01    0.109354083428108817E+00   -0.646257262828154655E+01
    0.155613575633474227E+03   -0.146452286289971156E+01   -0.392108000978038218E+01    0.117274329758486270E+00   -0.654075970153989061E+01
    0.170671257273121881E+03   -0.104787709042294153E+01   -0.409579828066514651E+01    0.763841017363235952E-01   -0.656240413967167324E+01
    0.185747564442587930E+03   -0.799423102175161659E+00   -0.408123367358153466E+01    0.917716881030365694E-01   -0.652638615622525720E+01
    0.155002287072268672E+03   -0.723269770146860225E+00   -0.390574414702042993E+01    0.145232747043743921E+00   -0.647139152022096376E+01
    0.146104813176259938E+03   -0.522207417957225584E+00   -0.372202060204857910E+01    0.101931489677548143E+00   -0.643940920109899562E+01
    0.147820016096624073E+03   -0.376611853012176034E+00   -0.401192944981093813E+01    0.137930419343469335E+00   -0.647195853708263247E+01
    0.163345924403955991E+03   -0.558024681476398943E-01   -0.410747821651010092E+01    0.820050631073815095E-01   -0.647716949355453053E+01
    0.148820429281030698E+03    0.172230387787485562E+00   -0.368529612225731373E+01    0.328138488398443187E-01   -0.649654761124040103E+01
    0.161504293634702890E+03    0.291116254198045432E+00   -0.392392313436021656E+01    0.137221700980516160E-01   -0.657038762719263758E+01
    0.160310349116707272E+03    0.140792087114919973E+00   -0.405053647580442533E+01    0.788295232562143677E-01   -0.649087465786280138E+01
    0.133576583151153926E+03    0.168218168874904705E+00   -0.380282629226059843E+01    0.110726127703914295E+00   -0.653198428927677277E+01
    0.152465146646139942E+03   -0.681685181690125930E-01   -0.383727451685973087E+01    0.101231898651819127E+00   -0.645664219338566081E+01
    0.160269412314050726E+03   -0.359165631311771483E+00   -0.407267721284783590E+01    0.104308438893543132E+00   -0.646077153587059971E+01
    0.217284131159574599E+03   -0.131563881577221808E+01   -0.429142874419920695E+01    0.458188164829819722E-01   -0.648844478503898259E+01
    0.209556462103391453E+03   -0.112741312449680398E+01   -0.438288060847868355E+01    0.629983739461112691E-01   -0.647412353949456953E+01
    0.195443742026688483E+03   -0.113198325426467017E+01   -0.433147457253241974E+01    0.143945762147774298E+00   -0.652465077361614565E+01
    0.207134393491675610E+03   -0.132136117622527927E+01   -0.425128947523148426E+01    0.626960706978696158E-01   -0.648160090688899171E+01
    0.219720367712392601E+03   -0.173069602552951674E+01   -0.422437264786942546E+01    0.487037454428790248E-01   -0.655659010994997526E+01
    0.189045296159626645E+03   -0.735769614131964733E+00   -0.440769449637532329E+01    0.163783275931417338E+00   -0.648778643988591508E+01
    0.206696819433621499E+03   -0.422600609383262604E+00   -0.426852489048814743E+01    0.518952676835238678E-02   -0.645088999303948540E+01
    0.200316239958266465E+03   -0.833446827308403027E+00   -0.415846869699310062E+01    0.376376523339897254E-01   -0.645174022430678118E+01
    0.202328063624444269E+03   -0.140862734982731697E+01   -0.439340053989650769E+01    0.117381252048783649E+00   -0.648872883526008426E+01
    0.222028433570479649E+03   -0.459429051526315746E+00   -0.427266037984696201E+01    0.228845906261208563E-01   -0.652525081084544567E+01
    0.155778766542262360E+03    0.154188905353008554E+00   -0.397131834697827601E+01    0.105847745808875515E+00   -0.650572256230122647E+01
    0.160614685164179775E+03   -0.102021110868870357E+01   -0.394970158459232845E+01    0.871495941245151451E-01   -0.650835185140370420E+01
    0.175805897688423045E+03    0.113178027134304582E+00   -0.420327329298203178E+01    0.642677512689334984E-01   -0.648265355877159255E+01
    0.220696653094425045E+03   -0.147798800268414787E+01   -0.458321609468992541E+01    0.100037805936578308E+00   -0.650274303204162862E+01
    0.208027304149607858E+03   -0.173699476430095867E+01   -0.443600049470839508E+01    0.951740660190864562E-01   -0.653804650113583552E+01
    0.193021348053026259E+03   -0.167683167861924565E+01   -0.477199344419481619E+01    0.222532655919765926E+00   -0.657809131814605763E+01
    0.186149575177189035E+03   -0.155173857473488219E+01   -0.455004663744837767E+01    0.246655049654621705E+00   -0.654894173797272128E+01
    0.206422381791010082E+03   -0.190408508534297205E+01   -0.474404322036891646E+01    0.254564481049550428E+00   -0.658283831231162431E+01
    0.198972751707290570E+03   -0.176553594241166811E+01   -0.453674675328962174E+01    0.177306888245357203E+00   -0.652159989038897425E+01
    0.234303278525027537E+03   -0.189823844164140221E+01   -0.488158629211009831E+01    0.151003938445412156E+00   -0.653781504910585376E+01
    0.182873565283668995E+03   -0.188439814157056129E+01   -0.449337717355653954E+01    0.186073048821876280E+00   -0.656042477608615648E+01
    0.238843203111429716E+03   -0.175649560042137765E+01   -0.493640047976028917E+01    0.153112688694689775E+00   -0.651882164259698893E+01
    0.204278770189291265E+03   -0.976405857386754672E+00   -0.493916878713211283E+01    0.205286750804341972E+00   -0.653488823361275273E+01
    0.173216522917646756E+03   -0.182774530259572598E+01   -0.470003542437334954E+01    0.274156154004348673E+00   -0.660510018904828211E+01
    0.190492691416591356E+03   -0.169185939570612831E+01   -0.484994894442109281E+01    0.316830677820058859E+00   -0.653962593289930272E+01
    0.189062343285797738E+03   -0.194150622581932231E+01   -0.494279465165456600E+01    0.309704827552587547E+00   -0.655284676800181387E+01
    0.183952293434670878E+03   -0.133319664757303324E+01   -0.493123808545669462E+01    0.283015426581234242E+00   -0.653453089938266363E+01
    0.191196749891724920E+03   -0.130716901074050185E+01   -0.488675319867211755E+01    0.293332540161672428E+00   -0.648251467067447429E+01
    0.171178390753463276E+03   -0.188941901376469978E+01   -0.499942704043529584E+01    0.378957574336078296E+00   -0.659347194322956121E+01
    0.173521378084583489E+03   -0.126665763557670608E+01   -0.491860299654729793E+01    0.335764402454935162E+00   -0.650216518194396365E+01
    0.173961352499396071E+03   -0.196972245933855716E+01   -0.482485979686665356E+01    0.367800882726087464E+00   -0.655086966744061794E+01
    0.156813209672004547E+03   -0.155625913381353120E+01   -0.488145921145651585E+01    0.420794792811780560E+00   -0.650787302717364913E+01
    0.164046286319921535E+03   -0.131522130406888316E+01   -0.471354526175854893E+01    0.367664979290468374E+00   -0.651907232170379736E+01
    0.155302343237370934E+03   -0.144168600772189182E+01   -0.486206159522174808E+01    0.431136455384664108E+00   -0.649562133406814901E+01
    0.153922750726825484E+03   -0.121041420183907089E+01   -0.498934828142769060E+01    0.483234393789251704E+00   -0.649636486588577355E+01
    0.174498903315720781E+03   -0.185177726526787323E+01   -0.464588790471108393E+01    0.285183194134519313E+00   -0.653478835662230395E+01
    0.195129408602203853E+03   -0.132420641088096502E+01   -0.484076200150296998E+01    0.314537368811275531E+00   -0.659595458591450967E+01
    0.177021909110931404E+03   -0.119920500436519961E+01   -0.468097551862174477E+01    0.322097277840814378E+00   -0.658117074749145292E+01
    0.195147356276899387E+03   -0.162308517042971645E+01   -0.485521349493761267E+01    0.299064885905414468E+00   -0.652913248358298226E+01
    0.200208952562493948E+03   -0.673069738364734382E+00   -0.498750129985486357E+01    0.310352725139018293E+00   -0.653456829717992793E+01
    0.152649282864458172E+03   -0.101405123935986152E+01   -0.465457127557316319E+01    0.306362798974782025E+00   -0.658434710921059985E+01
    0.169365990479673172E+03   -0.939047486349058769E+00   -0.478003958405571172E+01    0.310290948379266240E+00   -0.646757549446373847E+01
    0.166336440464069170E+03   -0.120960051311119221E+01   -0.465786837722061708E+01    0.303967470486082025E+00   -0.648191701154162825E+01
    0.170775189868241000E+03   -0.748048510842028946E+00   -0.475402987186905701E+01    0.324492553535889405E+00   -0.646552639347307068E+01
    0.202510723457832910E+03   -0.875980983007275782E+00   -0.487331151329592061E+01    0.172138973610812845E+00   -0.659733324622605011E+01
    0.190346331572675410E+03   -0.143626100855830741E+01   -0.460752443574312220E+01    0.188376343757651887E+00   -0.651558796863962453E+01
    0.165524349036244416E+03   -0.144793214366030210E+01   -0.481105884375466264E+01    0.416448137037486565E+00   -0.659785299171413619E+01
    0.194222404204478721E+03   -0.603005041696770272E+00   -0.477012512192680482E+01    0.188218039466816950E+00   -0.647497853219994735E+01
    0.141929015583593895E+03   -0.102253355244724609E+01   -0.413615579801268929E+01    0.271434363153677027E+00   -0.647481729509716075E+01
    0.165608437451212694E+03   -0.108453398051561134E+01   -0.444694863637143722E+01    0.213506528015187380E+00   -0.651977160688484769E+01
    0.137306250311261579E+03   -0.130043650605479377E+01   -0.396287409118873191E+01    0.232088380451941106E+00   -0.649080664867005375E+01
    0.145256045416340527E+03   -0.110885955156948013E+01   -0.410182721984701004E+01    0.188619616289866066E+00   -0.656472180834555452E+01
    0.145064644513130418E+03   -0.113668142629833313E+01   -0.404671512770652164E+01    0.197411672315470604E+00   -0.649904956875796813E+01
    0.140729995042405307E+03   -0.137128655191857085E+01   -0.385095579416642719E+01    0.215737602211058310E+00   -0.651694151151430745E+01
    0.137224788810451344E+03   -0.169225522806294126E+01   -0.407521734310427242E+01    0.253392953526926423E+00   -0.657351487743916074E+01
    0.159950482728266451E+03   -0.183382785792667868E+01   -0.388658249530076505E+01    0.118319652935310271E+00   -0.654353935306640366E+01
    0.127604936395328224E+03   -0.997484236211874542E+00   -0.404710642890525030E+01    0.327771429364659805E+00   -0.648155336674158722E+01
    0.137799213786308059E+03   -0.163197963891586406E+01   -0.416922579079954225E+01    0.314091938201834453E+00   -0.651996087332244123E+01
    0.151854377977300601E+03   -0.147227633151287263E+01   -0.426856740767681941E+01    0.234397345157752152E+00   -0.654619528828753072E+01
    0.172181305325814748E+03   -0.151091960757146060E+01   -0.431024861381750757E+01    0.198126285912119393E+00   -0.650233431980930554E+01
    0.162589101638573538E+03   -0.198585114659680717E+01   -0.431859352694607068E+01    0.288532437425454868E+00   -0.660135905067786322E+01
    0.126685319998913087E+03   -0.133817872805690818E+01   -0.387209927515054275E+01    0.324608179251569762E+00   -0.660022953438299709E+01
    0.155902460119260695E+03   -0.185108539495700208E+01   -0.402503258326946334E+01    0.219006419079380704E+00   -0.656117977933715402E+01
    0.159692156130858365E+03   -0.132709016571994143E+01   -0.444622806233072421E+01    0.319895862641290885E+00   -0.655194736814528333E+01
    0.160494705909755055E+03   -0.984349781223187392E+00   -0.440623492662997229E+01    0.296404104746138652E+00   -0.654205912467091366E+01
    0.149997935135473824E+03   -0.115342671626725712E+01   -0.446178751830305576E+01    0.347537464115766470E+00   -0.649779850127436021E+01
    0.125572677256240468E+03   -0.117526942743034413E+01   -0.419736971136825687E+01    0.373542233936651757E+00   -0.647921674520455504E+01
    0.127617262597625242E+03   -0.154052737916853388E+01   -0.443156155480091485E+01    0.395708495172544583E+00   -0.658415168780054127E+01
    0.138509154133601896E+03   -0.149621235597749425E+01   -0.457941703222458685E+01    0.464720846333207760E+00   -0.657998313929147827E+01
    0.127294160425662994E+03   -0.654143154621124268E+00   -0.470398366451263428E+01    0.547476884651184048E+00   -0.659175647261092834E+01
    0.143900503879671305E+03   -0.914019914941640366E+00   -0.461498263065520842E+01    0.387558613415116548E+00   -0.645899458433225693E+01
    0.146943896351117786E+03   -0.135932046617852809E+01   -0.438199215965581512E+01    0.316684505181721476E+00   -0.649073350517570091E+01
    0.146695421005061320E+03   -0.679516462255038256E+00   -0.457647155437895670E+01    0.397785523331350643E+00   -0.653187035513995351E+01
