 F
       16774       37472           3        1024
   -0.386651424884896926E+02   -0.272083902634205401E+02
 T
   2
    0.200000000000000000E+01    0.300000000000000000E+01    0.903320312500000000E+00    0.966796875000000000E-01
   0
   0
 T T     0           0
    0.000000000000000000E+00   -0.100000000000000002+101    0.000000000000000000E+00
 T F     1         925
    0.301411515909029976E-06   -0.386651424884944177E+02   -0.272083902633263754E+02
 T F     1          99
    0.260769831658703342E-09   -0.647441659518952548E+02   -0.471817884300540555E+02
