    0.172153596580028534E+03   -0.155356955528259277E+01   -0.435067772865295410E+01    0.301451361894607528E+00   -0.166106606615402598E+03   -0.485202009141426682E+01    1
    0.215450592339038849E+03   -0.187191736698150635E+01   -0.413024246692657471E+01    0.165004893136024483E+00   -0.155995367530125890E+03   -0.485983259141427482E+01    1
    0.180468954145908356E+03    0.490760803222656250E-01   -0.388320147991180420E+01    0.187134758377075189E+00   -0.145716879325081379E+03   -0.486764509141427837E+01    1
    0.294512605667114258E+03   -0.169725441932678223E+01   -0.453371405601501465E+01    0.174372794365882877E+00   -0.139849188963597243E+03   -0.487545759141427837E+01    1
    0.127392289042472839E+03    0.623948037624359131E+00   -0.267389774322509766E+01    0.757583840131759723E-01   -0.136631773901069238E+03   -0.488327009141427215E+01    1
    0.316646207869052887E+03   -0.547633171081542969E-01   -0.489956915378570557E+01    0.183913228797912609E+00   -0.136197859731452041E+03   -0.489108259141427038E+01    1
    0.270144455134868622E+03   -0.745544433593750000E-01   -0.472800970077514648E+01    0.286724320793151854E+00   -0.129545105494410848E+03   -0.489889509141427659E+01    1
    0.163520477712154388E+03    0.351837217807769775E+00   -0.426153063774108887E+01    0.496765906763076803E+00   -0.124364312971101867E+03   -0.490670759141427038E+01    1
    0.195900614559650421E+03    0.452427387237548828E+00   -0.462301254272460938E+01    0.481409632945060728E+00   -0.122510735318555390E+03   -0.491452009141427393E+01    1
    0.224864582717418671E+03    0.823709845542907715E+00   -0.409127712249755859E+01    0.183305114936828606E+00   -0.121544453906007533E+03   -0.492233259141426949E+01    1
    0.197904264926910400E+03   -0.100372135639190674E+00   -0.338347852230072021E+01    0.224641948056221008E+00   -0.114303849898545280E+03   -0.493014509141426949E+01    1
    0.186489748954772949E+03   -0.139641284942626953E+00   -0.283049464225769043E+01    0.103895795989036560E+00   -0.113540407501387449E+03   -0.493795759141427482E+01    1
    0.263162410259246826E+03    0.279692411422729492E-01   -0.370931267738342285E+01    0.145159241938591005E+00   -0.110574988255269034E+03   -0.494577009141427482E+01    1
    0.264377236366271973E+03   -0.758976221084594727E+00   -0.365611135959625244E+01    0.168376950001716624E+00   -0.110167461104609416E+03   -0.495358259141427215E+01    1
    0.345768144726753235E+03   -0.267052650451660156E+00   -0.383772790431976318E+01    0.494834230899810837E-01   -0.107210516015118444E+03   -0.496139509141427393E+01    1
    0.302488180994987488E+03   -0.188144940137863159E+01   -0.330179274082183838E+01    0.454155698776245106E-01   -0.107093946089771975E+03   -0.496920759141427215E+01    1
    0.259889176487922668E+03    0.242750167846679688E+00   -0.310835540294647217E+01    0.237674124240875272E-02   -0.105913356965712381E+03   -0.497702009141426860E+01    1
    0.213370861113071442E+03    0.348511993885040283E+00   -0.321447193622589111E+01    0.174252870655059816E+00   -0.103656111661673862E+03   -0.498483259141426771E+01    1
    0.148360350728034973E+03    0.259562969207763672E+00   -0.366691052913665771E+01    0.568897545289993256E+00   -0.102005414974877908E+03   -0.499264509141426949E+01    1
    0.317829625308513641E+03   -0.157334208488464355E-01   -0.374810934066772461E+01    0.103311359810829173E+00   -0.101697748025722646E+03   -0.500045759141427038E+01    1
    0.188436120748519897E+03   -0.130969166755676270E+01   -0.273754894733428955E+01    0.228670156502723709E+00   -0.996968410722737985E+02   -0.500827009141427038E+01    1
    0.140910877287387848E+03   -0.477226257324218750E+00   -0.173133969306945801E+01    0.100754067707061773E+00   -0.995498961177157611E+02   -0.501608259141426771E+01    1
    0.272373732924461365E+03   -0.105665349960327148E+01   -0.406279981136322021E+01    0.367819156408309922E+00   -0.981593723197117214E+02   -0.502389509141427126E+01    1
    0.257064220309257507E+03   -0.169231057167053223E+01   -0.264418721199035645E+01    0.327693331003189106E-01   -0.976632668858305806E+02   -0.503170759141427926E+01    1
    0.141609632968902588E+03   -0.986450254917144775E+00   -0.140717446804046631E+01    0.394639420509338423E-01   -0.975967345167643430E+02   -0.503952009141427748E+01    1
    0.327308873832225800E+03   -0.195897936820983887E+00   -0.319956243038177490E+01    0.984223959445953457E-02   -0.932172963173516393E+02   -0.504733259141427748E+01    1
    0.274512647092342377E+03    0.628530323505401611E+00   -0.393319606781005859E+01    0.266973550915718061E+00   -0.914456420147852498E+02   -0.505514509141427215E+01    1
    0.282609806954860687E+03    0.441906332969665527E+00   -0.304324924945831299E+01    0.312344801902771016E-01   -0.908736952742237776E+02   -0.506295759141426593E+01    1
    0.220696362853050232E+03    0.948727607727050781E+00   -0.449605584144592285E+01    0.547711239123344407E+00   -0.900611010620819314E+02   -0.507077009141427304E+01    1
    0.295982201397418976E+03   -0.102343595027923584E+01   -0.374363780021667480E+01    0.297231650805473313E+00   -0.892688564738983814E+02   -0.507858259141427304E+01    1
    0.275330613553524017E+03    0.840737044811248779E+00   -0.459367632865905762E+01    0.459830325007438701E+00   -0.872527394742060238E+02   -0.508639509141426860E+01    1
    0.242020997405052185E+03    0.181063294410705566E+00   -0.335590600967407227E+01    0.280300231075286899E+00   -0.866845720749186057E+02   -0.509420759141426771E+01    1
    0.312197710573673248E+03   -0.122350817918777466E+01   -0.378302156925201416E+01    0.301596942114830013E+00   -0.864204448469303088E+02   -0.510202009141427126E+01    1
    0.294781228899955750E+03   -0.776798427104949951E+00   -0.272966206073760986E+01    0.353769829273223868E-01   -0.856313020037449775E+02   -0.510983259141427748E+01    1
    0.322774854302406311E+03   -0.186920762062072754E+00   -0.301769673824310303E+01    0.477739899158477824E-01   -0.836156001158255435E+02   -0.511764509141427038E+01    1
    0.209587511420249939E+03   -0.583336949348449707E-01   -0.235492467880249023E+01    0.142331874132156366E+00   -0.830611626042337861E+02   -0.512545759141426505E+01    1
    0.210961084067821503E+03   -0.192743855714797974E+01   -0.194626629352569580E+01    0.109761310744285592E+00   -0.813890564648316115E+02   -0.513327009141426593E+01    1
    0.252018448710441589E+03    0.364786386489868164E-02   -0.406003057956695557E+01    0.529146843981742832E+00   -0.798840855123246030E+02   -0.514108259141427038E+01    1
    0.323820620775222778E+03   -0.151184421777725220E+01   -0.434633135795593262E+01    0.505408329248428378E+00   -0.796485804967805961E+02   -0.514889509141427304E+01    1
    0.166688635945320129E+03    0.351289868354797363E+00   -0.215037465095520020E+01    0.264398074078559864E+00   -0.763568532280173855E+02   -0.515670759141427038E+01    1
    0.173101489245891571E+03   -0.154396545886993408E+01   -0.116417348384857178E+01    0.481771587610244773E-01   -0.758056151537041671E+02   -0.516452009141426771E+01    1
    0.224754357337951660E+03   -0.183825796842575073E+01   -0.325003981590270996E+01    0.486457789993286149E+00   -0.756223597136969374E+02   -0.517233259141426593E+01    1
    0.169677166640758514E+03   -0.165610986948013306E+01   -0.167072236537933350E+01    0.227618921971321109E+00   -0.744125765550419942E+02   -0.518014509141426593E+01    1
    0.311580252647399902E+03   -0.153060555458068848E-01   -0.399480164051055908E+01    0.429928140950202931E+00   -0.728450874251813758E+02   -0.518795759141426949E+01    1
    0.342930461466312408E+03    0.411484181880950928E+00   -0.434832990169525146E+01    0.453323875164985679E+00   -0.709098097545591486E+02   -0.519577009141427038E+01    1
    0.256262145936489105E+03   -0.177906054258346558E+01   -0.314915478229522705E+01    0.434829898953437821E+00   -0.689798165680832085E+02   -0.520358259141426593E+01    1
    0.334929338097572327E+03   -0.104040521383285522E+01   -0.392245233058929443E+01    0.479496141815185573E+00   -0.654874802116639785E+02   -0.521139509141426771E+01    1
    0.289259231090545654E+03   -0.411978662014007568E+00   -0.288606286048889160E+01    0.275710138249397274E+00   -0.641976800900085607E+02   -0.521920759141426860E+01    1
    0.130095352232456207E+03    0.732440352439880371E+00   -0.152410924434661865E+01    0.320996402049064655E+00   -0.640502967638904153E+02   -0.522702009141426593E+01    1
    0.309259162843227386E+03    0.812873899936676025E+00   -0.366017758846282959E+01    0.342153025817871104E+00   -0.637326638581982792E+02   -0.523483259141426860E+01    1
    0.132383893430233002E+03    0.692331850528717041E+00   -0.509061813354492188E+00    0.439254452705383283E-01   -0.614210357506580493E+02   -0.524264509141427393E+01    1
    0.155503877997398376E+03    0.360984086990356445E+00   -0.182013809680938721E+01    0.394795133686065669E+00   -0.584932243006234387E+02   -0.525045759141427482E+01    1
    0.253724843263626099E+03   -0.876918315887451172E+00   -0.256363749504089355E+01    0.359856017303466835E+00   -0.574467790709395416E+02   -0.525827009141427659E+01    1
    0.185730294883251190E+03   -0.131601202487945557E+01   -0.224932372570037842E+01    0.494627921175956720E+00   -0.569559846969987902E+02   -0.526608259141428015E+01    1
    0.198420523107051849E+03   -0.793279170989990234E+00   -0.161855340003967285E+01    0.265784446763992321E+00   -0.560536510176323262E+02   -0.527389509141427659E+01    1
    0.215932504832744598E+03   -0.100384777784347534E+01   -0.186342120170593262E+01    0.294348807621002184E+00   -0.554687298749904159E+02   -0.528170759141427126E+01    1
    0.284087918698787689E+03   -0.686721622943878174E+00   -0.209200084209442139E+01    0.170061101961135858E+00   -0.549814602571416060E+02   -0.528952009141427393E+01    1
    0.340295673906803131E+03    0.928085505962371826E+00   -0.300949871540069580E+01    0.209886213970184338E+00   -0.524367170731372951E+02   -0.529733259141427126E+01    1
    0.210843053460121155E+03   -0.114203929901123047E+00   -0.196011543273925781E+01    0.339265133213996872E+00   -0.521604516102405711E+02   -0.530514509141426416E+01    1
    0.244500270485877991E+03   -0.187748348712921143E+01   -0.183471679687500000E+01    0.275311336469650281E+00   -0.517404098389154612E+02   -0.531295759141427038E+01    1
    0.309178227186203003E+03   -0.112767124176025391E+01   -0.340805709362030029E+01    0.554605811905860890E+00   -0.501188651168252264E+02   -0.532077009141427038E+01    1
    0.221397358179092407E+03   -0.190446794033050537E+01   -0.118336141109466553E+01    0.186201809906959531E+00   -0.489954045508591918E+02   -0.532858259141426416E+01    1
    0.202552962303161621E+03   -0.156185668706893921E+01   -0.163573324680328369E+01    0.370896265769004807E+00   -0.487101749212083703E+02   -0.533639509141427304E+01    1
    0.342011067271232605E+03   -0.237548172473907471E+00    0.455853462219238281E+01    0.410275425338745114E+00   -0.480247126164969771E+02   -0.534420759141427837E+01    1
    0.152717424929141998E+03   -0.171999830007553101E+01   -0.107049942016601562E-02    0.985446737766265957E-01   -0.479241082401893834E+02   -0.535202009141427126E+01    1
    0.348419991135597229E+03    0.663328588008880615E+00   -0.303868234157562256E+01    0.286946085834503206E+00   -0.477547962034173210E+02   -0.535983259141427126E+01    1
    0.349412073194980621E+03   -0.138405734300613403E+01   -0.183482050895690918E+01    0.759610772609710660E-01   -0.475968952379065868E+02   -0.536764509141427837E+01    1
    0.161877182126045227E+03   -0.170956397056579590E+01   -0.760673880577087402E+00    0.287232538032531737E+00   -0.472771050732830531E+02   -0.537545759141427215E+01    1
    0.185841593146324158E+03   -0.188394117355346680E+01   -0.107997536659240723E+01    0.291051912045478811E+00   -0.470573084564728390E+02   -0.538327009141427126E+01    1
    0.133816246688365936E+03   -0.944782495498657227E+00   -0.383684039115905762E+00    0.302531528234481817E+00   -0.454513442660757647E+02   -0.539108259141427482E+01    1
    0.145892289280891418E+03    0.835478305816650391E-03   -0.474688410758972168E+00    0.234729800963401791E+00   -0.447243776538348925E+02   -0.539889509141427748E+01    1
    0.193763819336891174E+03   -0.177407431602478027E+01   -0.827165246009826660E+00    0.240370548319816607E+00   -0.432981554562688800E+02   -0.540670759141427926E+01    1
    0.255883136391639709E+03   -0.427946746349334717E+00   -0.178526401519775391E+01    0.281522190570831332E+00   -0.431003026780477256E+02   -0.541452009141427926E+01    1
    0.330265499651432037E+03   -0.194584155082702637E+01   -0.207193255424499512E+01    0.251065866851806652E+00   -0.430502846819576632E+02   -0.542233259141428015E+01    1
    0.223200942575931549E+03   -0.627201616764068604E+00   -0.475124120712280273E+00    0.603736560344696107E-02   -0.428728274181856364E+02   -0.543014509141427837E+01    1
    0.317254774272441864E+03   -0.166233491897583008E+01   -0.305144786834716797E+01    0.559729642009735073E+00   -0.416246254067448476E+02   -0.543795759141427748E+01    1
    0.247706167399883270E+03    0.199441432952880859E+00   -0.256538927555084229E+01    0.508265618276596109E+00   -0.415698027873187783E+02   -0.544577009141427748E+01    1
    0.299252940714359283E+03    0.494830608367919922E+00    0.391436517238616943E+01    0.556218555521965086E+00   -0.407245598683443220E+02   -0.545358259141427038E+01    1
    0.278518646955490112E+03    0.286836743354797363E+00    0.441541790962219238E+01    0.460381257605552707E+00   -0.402574604956278037E+02   -0.546139509141426327E+01    1
    0.329909785091876984E+03    0.739494740962982178E+00   -0.240239441394805908E+01    0.231324922871589678E+00   -0.399743497909641334E+02   -0.546920759141426149E+01    1
    0.337038560211658478E+03    0.829187631607055664E+00   -0.205607175827026367E+01    0.127138546442985528E+00   -0.388715320053325399E+02   -0.547702009141426238E+01    1
    0.222613324224948883E+03   -0.136207771301269531E+01   -0.192075192928314209E+01    0.504162657952308635E+00   -0.388487165065266495E+02   -0.548483259141427393E+01    1
    0.138272508978843689E+03   -0.130486565828323364E+01   -0.115305185317993164E-01    0.273318453454971300E+00   -0.386955155008303819E+02   -0.549264509141427659E+01    1
    0.339138488471508026E+03   -0.174103826284408569E+01   -0.168740034103393555E+01    0.187971324348449709E+00   -0.378419068315271474E+02   -0.550045759141427482E+01    1
    0.226050508022308350E+03   -0.191951370239257812E+01   -0.448948144912719727E+00    0.124952045488357547E+00   -0.363280435163542137E+02   -0.550827009141427482E+01    1
    0.317743687331676483E+03   -0.169203162193298340E+00   -0.177663505077362061E+01    0.231101997828483591E+00   -0.349985553560415354E+02   -0.551608259141426771E+01    1
    0.235523614287376404E+03   -0.114728552103042603E+01   -0.576993227005004883E+00    0.141386029171943678E+00   -0.340033156236789509E+02   -0.552389509141426327E+01    1
    0.133461149036884308E+03   -0.953080356121063232E+00   -0.303468704223632812E+00    0.440627007722854624E+00   -0.339337323919408860E+02   -0.553170759141427304E+01    1
    0.254507552087306976E+03   -0.154448956251144409E+01   -0.569626092910766602E+00    0.140085906028747570E+00   -0.317951739836779517E+02   -0.553952009141427837E+01    1
    0.219282127916812897E+03    0.471400797367095947E+00   -0.161737501621246338E+01    0.434368627667427065E+00   -0.317095946381059157E+02   -0.554733259141427215E+01    1
    0.237555213272571564E+03   -0.125937342643737793E+01    0.153553485870361328E-01    0.291232087612152100E-01   -0.301949236239608041E+02   -0.555514509141427126E+01    1
    0.335811489820480347E+03   -0.192535877227783203E+00   -0.162279427051544189E+01    0.230437248587608334E+00   -0.298475168250595821E+02   -0.556295759141427038E+01    1
    0.209451282024383545E+03   -0.144727772474288940E+01    0.473685383796691895E+01    0.431009706115722646E+00   -0.298008018965464387E+02   -0.557077009141426682E+01    1
    0.274277886748313904E+03   -0.150019913911819458E+01   -0.109274148941040039E+01    0.301105135488510145E+00   -0.276307672691461264E+02   -0.557858259141426949E+01    1
    0.178045725822448730E+03   -0.136259233951568604E+01    0.488908827304840088E+01    0.432008160567283639E+00   -0.269480851208951506E+02   -0.558639509141427038E+01    1
    0.246005915105342865E+03    0.848750948905944824E+00   -0.135262012481689453E+01    0.318495438265800512E+00   -0.269180389127736994E+02   -0.559420759141427038E+01    1
    0.227300631999969482E+03   -0.179464346170425415E+01    0.446893930435180664E+01    0.388178210735321050E+00   -0.263969764113917442E+02   -0.560202009141427748E+01    1
    0.194850516319274902E+03    0.483321249485015869E+00    0.446262776851654053E+01    0.440076928067207329E+00   -0.260657649618138940E+02   -0.560983259141427482E+01    1
    0.257035480439662933E+03    0.167410671710968018E+00   -0.761472582817077637E+00    0.202616073560714732E+00   -0.260641805722832132E+02   -0.561764509141427304E+01    1
    0.172736386954784393E+03   -0.418756783008575439E+00   -0.416243076324462891E+00    0.405239243602752708E+00   -0.258643606229604899E+02   -0.562545759141427126E+01    1
    0.242990589141845703E+03   -0.118091773986816406E+01   -0.124794423580169678E+01    0.456375566840171831E+00   -0.252683827687034324E+02   -0.563327009141427126E+01    1
    0.298781917989253998E+03   -0.128209370374679565E+01    0.361626863479614258E+01    0.423246701431274408E+00   -0.252485697158511222E+02   -0.564108259141427304E+01    1
    0.289665612578392029E+03    0.710868775844573975E+00    0.358856916427612305E+01    0.399893034338951125E+00   -0.251691037806939448E+02   -0.564889509141427038E+01    1
    0.224378177523612976E+03    0.403063833713531494E+00   -0.423200726509094238E+00    0.201088828897476202E+00   -0.246981332632268220E+02   -0.565670759141426860E+01    1
    0.324478016793727875E+03    0.356013774871826172E-01    0.279461383819580078E+01    0.553297636985778829E+00   -0.246448465265811336E+02   -0.566452009141426682E+01    1
    0.304175665974617004E+03   -0.197950309514999390E+01   -0.182146191596984863E+01    0.517282721328735318E+00   -0.240726151549713627E+02   -0.567233259141426682E+01    1
    0.236376744508743286E+03   -0.118342381715774536E+01    0.494387447834014893E+01    0.169233816003799442E+00   -0.240534136164118877E+02   -0.568014509141426771E+01    1
    0.303534068167209625E+03    0.195546865463256836E+00    0.310391485691070557E+01    0.490120154356956494E+00   -0.237958755450757131E+02   -0.568795759141426771E+01    1
    0.177990311384201050E+03   -0.538053929805755615E+00   -0.630041956901550293E+00    0.490287842845916755E+00   -0.234958740925029090E+02   -0.569577009141426771E+01    1
    0.214884082973003387E+03    0.693317651748657227E+00    0.403800070285797119E+01    0.431142526316642793E+00   -0.231566193051779479E+02   -0.570358259141427038E+01    1
    0.254583968222141266E+03    0.674565792083740234E+00    0.391900539398193359E+01    0.331153548002243059E+00   -0.222115142219439861E+02   -0.571139509141427126E+01    1
    0.282098537683486938E+03    0.813546061515808105E+00    0.361395597457885742E+01    0.338001618361473077E+00   -0.219503623621897113E+02   -0.571920759141427038E+01    1
    0.162585432827472687E+03    0.698036193847656250E+00    0.684873461723327637E+00    0.117642362666130068E+00   -0.216973047618284447E+02   -0.572702009141427482E+01    1
    0.239218397438526154E+03    0.221003890037536621E+00   -0.100215017795562744E+01    0.397334718704223655E+00   -0.214938723684626005E+02   -0.573483259141427482E+01    1
    0.148310180008411407E+03   -0.809545159339904785E+00    0.456778466701507568E+01    0.527243895220756542E+00   -0.214280984205960685E+02   -0.574264509141427038E+01    1
    0.346434405446052551E+03   -0.167247366905212402E+01    0.305166482925415039E+01    0.408460875535011314E+00   -0.212484269659351526E+02   -0.575045759141426860E+01    1
    0.272672195732593536E+03   -0.170528709888458252E+00   -0.437142848968505859E+00    0.186206586384773248E+00   -0.209533575446062912E+02   -0.575827009141427304E+01    1
    0.260606077313423157E+03   -0.141762071847915649E+01   -0.303713083267211914E+00    0.232644117808341988E+00   -0.209024436415086967E+02   -0.576608259141427304E+01    1
    0.204064789414405823E+03   -0.635315299034118652E+00    0.463771581649780273E+01    0.271560095500946064E+00   -0.206176610432609806E+02   -0.577389509141427215E+01    1
    0.258921864628791809E+03    0.897809088230133057E+00   -0.919882059097290039E+00    0.283207980179786711E+00   -0.203579210746466046E+02   -0.578170759141427126E+01    1
    0.143053452670574188E+03   -0.110574847459793091E+01    0.442369818687438965E+01    0.564625395298004151E+00   -0.199743231157258769E+02   -0.578952009141427215E+01    1
    0.302684182880303013E+03    0.687586136296254313E+00   -0.603335006360357973E+00    0.118259874333804235E+00   -0.197361768536754383E+02   -0.579733259141427038E+01    1
    0.249979366362094879E+03   -0.176583886146545410E+01    0.406800210475921631E+01    0.298941322803497334E+00   -0.195263203487440933E+02   -0.580514509141426771E+01    1
    0.188975660502910614E+03   -0.137733966112136841E+01    0.782680511474609375E-01    0.370177235269546545E+00   -0.190912346712881771E+02   -0.581295759141427393E+01    1
    0.156332921981811523E+03    0.772443711757659912E+00    0.843881368637084961E+00    0.148239319539070130E+00   -0.190249863461137707E+02   -0.582077009141427482E+01    1
    0.173193496824831925E+03   -0.104162090576071265E+01    0.494033095537865918E+01    0.252906556600240195E+00   -0.187252700820619999E+02   -0.582858259141427570E+01    1
    0.285269324481487274E+03    0.583582222461700439E+00   -0.288847684860229492E+00    0.114047994875907902E+00   -0.181808270052341285E+02   -0.583639509141427126E+01    1
    0.345929305255413055E+03    0.415662527084350586E-01    0.286090910434722900E+01    0.350438884234428427E+00   -0.180875180969763747E+02   -0.584420759141426860E+01    1
    0.349658219516277313E+03    0.561800003051757812E-01   -0.104342639446258545E+01    0.250161986660957347E+00   -0.177381577512099184E+02   -0.585202009141427393E+01    1
    0.151915471255779266E+03   -0.119657182693481445E+01    0.727231502532958984E+00    0.363701661944389354E+00   -0.174145136668597118E+02   -0.585983259141427748E+01    1
    0.177357417345046997E+03   -0.485429704189300537E+00    0.441786110401153564E+01    0.336542779684066762E+00   -0.172851912133200258E+02   -0.586764509141427215E+01    1
    0.262989836931228638E+03    0.254334986209869385E+00   -0.147442877292633057E+01    0.567428607773780791E+00   -0.167813373437584907E+02   -0.587545759141427215E+01    1
    0.299851663410663605E+03   -0.521772563457489014E+00    0.313157975673675537E+01    0.339636845541000376E+00   -0.163872410206764556E+02   -0.588327009141427304E+01    1
    0.333763809006790950E+03   -0.126763575447105392E+01    0.333793095186732280E+01    0.228258414810022403E+00   -0.163471444336239280E+02   -0.589108259141427215E+01    1
    0.307066081464290619E+03   -0.127036654949188232E+01   -0.433887839317321777E+00    0.259457319545745857E+00   -0.160744094393869794E+02   -0.589889509141427570E+01    1
    0.164769060167094665E+03   -0.190966411746980413E+01    0.419459602145942867E+01    0.447584039506516707E+00   -0.159260505834837076E+02   -0.590670759141427304E+01    1
    0.308788743615150452E+03   -0.128495150804519653E+01   -0.118309199810028076E+01    0.485956771588325509E+00   -0.152894689144059406E+02   -0.591452009141427748E+01    1
    0.237307050499470733E+03    0.673070173859857679E+00    0.405558656413503371E+01    0.163926324866565803E+00   -0.151999180012388369E+02   -0.592233259141427659E+01    1
    0.214315655827522278E+03   -0.142280828952789307E+01    0.178599357604980469E-01    0.401768654823303262E+00   -0.151957035835951828E+02   -0.593014509141427659E+01    1
    0.215721750259399414E+03   -0.133694005012512207E+01   -0.268982052803039551E+00    0.477573438906669645E+00   -0.151381027010990579E+02   -0.593795759141427748E+01    1
    0.266478143632411957E+03   -0.109389257431030273E+01    0.217177271842956543E+00    0.192797886943817137E+00   -0.148628565645750310E+02   -0.594577009141426949E+01    1
    0.251731278002262115E+03   -0.103341788053512573E+01    0.340747177600860596E+01    0.344586334204673772E+00   -0.147749650634794030E+02   -0.595358259141426593E+01    1
    0.177923723744848644E+03    0.372006224763632432E-02    0.973865008469538829E+00    0.190664548455383415E+00   -0.147266202300085904E+02   -0.596139509141426860E+01    1
    0.285599571466445923E+03   -0.757393717765808105E+00    0.427852869033813477E+01    0.740975003242492700E-02   -0.147092882663157933E+02   -0.596920759141426593E+01    1
    0.149349576234817505E+03   -0.717883527278900146E+00    0.393261313438415527E+01    0.523907218408584563E+00   -0.143743103838432340E+02   -0.597702009141426682E+01    1
    0.251964160799980164E+03   -0.104772067070007324E+01    0.273590743541717529E+01    0.523895277214050270E+00   -0.143678775292578980E+02   -0.598483259141427570E+01    1
    0.191089831292629242E+03    0.990242838859558105E+00    0.189995765686035156E+00    0.305591612863540640E+00   -0.143547228611231130E+02   -0.599264509141427126E+01    1
    0.297987876832485199E+03   -0.133656847476959229E+01    0.367974400520324707E+01    0.152168313717842119E+00   -0.143464444909481301E+02   -0.600045759141427215E+01    1
    0.176505662769261534E+03   -0.844011257533268555E+00    0.369742346626443741E+01    0.475610533911455691E+00   -0.143371158080919923E+02   -0.600827009141427126E+01    1
    0.318309070169925690E+03   -0.699851036071777344E+00    0.256301164627075195E+01    0.405038256239891092E+00   -0.142908701931261906E+02   -0.601608259141427038E+01    1
    0.185573922097682953E+03   -0.788888752460479736E+00    0.137714207172393799E+01    0.978564856767654423E-01   -0.142058742989618807E+02   -0.602389509141427926E+01    1
    0.311007480323314667E+03   -0.697330832481384277E+00   -0.520704984664916992E+00    0.299550289607048048E+00   -0.141887198535052832E+02   -0.603170759141427570E+01    1
    0.175336198508739471E+03   -0.288242638111114502E+00    0.556029081344604492E+00    0.356153018760681173E+00   -0.141651834508407575E+02   -0.603952009141427215E+01    1
    0.224573348462581635E+03    0.991149425506591797E+00   -0.154256820678710938E-01    0.264295482158660888E+00   -0.140510793024158698E+02   -0.604733259141427837E+01    1
    0.133505687117576599E+03   -0.117504870891571045E+01    0.154073476791381836E+01    0.301624372744560276E+00   -0.139653692283174991E+02   -0.605514509141427748E+01    1
    0.346764612197875977E+03   -0.674247741699218750E-01    0.228216409683227539E+01    0.403450657367706300E+00   -0.139433891766326319E+02   -0.606295759141427126E+01    1
    0.312274274230003357E+03    0.572749853134155273E+00    0.332242250442504883E+01    0.158981379318237304E+00   -0.139055211963197056E+02   -0.607077009141427482E+01    1
    0.180476450920104980E+03   -0.522017002105712891E+00    0.354942798614501953E+01    0.470864056992530866E+00   -0.135874892687080440E+02   -0.607858259141427482E+01    1
    0.192590647935867310E+03    0.883223235607147217E+00    0.423136413097381592E+01    0.189646981000900272E+00   -0.132528321185366877E+02   -0.608639509141426860E+01    1
    0.284963176315948999E+03    0.864514811856569754E+00    0.286371946798677612E+00    0.546634776852304161E-01   -0.132218063085788042E+02   -0.609420759141427393E+01    1
    0.280430242295685389E+03   -0.279074428128025742E+00   -0.792779313886149417E+00    0.473057276419386386E+00   -0.125756630073378517E+02   -0.610202009141427393E+01    1
    0.345955644547939301E+03   -0.145308792591094971E+00   -0.942962765693664551E+00    0.373008970141410823E+00   -0.125301856762934811E+02   -0.610983259141426860E+01    1
    0.253354483842849731E+03   -0.132449084520339966E+01    0.347156286239624023E+01    0.259255786299705526E+00   -0.125076918345248149E+02   -0.611764509141427482E+01    1
    0.305772621155390823E+03   -0.957608561086721766E+00    0.203192111650222706E+01    0.529491537464423678E+00   -0.123840013780768601E+02   -0.612545759141427215E+01    1
    0.185632339833186734E+03   -0.794189850196236335E-02    0.391640240769706161E+01    0.294656498134001021E+00   -0.123456623886010028E+02   -0.613327009141427215E+01    1
    0.210625325143337250E+03    0.571359932422637939E+00   -0.564771890640258789E-01    0.404128473687171974E+00   -0.123019347085198163E+02   -0.614108259141427126E+01    1
    0.182070914513420291E+03   -0.118571074786809483E+01    0.333745361001780161E+01    0.496216320439615222E+00   -0.122190948589167725E+02   -0.614889509141426327E+01    1
    0.227832398356920834E+03   -0.212002820273333725E+00    0.223442102806403753E-01    0.387308378936608910E+00   -0.122161597885258963E+02   -0.615670759141427038E+01    1
    0.160986908314887501E+03    0.331310748966351820E+00    0.163935186653677789E+01    0.118617370066270586E+00   -0.121752277964776550E+02   -0.616452009141426771E+01    1
    0.184703062474727631E+03   -0.123495727777481079E+01    0.438230812549591064E+01    0.177644101667404186E+00   -0.119857348259992662E+02   -0.617233259141426593E+01    1
    0.290865954756736755E+03   -0.130158746242523193E+01    0.263152956962585449E+01    0.388726072740554818E+00   -0.119539712465975345E+02   -0.618014509141427659E+01    1
    0.276826642453670502E+03    0.277164340019226074E+00    0.872455835342407227E+00    0.392592358589172359E-02   -0.115774853110369484E+02   -0.618795759141427215E+01    1
    0.196176399290561676E+03   -0.570239365100860596E+00    0.810378789901733398E+00    0.302532347059249862E+00   -0.115570505231013350E+02   -0.619577009141426949E+01    1
    0.332360945558432945E+03    0.618870536886811706E+00    0.271027722004691540E+01    0.206419838309968795E+00   -0.112865097982802176E+02   -0.620358259141426771E+01    1
    0.249915440038318962E+03    0.290205386811310362E+00    0.326215034060613718E+01    0.244442205452989697E+00   -0.111735702199521914E+02   -0.621139509141426327E+01    1
    0.238495783507823944E+03   -0.992922782897949219E-01    0.399277389049530029E+01    0.686277849912643456E-01   -0.110457838900541745E+02   -0.621920759141426949E+01    1
    0.180353739857673645E+03    0.224246144294738770E+00    0.127238929271697998E+01    0.192019150471687328E+00   -0.108728568684111728E+02   -0.622702009141427304E+01    1
    0.296074295043945312E+03    0.180451214313507080E+00    0.832400918006896973E+00    0.502683348655700701E-02   -0.108648246633688714E+02   -0.623483259141427393E+01    1
    0.233637900650501251E+03    0.529459714889526367E+00    0.394502043724060059E+01    0.658840396642684928E-01   -0.107146711188760122E+02   -0.624264509141427482E+01    1
    0.210657954216003418E+03   -0.490715086460113525E+00    0.108837187290191650E+01    0.204911921739578257E+00   -0.105868850734948374E+02   -0.625045759141427126E+01    1
    0.297547890704805013E+03   -0.149001591299212510E+01    0.319596678850773941E+01    0.169525534044879939E+00   -0.105848685510191469E+02   -0.625827009141426860E+01    1
    0.225754137337207794E+03   -0.113499635457992554E+01    0.290286719799041748E+01    0.417841468548774742E+00   -0.105417994530428221E+02   -0.626608259141427304E+01    1
    0.181521248502826211E+03   -0.133368814529030888E+01    0.439558730918964713E+01    0.132028640181762108E+00   -0.105047006366204023E+02   -0.627389509141427126E+01    1
    0.275355061888694763E+03   -0.852156162261962891E+00    0.105935692787170410E+01    0.512381304502487200E-01   -0.104948138245034013E+02   -0.628170759141427304E+01    1
    0.306685279422197198E+03   -0.927548412219439955E+00    0.284639101441919173E+00    0.204123289412836639E+00   -0.104696061938717833E+02   -0.628952009141427304E+01    1
    0.313978683948516846E+03    0.624395966529846191E+00    0.286212980747222900E+01    0.169143165278434759E+00   -0.104416686085943144E+02   -0.629733259141426682E+01    1
    0.273497529929664665E+03    0.563957721747356366E+00    0.882432941930254344E+00    0.236110908668398893E-01   -0.103177358180973524E+02   -0.630514509141426771E+01    1
    0.210600206255912781E+03   -0.449279785156250000E+00    0.673264861106872559E+00    0.333824588513374321E+00   -0.102750392079075610E+02   -0.631295759141427393E+01    1
    0.143904705345630646E+03   -0.861845552921295166E+00    0.210082948207855225E+01    0.193767000174522419E+00   -0.101798647364059924E+02   -0.632077009141427393E+01    1
    0.340413208305835724E+03   -0.182422035932540894E+01    0.238216698169708252E+01    0.301323147583007822E+00   -0.101726777136927087E+02   -0.632858259141427215E+01    1
    0.224524067670283358E+03   -0.796566655247883393E+00    0.119355190422884228E+01    0.161916276358855749E+00   -0.100221019103041549E+02   -0.633639509141427126E+01    1
    0.248598055541515350E+03   -0.121117126941680908E+01    0.335278630256652832E+01    0.207086754441261289E+00   -0.989143268886842542E+01   -0.634420759141426949E+01    1
    0.129487643358095625E+03    0.434575431014119662E+00    0.189383190882006147E+01    0.268547167318002378E+00   -0.974304850932743172E+01   -0.635202009141426949E+01    1
    0.296976241469383240E+03    0.881761610507965088E+00    0.306841909885406494E+01    0.945739536523819008E-01   -0.924625681841313707E+01   -0.635983259141426771E+01    1
    0.173795237782738241E+03   -0.781083046021496363E+00    0.364912816412252816E+01    0.318504110856679290E+00   -0.923732107641389533E+01   -0.636764509141426682E+01    1
    0.202579576547776128E+03   -0.723246117047354753E+00    0.333260179030339287E+01    0.309947103784111055E+00   -0.921922015172110321E+01   -0.637545759141426593E+01    1
    0.261930949291330478E+03   -0.524183898665156800E+00    0.270433070834572753E+01    0.315014229704680626E+00   -0.921530265654210723E+01   -0.638327009141426771E+01    1
    0.153595808148384094E+03    0.829081594944000244E+00    0.344328761100769043E+01    0.422429753136634833E+00   -0.916310030388582675E+01   -0.639108259141427304E+01    1
    0.165445501498798563E+03   -0.264457553971449322E+00    0.960130622906899767E+00    0.448389647755943921E+00   -0.910910382192962587E+01   -0.639889509141427215E+01    1
    0.342678789794445038E+03   -0.101669269800186157E+01    0.284800767898559570E+01    0.105670325732231146E+00   -0.908803191630940077E+01   -0.640670759141427126E+01    1
    0.223194600904692038E+03   -0.933879499911044908E+00    0.310690425434438922E+01    0.301788525571387634E+00   -0.905340959365414299E+01   -0.641452009141427126E+01    1
    0.348774619400501251E+03    0.550628602504730225E+00    0.292952120304107666E+01    0.259383898258209247E-01   -0.889207123695005031E+01   -0.642233259141426949E+01    1
    0.128547650575637817E+03   -0.153673386573791504E+01    0.182334959506988525E+01    0.436587983965873727E+00   -0.887882602861087022E+01   -0.643014509141427215E+01    1
    0.187099951505661011E+03   -0.183267450332641602E+01    0.265960395336151123E+01    0.553575662112236078E+00   -0.881631462296006951E+01   -0.643795759141427748E+01    1
    0.244045732095128130E+03   -0.250608223012139142E+00    0.681407313092968536E+00    0.279141495853387378E+00   -0.879002455774071478E+01   -0.644577009141427570E+01    1
    0.168099707916655404E+03   -0.707795047079406103E+00    0.142826228395528521E+01    0.337331034812519193E+00   -0.877230572665545338E+01   -0.645358259141426771E+01    1
    0.194563999250472477E+03    0.403364717164291786E+00    0.894791676639627553E+00    0.328438539288613940E+00   -0.875364914437674280E+01   -0.646139509141426860E+01    1
    0.336917592285088233E+03   -0.792668073095869730E+00    0.125930134584979481E+01    0.540019010440053071E+00   -0.873889332948425945E+01   -0.646920759141426949E+01    1
    0.185387052595615387E+03   -0.667017757892608643E+00    0.155088841915130615E+01    0.228080909729003911E+00   -0.873220314180268886E+01   -0.647702009141426327E+01    1
    0.304607890546321869E+03   -0.240663826465606689E+00    0.264683604240417480E+01    0.195368519067764285E+00   -0.855241504350964554E+01   -0.648483259141426416E+01    1
    0.165851947665214539E+03   -0.103532528877258301E+01    0.324502527713775635E+01    0.440808343291282656E+00   -0.854295356755769753E+01   -0.649264509141426593E+01    1
    0.256341311335563660E+03   -0.802284955978393555E+00    0.363928079605102539E-01    0.467344509315490764E+00   -0.853913457773909101E+01   -0.650045759141426771E+01    1
    0.184265500307083130E+03   -0.101917552947998047E+01    0.285804152488708496E+01    0.476400643014907865E+00   -0.853826540915060939E+01   -0.650827009141426682E+01    1
    0.160399150848388672E+03   -0.999983429908752441E+00    0.358663320541381836E+01    0.359955402159690852E+00   -0.849343488658535684E+01   -0.651608259141426682E+01    1
    0.186600739050686684E+03    0.929244768703176405E+00    0.188515429084630792E+01    0.324160764484226899E-01   -0.848554773414098662E+01   -0.652389509141426860E+01    1
    0.203665306848374627E+03   -0.184568623002736132E+01    0.370209887609666843E+01    0.184767204003722374E+00   -0.846604895299208415E+01   -0.653170759141427215E+01    1
    0.281438683434025677E+03   -0.175082470517002298E+01    0.285526731136962031E+01    0.212085377395443642E+00   -0.842530426210909233E+01   -0.653952009141427570E+01    1
    0.170454779267311096E+03    0.851292788982391357E+00    0.932247042655944824E+00    0.383657752132415764E+00   -0.840040979593590542E+01   -0.654733259141427926E+01    1
    0.166837589515956608E+03   -0.143978198287242187E+01    0.118209026043350818E+01    0.462794561161052387E+00   -0.839882315578811856E+01   -0.655514509141427837E+01    1
    0.317210987210273743E+03   -0.924512147903442383E+00    0.110844016075134277E+01    0.368354463100433391E-01   -0.830984859147709543E+01   -0.656295759141427215E+01    1
    0.264001333040773829E+03   -0.812796384108051218E+00   -0.217773274441185549E+00    0.530826928130312403E+00   -0.827439633061506896E+01   -0.657077009141427215E+01    1
    0.272439564512668426E+03    0.339908510282058707E-01    0.342725586817417316E+01    0.169258846939880150E-01   -0.809303011834253461E+01   -0.657858259141427482E+01    1
    0.173096768558025360E+03    0.467616915702819824E+00    0.553585290908813477E+00    0.531750433802604672E+00   -0.797009400048544947E+01   -0.658639509141427038E+01    1
    0.277597550472489388E+03   -0.913112533362776535E+00    0.360525325766957394E+00    0.351521744539308512E+00   -0.795275420915907905E+01   -0.659420759141426860E+01    1
    0.213484103977680206E+03    0.632042586803436279E+00    0.177896142005920410E+01    0.342614024162292488E-01   -0.777191099272329389E+01   -0.660202009141426860E+01    1
    0.254360998176207147E+03   -0.115545347650404095E+01    0.128378728384780416E+01    0.172271166500789719E+00   -0.773469956085770960E+01   -0.660983259141427215E+01    1
    0.213944808301132809E+03    0.713957486749600356E+00    0.137806820853296053E+01    0.144787765274411145E+00   -0.772314568585904659E+01   -0.661764509141427659E+01    1
    0.324814485947005892E+03   -0.141925481941220344E+00    0.272051038444266702E+01    0.893958584960924257E-01   -0.772212115537701749E+01   -0.662545759141427837E+01    1
    0.286868661777344187E+03    0.162159235390610501E+00    0.308052480646441929E+01    0.590313652590396185E-01   -0.765119285878048050E+01   -0.663327009141427837E+01    1
    0.231056328117847443E+03   -0.763472497463226318E+00    0.299042940139770508E+01    0.237119370460510265E+00   -0.762936895465141518E+01   -0.664108259141427570E+01    1
    0.161755973697830342E+03   -0.389563171883208437E+00    0.130551364227200839E+01    0.438658959556763206E+00   -0.761986238465621213E+01   -0.664889509141427126E+01    1
    0.133477132857717294E+03   -0.130060588485312545E+01    0.284610245035246301E+01    0.163153177651317566E+00   -0.761707685823941461E+01   -0.665670759141426949E+01    1
    0.297517461035270117E+03    0.340309597866217395E+00    0.252557097693242127E+01    0.183811487756083192E+00   -0.758444842007565345E+01   -0.666452009141427482E+01    1
    0.253881391895469363E+03   -0.167781996742240658E+01    0.382770119485710936E+00    0.465496787512226062E+00   -0.749193825174176542E+01   -0.667233259141427837E+01    1
    0.275425968338657754E+03   -0.961180715580900458E+00    0.201402310441483401E+01    0.397074617749418712E+00   -0.745814434652002767E+01   -0.668014509141427837E+01    1
    0.140311724737262637E+03   -0.179426958097791056E+01    0.314940043082977539E+01    0.703624031778823794E-01   -0.744480028733105925E+01   -0.668795759141427659E+01    1
    0.143099464512133181E+03   -0.106509596437500287E+01    0.181540476350225788E+01    0.417875763164251290E+00   -0.741237790346745840E+01   -0.669577009141427304E+01    1
    0.248909473419189453E+03    0.452733159065246582E+00    0.970449447631835938E+00    0.199588161921501167E+00   -0.740160156164665750E+01   -0.670358259141426682E+01    1
    0.322793449786100155E+03   -0.172439783839947625E+01    0.768194129707691964E+00    0.202914734139308522E+00   -0.737680728507610528E+01   -0.671139509141426149E+01    1
    0.290242421627044678E+03   -0.189096552133560181E+01    0.280527412891387939E+01    0.148499432873725884E+00   -0.729896691182332269E+01   -0.671920759141426238E+01    1
    0.282982123496228951E+03   -0.396497794598917430E+00    0.289863061832955893E+01    0.109573873600192120E+00   -0.729304330434644843E+01   -0.672702009141426149E+01    1
    0.258757761121727413E+03    0.122057589325331506E+00   -0.631606757634965987E-01    0.502063952714743356E+00   -0.725784396046438474E+01   -0.673483259141427038E+01    1
    0.302709020674228668E+03   -0.440738737583160400E+00    0.235049664974212646E+01    0.219402049541473410E+00   -0.725022773699096312E+01   -0.674264509141428192E+01    1
    0.184807440638542175E+03   -0.197531545162200928E+01    0.290153324604034424E+01    0.401756986570358299E+00   -0.719591055876915409E+01   -0.675045759141427837E+01    1
    0.243071824620221662E+03    0.821389626594737798E+00    0.295279549786369522E+01    0.157443688313523400E+00   -0.719351525556925075E+01   -0.675827009141426771E+01    1
    0.271806556595710049E+03    0.148419252821890613E+00    0.419356239889125959E-01    0.438155367794313522E+00   -0.718756820770187588E+01   -0.676608259141426949E+01    1
    0.253078261709720095E+03   -0.144972042301968251E+01    0.412012692563356708E+00    0.467773125586871008E+00   -0.718594392185462993E+01   -0.677389509141427126E+01    1
    0.191982733342543298E+03   -0.814846429576308706E+00    0.167742162742063705E+01    0.262201208928502016E+00   -0.716700292007388295E+01   -0.678170759141426238E+01    1
    0.302139856434228932E+03   -0.197135773195279662E+01    0.156511713254626184E+01    0.449855215104903450E-01   -0.715784217230731734E+01   -0.678952009141426061E+01    1
    0.255417437906224222E+03    0.523884252718120447E+00    0.287503148512797502E+01    0.154205526577519014E+00   -0.713569944436535319E+01   -0.679733259141426327E+01    1
    0.274417003759332829E+03   -0.957412212115903882E+00    0.155067161985835966E+01    0.703877236073868484E-01   -0.709978901577831678E+01   -0.680514509141427482E+01    1
    0.147839123908170222E+03   -0.774549271406255402E+00    0.213345997595024883E+01    0.312440888054205890E+00   -0.703777961902199944E+01   -0.681295759141427570E+01    1
    0.240212887378142511E+03   -0.417372953985400530E+00    0.421572587951973610E+00    0.464667093921778129E+00   -0.695346627296893338E+01   -0.682077009141426860E+01    1
    0.289794211089611053E+03   -0.373421370983123779E+00    0.249379873275756836E-01    0.451785132837295544E+00   -0.695254072517634913E+01   -0.682858259141427482E+01    1
    0.247794224321842194E+03   -0.180348438024520874E+01    0.216843187808990479E+01    0.403868257999420166E+00   -0.693244055844324603E+01   -0.683639509141427926E+01    1
    0.234635816514492035E+03   -0.142505043745040894E+01    0.976019501686096191E+00    0.370047690367698690E+00   -0.692571688034159294E+01   -0.684420759141426682E+01    1
    0.214522628486156464E+03    0.743683278560638428E+00    0.358226299285888672E+01    0.453296273946762127E-01   -0.689038238380462786E+01   -0.685202009141426238E+01    1
    0.213932107796648751E+03    0.428478504719850051E+00    0.718779692812563376E+00    0.407732585410875148E+00   -0.687691556195863196E+01   -0.685983259141427304E+01    1
    0.309179635345935822E+03   -0.176100963354110718E+01    0.292992413043975830E+01    0.426650351285934454E-01   -0.686830617230947560E+01   -0.686764509141426860E+01    1
    0.159936227386850476E+03   -0.130289468902446059E+01    0.320154698969782459E+01    0.377543063261782663E+00   -0.680098703146799011E+01   -0.687545759141427038E+01    1
    0.173447662247749406E+03   -0.928945992396539522E+00    0.253334020409102134E+01    0.508358063204349619E+00   -0.674994078956881083E+01   -0.688327009141427482E+01    1
    0.334318505227565765E+03    0.862719893455505371E+00    0.144457638263702393E+01    0.344713081455230719E+00   -0.673606621539043360E+01   -0.689108259141427215E+01    1
    0.256041293710111404E+03   -0.576184209999836661E+00    0.297860937990283681E+01    0.118675452664643979E+00   -0.671409359464705258E+01   -0.689889509141426771E+01    1
    0.160517971998915129E+03    0.275899462277340746E+00    0.272484444885003896E+01    0.394379533237845456E-01   -0.670679265005353642E+01   -0.690670759141425794E+01    1
    0.125572162169057961E+03   -0.190050121894421542E+01    0.330503117760926735E+01    0.512986388355670453E+00   -0.669722550484656942E+01   -0.691452009141426860E+01    1
    0.173998169859516565E+03    0.177855184886466233E+00    0.761718891055611635E+00    0.563623056102767639E+00   -0.669235667182151328E+01   -0.692233259141427748E+01    1
    0.193549141765465890E+03   -0.306023402255295451E+00    0.369751378960184063E+01    0.818792730034282462E-01   -0.663394728813991996E+01   -0.693014509141427659E+01    1
    0.189532383416574419E+03   -0.343369528472670105E-01    0.202821030220884957E+01    0.162200673062851325E+00   -0.659702289825538823E+01   -0.693795759141427570E+01    1
    0.181140091628389996E+03   -0.112292868524371725E+01    0.221633864699696925E+01    0.193056314802329765E+00   -0.655942644738411751E+01   -0.694577009141427482E+01    1
    0.185715931653976440E+03   -0.866280853748321533E+00    0.159394145011901855E+01    0.346323641538619997E+00   -0.655129662254370437E+01   -0.695358259141427304E+01    1
    0.301387189279789936E+03    0.843158435492466385E+00    0.242568049111188344E+01    0.124486482892318825E+00   -0.653007357410179612E+01   -0.696139509141427038E+01    1
    0.220191081419619820E+03   -0.189690745756005441E+01    0.202845941850738853E+01    0.482747856297565392E+00   -0.648445650218789460E+01   -0.696920759141427393E+01    1
    0.258515224440399606E+03   -0.140368385397428219E+01    0.472743473142052117E+00    0.485052485421151092E+00   -0.644579028288956124E+01   -0.697702009141427038E+01    1
    0.295322512090206146E+03   -0.194317150115966797E+01    0.184036910533905029E+01    0.354429665565490701E-01   -0.643642870049585003E+01   -0.698483259141426505E+01    1
    0.195656302109445562E+03   -0.174485756631656130E+01    0.283911906236838263E+01    0.318688757399506417E+00   -0.636162134730358098E+01   -0.699264509141427038E+01    1
    0.167674407937093349E+03   -0.142058823769338360E+01    0.183849888350861157E+01    0.397192994853273584E+00   -0.634963155943362878E+01   -0.700045759141427126E+01    1
    0.199112862296604646E+03    0.320063318294322663E+00    0.112001278959531625E+01    0.389154474561475561E+00   -0.630035474445250809E+01   -0.700827009141426593E+01    1
    0.236292789044426740E+03   -0.115310488861844718E+01    0.276812509156147968E+01    0.198529759547821899E+00   -0.626818747360445538E+01   -0.701608259141426682E+01    1
    0.164839292484466256E+03   -0.194953588322345039E+01    0.292341836227246965E+01    0.128330617696522042E+00   -0.624805866164196733E+01   -0.702389509141426949E+01    1
    0.184732258319854736E+03    0.292967379093170166E+00    0.379017651081085205E+01    0.387783127784728995E-01   -0.623405775800241102E+01   -0.703170759141427393E+01    1
    0.183044070863871468E+03   -0.160078240627686941E+01    0.290703045521340009E+01    0.419217985169046820E-01   -0.618830926425386441E+01   -0.703952009141427126E+01    1
    0.216503708064556122E+03    0.389004051685333252E+00    0.951006412506103516E+00    0.384989127087593086E+00   -0.617769649079152572E+01   -0.704733259141426593E+01    1
    0.267373263835906982E+03    0.443569302558898926E+00    0.567036867141723633E-01    0.488572916722297690E+00   -0.615988217684350126E+01   -0.705514509141426505E+01    1
    0.289426107315421518E+03    0.260189948610117128E+00    0.223155644215397242E+01    0.192525786999263204E+00   -0.612707825020486663E+01   -0.706295759141427038E+01    1
    0.258304515038561021E+03   -0.154560911707144588E+01    0.209955735768979146E+01    0.326752997972344195E+00   -0.611817821855939314E+01   -0.707077009141427748E+01    1
    0.236436718702316284E+03   -0.778353214263916016E+00    0.966634750366210938E+00    0.400144822955131541E+00   -0.611335567811330893E+01   -0.707858259141427659E+01    1
    0.128444170951843262E+03   -0.789509415626525879E-01    0.356698274612426758E+01    0.222120547771453881E-01   -0.609051369674402565E+01   -0.708639509141427038E+01    1
    0.194193493421087055E+03   -0.164517971101213867E+01    0.240113210423527956E+01    0.419631126005669763E+00   -0.607807854898909561E+01   -0.709420759141427215E+01    1
    0.347958746136379432E+03   -0.138906197197592873E+01   -0.258662272851655217E-01    0.459401913221951508E+00   -0.606579647709226055E+01   -0.710202009141427038E+01    1
    0.290576027183678889E+03   -0.158578138933440460E+01    0.287566293329041489E+01    0.239843868418000220E-01   -0.604728649907369586E+01   -0.710983259141426949E+01    1
    0.259497426065289687E+03    0.197510978576878937E+00    0.268405697129299536E+01    0.127460146619243847E+00   -0.603473433932388215E+01   -0.711764509141427482E+01    1
    0.266952164504672794E+03   -0.104015672522283720E+01    0.193490408283540116E+01    0.334713254878094335E+00   -0.601268410001571763E+01   -0.712545759141426949E+01    1
    0.286264407068416403E+03   -0.100424887335100554E+01    0.111043085896297544E+01    0.520946133817117074E+00   -0.600014506836688977E+01   -0.713327009141426505E+01    1
    0.313550143602970365E+03   -0.123624755407364706E+01    0.296373554683633245E-01    0.509216269274266553E+00   -0.598444042455673042E+01   -0.714108259141426771E+01    1
    0.208744964173868766E+03   -0.148582802332878194E+01    0.231355469760129928E+01    0.387285890396714017E+00   -0.597244581928411566E+01   -0.714889509141426682E+01    1
    0.196729932918067135E+03   -0.116707787015870146E+01    0.240363493830540165E+01    0.152417637012400742E+00   -0.596236562247913682E+01   -0.715670759141426238E+01    1
    0.314890447258949280E+03   -0.577814280986785889E+00   -0.155594348907470703E+00    0.530038339447975182E+00   -0.592636887560347159E+01   -0.716452009141426149E+01    1
    0.188170591353218754E+03   -0.105626323431598479E+01    0.331335247487232465E+01    0.150348702286151076E+00   -0.590517378712771368E+01   -0.717233259141426416E+01    1
    0.192256426436609729E+03    0.972718182841353141E+00    0.725777409938144658E+00    0.506292927744736443E+00   -0.590348828138089132E+01   -0.718014509141426682E+01    1
    0.222672238733248065E+03   -0.135001376982148225E+01    0.145793366023933668E+01    0.571533432858662205E+00   -0.589787519786387104E+01   -0.718795759141426505E+01    1
    0.188072624134954452E+03   -0.166671611751559645E+01    0.307793298692004136E+01    0.183008234027756088E-01   -0.588432605637464157E+01   -0.719577009141426505E+01    1
    0.277487980258295579E+03   -0.178180104154934904E+01    0.214161676785640687E+01    0.364886228287075592E-01   -0.588194967116951162E+01   -0.720358259141426771E+01    1
    0.236415663361549377E+03   -0.112515854835510254E+01    0.196592688560485840E+01    0.385711978769302355E+00   -0.587169690405949929E+01   -0.721139509141426771E+01    1
    0.340911227464675903E+03   -0.907011806964874268E+00    0.994227528572082520E+00    0.422139377403259297E+00   -0.585883716934383703E+01   -0.721920759141426682E+01    1
    0.139436809893268475E+03   -0.152582537652442074E+01    0.212871651004855611E+01    0.499199287785716317E+00   -0.585549907258411828E+01   -0.722702009141426416E+01    1
    0.313392303267826492E+03   -0.136316140443892575E+01    0.117549086155026661E+01    0.209697353307364887E+00   -0.584530624634631213E+01   -0.723483259141426949E+01    1
    0.199841681607639543E+03   -0.427240829321111626E-01    0.308005438316811819E+01    0.167666550451163965E+00   -0.583597850548685848E+01   -0.724264509141427215E+01    1
    0.292558747014785126E+03   -0.114477553996249126E+01    0.158369442852849396E+01    0.136840797087336652E+00   -0.582719257157573445E+01   -0.725045759141426771E+01    1
    0.292988126094557629E+03   -0.168563253191527385E+01    0.941335536873264545E+00    0.347282015753869189E+00   -0.582284455935009237E+01   -0.725827009141427038E+01    1
    0.159949002895874031E+03   -0.114859268235951051E+01    0.244823815417469248E+01    0.499899497854079056E+00   -0.581975922225516662E+01   -0.726608259141427482E+01    1
    0.333169979964838546E+03   -0.128167842627430595E+01    0.226912046228562314E+01    0.803978715669252664E-01   -0.581534152901391010E+01   -0.727389509141427393E+01    1
    0.203322849971182166E+03    0.760560972913900457E+00    0.202936198917205157E+01    0.113644852819356365E+00   -0.580961534690923731E+01   -0.728170759141427215E+01    1
    0.193659977614879608E+03   -0.161502933502197266E+01    0.186616837978363037E+01    0.539040908360481241E+00   -0.580489891504872713E+01   -0.728952009141427304E+01    1
    0.293046804555247661E+03   -0.197361819608305478E+01    0.244327449876662328E+01    0.106574735602820020E+00   -0.577418466061312063E+01   -0.729733259141427304E+01    1
    0.315358452498912811E+03    0.505239009857177734E+00    0.903194546699523926E+00    0.163855809044837958E+00   -0.577248953597770331E+01   -0.730514509141427570E+01    1
    0.257725107919854736E+03   -0.871699953243764369E+00    0.102642362618104865E+01    0.368826690086468123E+00   -0.576766197062473651E+01   -0.731295759141427038E+01    1
    0.292467880177365316E+03   -0.100897163142009672E+01    0.139234230259079261E+01    0.191009003610049466E+00   -0.576496785862680916E+01   -0.732077009141426949E+01    1
    0.222481760599532095E+03   -0.169490536138483394E+01    0.303554099715670844E+01    0.972460801511423889E-01   -0.576194746629514665E+01   -0.732858259141427482E+01    1
    0.186328426560138638E+03   -0.308239397693611306E+00    0.167948656384953487E+01    0.361650882292674891E+00   -0.576182047714850931E+01   -0.733639509141427215E+01    1
    0.254330994402938273E+03   -0.188786260697037145E+01    0.108396888901219235E+01    0.423860175899051783E+00   -0.575488366238002591E+01   -0.734420759141426949E+01    1
    0.214716994762420654E+03   -0.375367581844329834E+00    0.239548504352569580E+01    0.310476857900619518E+00   -0.574991047102271313E+01   -0.735202009141427038E+01    1
    0.159014511132142303E+03    0.935369393306554553E+00    0.245655362980918568E+01    0.146773714035231373E+00   -0.574882407070272272E+01   -0.735983259141427304E+01    1
    0.198263442493595392E+03   -0.297856489644918065E+00    0.192772849893669829E+01    0.259073947406039062E+00   -0.573886776765242956E+01   -0.736764509141427038E+01    1
    0.229833306896605507E+03   -0.429244429943482109E+00    0.178268494916481224E+01    0.205987051782860031E+00   -0.573407195290555549E+01   -0.737545759141427038E+01    1
    0.215421312419280468E+03   -0.125223223188047172E+01    0.219818356192837250E+01    0.363011973113580577E+00   -0.572551625849481649E+01   -0.738327009141427215E+01    1
    0.200539879677955298E+03   -0.149854564960516479E+01    0.217492788884939436E+01    0.414185555043057319E+00   -0.571844326169409989E+01   -0.739108259141427570E+01    1
    0.318268233537673950E+03   -0.958755373954772949E+00    0.136471569538116455E+01    0.345152005648612981E+00   -0.571608697175439584E+01   -0.739889509141427659E+01    1
    0.336454619475311574E+03    0.717791887274009444E+00   -0.578822837044008054E+00    0.525962451815218834E+00   -0.571440606220540737E+01   -0.740670759141427570E+01    1
    0.298838722099213442E+03   -0.857490277879515705E+00   -0.248852127106147236E-01    0.570978961219463010E+00   -0.571248153366003120E+01   -0.741452009141427482E+01    1
    0.255413240743123538E+03   -0.809952904902440096E-01    0.209976553162014845E+01    0.273472851563070163E+00   -0.570276333470709851E+01   -0.742233259141426682E+01    1
    0.188736118431605007E+03   -0.170100919943769480E+01    0.159004028882090864E+01    0.481931574576866750E+00   -0.569288023689055933E+01   -0.743014509141426416E+01    1
    0.213674656407257828E+03   -0.712174819929695113E+00    0.235780447023415896E+01    0.117381358859754661E+00   -0.569148738069239624E+01   -0.743795759141426238E+01    1
    0.213229061745751324E+03   -0.123487832805880204E+01    0.197365893151424387E+01    0.262877318312667418E+00   -0.569057185845853475E+01   -0.744577009141426949E+01    1
    0.180750584783942230E+03   -0.302354482715527340E+00    0.304934765052569823E+01    0.218261098938599130E+00   -0.568114025833226588E+01   -0.745358259141427304E+01    1
    0.152833246604013681E+03   -0.951115555047774563E+00    0.353451515205318145E+01    0.195666667569455721E+00   -0.567804864735408898E+01   -0.746139509141426682E+01    1
    0.148582305037900426E+03   -0.145176715067766393E+01    0.357632002375544289E+01    0.594986090599741654E-01   -0.566470927904612420E+01   -0.746920759141426505E+01    1
    0.243388256146829150E+03   -0.889649879850956005E+00    0.200759184471016372E+01    0.328040444204255766E+00   -0.566413960058411536E+01   -0.747702009141426416E+01    1
    0.163029697956458961E+03   -0.130111270662413281E+01    0.339526112992004059E+01    0.184131616292983136E+00   -0.566325571472774758E+01   -0.748483259141426682E+01    1
    0.158892328042035530E+03   -0.195236258071809443E+01    0.262181992627712912E+01    0.410579857889441013E+00   -0.565917702491975749E+01   -0.749264509141427215E+01    1
    0.159424333549090278E+03    0.785132525168693807E+00    0.359270238192348756E+01    0.136446775066490583E+00   -0.565370785658617780E+01   -0.750045759141427659E+01    1
    0.186929874116090588E+03   -0.166234484351223899E+01    0.311455923311261529E+01    0.513668193752529617E-01   -0.564879226694273040E+01   -0.750827009141427748E+01    1
    0.303128570279477117E+03   -0.137406672331741109E+01    0.100463614786648847E+01    0.472054680781873293E+00   -0.564868246434978705E+01   -0.751608259141427304E+01    1
    0.282359351069693162E+03    0.453534023486580118E+00    0.888545139927909844E-01    0.487174351323572119E+00   -0.564741359649847841E+01   -0.752389509141426505E+01    1
    0.237681127159916002E+03   -0.663817237332529730E+00    0.169344585935100600E+01    0.428279082498205010E+00   -0.564311466943484330E+01   -0.753170759141426505E+01    1
    0.307723535144805453E+03    0.700002120993770127E-01    0.994524536227595846E+00    0.208283279006708816E+00   -0.563737415043138856E+01   -0.753952009141426505E+01    1
    0.333395615781900290E+03   -0.756322014315691238E+00    0.595928448605780758E+00    0.326297338727143171E+00   -0.562703861541821837E+01   -0.754733259141426505E+01    1
    0.223616832494735718E+03   -0.432872712612152100E+00    0.189563035964965820E+01    0.208673500370979315E+00   -0.562576859345227653E+01   -0.755514509141427393E+01    1
    0.287512549757957458E+03   -0.848244607448577881E+00    0.198097407817840576E+01    0.223888185739517215E+00   -0.561887353666548961E+01   -0.756295759141428103E+01    1
    0.271799601819690793E+03   -0.100329214281728762E+01    0.119881504268370342E+01    0.310141252035139703E+00   -0.561592850804766641E+01   -0.757077009141427126E+01    1
    0.283835637928284086E+03   -0.155296806138652510E+01    0.265303538594372768E+01    0.370739296548926317E-01   -0.561184193699727363E+01   -0.757858259141426327E+01    1
    0.127998991310596466E+03   -0.190142560005187988E+01    0.426002204418182373E+01    0.251008003234863275E-01   -0.561162072904605402E+01   -0.758639509141426505E+01    1
    0.153422796314579813E+03   -0.195501116899824590E+01    0.272437292727633107E+01    0.381232218181609350E+00   -0.560860693258955401E+01   -0.759420759141427126E+01    1
    0.158513034880161285E+03   -0.181857573986053467E+01    0.382261931896209717E+01    0.450410940170288127E-01   -0.560268236560571165E+01   -0.760202009141427393E+01    1
    0.172530460357666016E+03    0.389511704444885254E+00    0.141462981700897217E+01    0.456354277396202102E+00   -0.559848079294649281E+01   -0.760983259141427126E+01    1
    0.312750034908690111E+03   -0.931107559391643358E+00    0.102933972142531527E+01    0.260881530881460211E+00   -0.559657643328701138E+01   -0.761764509141427304E+01    1
    0.159246724168860169E+03   -0.905324810436164640E+00    0.321740300697085324E+01    0.243165066342103220E+00   -0.559175812532069738E+01   -0.762545759141426949E+01    1
    0.170528562725074437E+03   -0.183885794452098383E+01    0.329332664542958398E+01    0.126595771203216578E+00   -0.559121241016230908E+01   -0.763327009141426949E+01    1
    0.197331474482338763E+03   -0.434673908813226761E+00    0.174568767068369368E+01    0.346149525853034268E+00   -0.557269345084706558E+01   -0.764108259141427304E+01    1
    0.166453902423381805E+03   -0.169883406162261963E+01    0.334341824054718018E+01    0.117413808202743539E+00   -0.557015958208847817E+01   -0.764889509141427393E+01    1
    0.271364544867725556E+03   -0.901934850490700102E+00    0.462052864207906921E+00    0.521675251964668574E+00   -0.556604976251988059E+01   -0.765670759141426949E+01    1
    0.279166635689908389E+03   -0.181649582894152317E+01    0.223365523361325646E+01    0.695369194466368273E-01   -0.556381859886461783E+01   -0.766452009141426771E+01    1
    0.172562560492562284E+03   -0.168374449150826866E+01    0.330280078341444749E+01    0.100348464139417212E+00   -0.555892938701215300E+01   -0.767233259141426682E+01    1
    0.165988850985934675E+03   -0.940815069529096437E+00    0.384288475376548710E+01    0.244272366392306456E-01   -0.555189616983895018E+01   -0.768014509141426771E+01    1
    0.286777627239738763E+03   -0.161040804614951782E+01    0.222741319295093732E+01    0.134180050170703641E+00   -0.554860513169346614E+01   -0.768795759141427126E+01    1
    0.192036206164831469E+03   -0.165442684665925066E+01    0.293814409106639918E+01    0.164068073953537397E+00   -0.554852830301674160E+01   -0.769577009141427393E+01    1
    0.286192286014556885E+03   -0.187844532728195190E+01    0.181463479995727539E+01    0.190799067449569704E+00   -0.554729682067790364E+01   -0.770358259141427570E+01    1
    0.289925811335930348E+03   -0.172030152039006223E+01    0.264593248458746100E+01    0.595213285607074701E-02   -0.554649998582143322E+01   -0.771139509141427304E+01    1
    0.165501449214239017E+03   -0.104417389570203301E+01    0.350002725960423433E+01    0.707875419286953765E-02   -0.554221907023178328E+01   -0.771920759141427215E+01    1
    0.272582083348396054E+03   -0.142530991395720030E+01    0.256520738280733696E+01    0.729358253528999412E-01   -0.553847683360191922E+01   -0.772702009141426860E+01    1
    0.130644910298232361E+03   -0.153909932078949274E+01    0.293044823368238117E+01    0.387598099877351332E+00   -0.553778246293607790E+01   -0.773483259141426682E+01    1
    0.256798349803269844E+03   -0.463649691452760138E+00    0.202257542613012120E+01    0.272200673275923122E+00   -0.553620325205550934E+01   -0.774264509141426860E+01    1
    0.208563494718112935E+03   -0.136194940561080480E+01    0.219849608571790256E+01    0.255756845459229332E+00   -0.553617300331093887E+01   -0.775045759141427126E+01    1
    0.296957756185014546E+03   -0.449974994544917628E+00    0.209309562824032014E+00    0.509834385630771436E+00   -0.553514438101543949E+01   -0.775827009141427570E+01    1
    0.284693654801171249E+03   -0.798867369245525927E+00    0.101711969587482365E+01    0.487612374411305893E+00   -0.553201055875460401E+01   -0.776608259141427570E+01    1
    0.266951982676982880E+03    0.581465959548950195E-01    0.187775850296020508E+01    0.284859140324592586E+00   -0.552773400492053746E+01   -0.777389509141427215E+01    1
    0.131024251373173541E+03   -0.143124119095822211E+01    0.395065289139736109E+01    0.767147825189340854E-01   -0.552366340776302955E+01   -0.778170759141426682E+01    1
    0.238494362798015999E+03   -0.107283368418009362E+01    0.194388870360636012E+01    0.330291112031052880E+00   -0.552092253379900200E+01   -0.778952009141426416E+01    1
    0.292805829889595088E+03   -0.245613249291925406E+00    0.799617114378092353E+00    0.343804099562544763E+00   -0.551799207093648025E+01   -0.779733259141426682E+01    1
    0.277682119082553811E+03   -0.187604701888495140E+01    0.213988621269527091E+01    0.138466472988738182E+00   -0.551492435319512531E+01   -0.780514509141427038E+01    1
    0.268287879347229364E+03   -0.111910016088147080E+01    0.215215544388052216E+01    0.756665484821366363E-01   -0.551485643229512412E+01   -0.781295759141427038E+01    1
    0.246612768276121699E+03   -0.123598251471898135E+01    0.102505911059250288E+01    0.568531999954874245E+00   -0.551393251085778502E+01   -0.782077009141427304E+01    1
    0.255806633499908912E+03   -0.107272741010275396E+00    0.177697607091910825E+01    0.146963953637770955E+00   -0.551348137824814621E+01   -0.782858259141427038E+01    1
    0.152071388065814972E+03   -0.102014309167861938E+01    0.322724759578704834E+01    0.254545872116088867E+00   -0.551188252358999886E+01   -0.783639509141426327E+01    1
    0.273161547721530383E+03   -0.165858180554834611E+01    0.117895276330099641E+01    0.444662071842964746E+00   -0.550181404853185985E+01   -0.784420759141426505E+01    1
    0.223407734373686708E+03   -0.240094976659175341E+00    0.311252259691346467E+01    0.370197526764989987E-01   -0.550145544023225952E+01   -0.785202009141426771E+01    1
    0.213906717223230601E+03   -0.967141723071197390E+00    0.232393411872903943E+01    0.179014807202996923E+00   -0.549653784069976048E+01   -0.785983259141426682E+01    1
    0.165417416369146565E+03   -0.104951040791165773E+01    0.165387062717205779E+01    0.558436214756952709E+00   -0.549616017456135886E+01   -0.786764509141426416E+01    1
    0.164030424696665591E+03   -0.490087488900670554E+00    0.251776780255946964E+01    0.263560142356493055E+00   -0.549348407004752204E+01   -0.787545759141426682E+01    1
    0.172342184204917089E+03   -0.473961748748579881E+00    0.249338061270790945E+01    0.235090846162525346E+00   -0.549265303340256938E+01   -0.788327009141426682E+01    1
    0.266808444261550903E+03   -0.149443703889846802E+01    0.235779881477355957E+01    0.130005763721466078E+00   -0.549094153578398192E+01   -0.789108259141426682E+01    1
    0.247785086303532239E+03    0.239674584212619113E+00    0.194120331923215339E+01    0.311108056916085174E+00   -0.548962969983485838E+01   -0.789889509141427570E+01    1
    0.182329416287832913E+03   -0.135391840679756692E+01    0.169184457198636817E+01    0.556518732538208050E+00   -0.548826376222577039E+01   -0.790670759141427926E+01    1
    0.203347438948094691E+03   -0.548413813285168583E+00    0.245900850888068678E+01    0.288592547391883447E+00   -0.548627770028860429E+01   -0.791452009141427482E+01    1
    0.328258020470723125E+03   -0.146098319867266646E+01    0.106318144268834835E+01    0.365274430402503014E+00   -0.548341950167090708E+01   -0.792233259141427482E+01    1
    0.262475332040244894E+03    0.647623216880365504E+00    0.141818062313528159E+01    0.416692075724968691E+00   -0.548259506855579648E+01   -0.793014509141427393E+01    1
    0.182740702355633715E+03   -0.120929056262124557E+01    0.289007249625587370E+01    0.135282904630343065E+00   -0.548009824416224589E+01   -0.793795759141427215E+01    1
    0.322748463241583181E+03    0.431120865310652412E-01    0.897752964151950827E+00    0.228076175740776821E+00   -0.547882022034053229E+01   -0.794577009141427126E+01    1
    0.193763770256121347E+03   -0.383320840783138106E+00    0.209887665293173775E+01    0.267805543771127974E+00   -0.547535889894355599E+01   -0.795358259141427304E+01    1
    0.154690990891523143E+03   -0.130071739043416490E+01    0.265476557172122707E+01    0.351944873716549977E+00   -0.547464523189966457E+01   -0.796139509141427748E+01    1
    0.248601046204566956E+03   -0.151083928346633911E+01    0.115839838981628418E+01    0.482648412466049226E+00   -0.547453613809145700E+01   -0.796920759141427482E+01    1
    0.204214253845163569E+03   -0.120668041032567208E+01    0.273939204796432456E+01    0.184877148308795924E+00   -0.547442241427105269E+01   -0.797702009141426860E+01    1
    0.158272578967343776E+03   -0.122667456594141888E+01    0.295152735308317382E+01    0.241461016577687204E+00   -0.546919191525283921E+01   -0.798483259141427126E+01    1
    0.207189588003821541E+03   -0.667257540011773953E+00    0.157245993267931183E+01    0.527818113633006569E+00   -0.546834390942307547E+01   -0.799264509141426949E+01    1
    0.269510903954505920E+03    0.354690551757812500E+00    0.164973139762878418E+00    0.528911909508705147E+00   -0.545465495836735581E+01   -0.800045759141426771E+01    1
    0.318813242160309187E+03   -0.151661813680570123E+01    0.202667567533319648E+01    0.512626983022428651E-01   -0.545206839953549594E+01   -0.800827009141427126E+01    1
    0.248060070605547367E+03   -0.444870601545485966E+00    0.143312928646810978E+01    0.445302619929351495E+00   -0.544736851908190101E+01   -0.801608259141427482E+01    1
    0.230751029080624846E+03   -0.503182134035491613E+00    0.292606430982488863E+01    0.580186406366650295E-01   -0.544568171401047696E+01   -0.802389509141427659E+01    1
    0.156714806304216609E+03    0.543868651406009818E-02    0.290703672411476255E+01    0.144618942437948206E+00   -0.544338327294808444E+01   -0.803170759141426949E+01    1
    0.168797875981377871E+03   -0.408664860109553274E+00    0.193260256426514676E+01    0.554106324291638419E+00   -0.543967377565539767E+01   -0.803952009141427126E+01    1
    0.187599237423127221E+03   -0.908556485097470112E+00    0.196057826418529402E+01    0.376936040616561163E+00   -0.543495674900745307E+01   -0.804733259141426949E+01    1
    0.330821031000028938E+03   -0.111577606728796352E+01    0.998673636287823463E+00    0.372481127820879332E+00   -0.543134816553114597E+01   -0.805514509141426593E+01    1
    0.219609528719886498E+03   -0.961398454322710094E+00    0.237906252444651756E+01    0.168551190214074220E+00   -0.542929819995226026E+01   -0.806295759141426949E+01    1
    0.185861704353934101E+03   -0.648408596009384830E+00    0.224160895894849777E+01    0.390558414177704705E+00   -0.542759418569363916E+01   -0.807077009141426949E+01    1
    0.263316180644033579E+03   -0.231457199018575199E+00    0.273715683137486732E+01    0.313465321544486517E-01   -0.541252404348459049E+01   -0.807858259141426949E+01    1
    0.185015115074500272E+03   -0.850500918333282563E+00    0.229082026698175767E+01    0.368419312668632926E+00   -0.541126155715391555E+01   -0.808639509141426949E+01    1
    0.148508542776107788E+03   -0.992337524890899658E+00    0.287431478500366211E+01    0.321878344559669516E+00   -0.540910242478769643E+01   -0.809420759141427482E+01    1
    0.142516733112824397E+03   -0.820674924731191524E+00    0.203341386735932517E+01    0.557837187465007323E+00   -0.540897892561133808E+01   -0.810202009141427482E+01    1
    0.156666366889242170E+03    0.349686149269447633E+00    0.226248885273973954E+01    0.302079794432504989E+00   -0.540871730884058888E+01   -0.810983259141427482E+01    1
    0.214577447134168096E+03    0.635442873603356162E+00    0.244329530574062037E+01    0.101198531706921287E-01   -0.540232001788713223E+01   -0.811764509141427126E+01    1
    0.186595186066042004E+03    0.289227764379852204E+00    0.241396180632679247E+01    0.141596436544931537E+00   -0.540072420777325846E+01   -0.812545759141427126E+01    1
    0.263106580200414328E+03   -0.917296342434786416E+00    0.166865796051840043E+01    0.323840838926616026E+00   -0.540020747808961588E+01   -0.813327009141427659E+01    1
    0.307300883768825656E+03   -0.608726477109714725E+00    0.171653616957421562E+01    0.217579786864346453E+00   -0.539876528122187604E+01   -0.814108259141426949E+01    1
    0.252005913055642964E+03   -0.114208930464300362E+01    0.123902928897743614E+01    0.434960280017475887E+00   -0.539789335132581449E+01   -0.814889509141426593E+01    1
    0.253537021263199279E+03    0.646791728845981240E+00    0.270615328881727013E+01    0.630893135313321668E-01   -0.539323248770013031E+01   -0.815670759141426238E+01    1
    0.158436184477213573E+03    0.815103361009632543E+00    0.215363620169137793E+01    0.529636963554917295E+00   -0.539206332045906578E+01   -0.816452009141426949E+01    1
    0.240325020594554758E+03   -0.884538702698062673E+00    0.223231539172547766E+01    0.148162604370109502E+00   -0.538664515781729136E+01   -0.817233259141426949E+01    1
    0.298492073385489164E+03   -0.111694936719891080E+01    0.207888056860112780E+01    0.114414353151374229E+00   -0.538646441795981268E+01   -0.818014509141426061E+01    1
    0.281377092772887863E+03   -0.287163085980612909E+00    0.177620129810813321E+01    0.254136385849080160E+00   -0.538446375084561790E+01   -0.818795759141426061E+01    1
    0.300727075437828660E+03   -0.775896281379883979E+00    0.215631718190855270E+01    0.387951168303484568E-02   -0.538235743612746553E+01   -0.819577009141427126E+01    1
    0.269278259179750705E+03   -0.207968659272265821E+00    0.170805214304208253E+01    0.157735614631668630E+00   -0.538219125567294299E+01   -0.820358259141428015E+01    1
    0.204503746024968990E+03    0.597271558110922474E+00    0.321158738959303491E+01    0.582110502849002079E-01   -0.538108443861888830E+01   -0.821139509141427659E+01    1
    0.146984429736290423E+03    0.946104101273889331E+00    0.385258423716960685E+01    0.802695650682185152E-01   -0.537897141265495105E+01   -0.821920759141426949E+01    1
    0.290809400379657745E+03   -0.216480851173400879E+00    0.258577585220336914E+01    0.562863557338714581E-02   -0.537843557507913683E+01   -0.822702009141426061E+01    1
    0.265540108084678650E+03    0.680938363075256348E+00    0.247224092483520508E+01    0.952996712207794250E-01   -0.537706499683569472E+01   -0.823483259141425883E+01    1
    0.213091036369766357E+03   -0.737645941649355041E+00    0.241595342633629251E+01    0.236852785381098496E+00   -0.537428220448824945E+01   -0.824264509141426238E+01    1
    0.312367167927989613E+03   -0.122156584020763415E+01    0.417343128094977978E+00    0.541076956253269348E+00   -0.537261922356116184E+01   -0.825045759141426593E+01    1
    0.255340980928197297E+03    0.396972284899082428E+00    0.182922161122933247E+01    0.102639685528133767E+00   -0.537026191106256512E+01   -0.825827009141427126E+01    1
    0.136505121847466398E+03   -0.467773644372655450E+00    0.229756165102718057E+01    0.482934187263251546E+00   -0.536429721125656123E+01   -0.826608259141428015E+01    1
    0.216295184459831404E+03   -0.679201632367620656E+00    0.182669741273018271E+01    0.331338332440476557E+00   -0.535856881480367964E+01   -0.827389509141427304E+01    1
    0.299750274965221479E+03   -0.877738641461538238E+00    0.167015159802814228E+01    0.161361486494408901E+00   -0.535824928909841169E+01   -0.828170759141426949E+01    1
    0.245086098427838095E+03   -0.398362142825561927E+00    0.221278608649626030E+01    0.101474862462166943E+00   -0.535783818664266054E+01   -0.828952009141427659E+01    1
    0.341485059323497069E+03   -0.675416447211529603E+00    0.186385611546179053E+01    0.951516998741858966E-01   -0.535314968819227310E+01   -0.829733259141427482E+01    1
    0.267419671528561594E+03   -0.843355041870325506E+00    0.743537017360159425E+00    0.560249742475088186E+00   -0.535235244432996993E+01   -0.830514509141426593E+01    1
    0.251958523132281755E+03   -0.551917996441890102E+00    0.995933169699964260E+00    0.446846904948584200E+00   -0.534825105536181589E+01   -0.831295759141426771E+01    1
    0.173684809531235317E+03   -0.696009455483497019E+00    0.240603853168545889E+01    0.321957895149241058E+00   -0.534816450493262963E+01   -0.832077009141426949E+01    1
    0.128868958542496756E+03    0.590172220515429835E+00    0.248139782249835239E+01    0.351672620286620552E+00   -0.534811299006963736E+01   -0.832858259141427126E+01    1
    0.322634666979770941E+03   -0.102000495661922486E+01    0.100142652963647993E+01    0.339143330969722379E+00   -0.534680029604788487E+01   -0.833639509141427482E+01    1
    0.191012405645315312E+03   -0.522364488156826345E+00    0.242640495201784390E+01    0.299956437177247071E+00   -0.534577921403709855E+01   -0.834420759141427126E+01    1
    0.267638288866588141E+03   -0.931642537210700894E+00    0.228120634174927339E+01    0.810800219987391907E-01   -0.534570692126782099E+01   -0.835202009141427126E+01    1
    0.146067611873149872E+03   -0.182760834693908691E+00    0.235112607479095459E+01    0.512093487596511854E+00   -0.534464284234379505E+01   -0.835983259141427126E+01    1
    0.328364100950042939E+03   -0.305622342458878427E+00    0.954476582459546030E+00    0.377041154055577477E+00   -0.534034735824224516E+01   -0.836764509141427126E+01    1
    0.302549586372677368E+03    0.997058803167272245E+00    0.157436895186629311E+01    0.177956720077969387E-01   -0.533906494090836325E+01   -0.837545759141427659E+01    1
    0.188430028354382159E+03   -0.728335611714959752E+00    0.264236929537029486E+01    0.210445818221646069E+00   -0.533690616905567694E+01   -0.838327009141427659E+01    1
    0.190227167412633833E+03   -0.419350895821623659E+00    0.305312250461012979E+01    0.366689183548202929E-01   -0.533648294616206975E+01   -0.839108259141427482E+01    1
    0.343427452256099571E+03   -0.358252633697158984E+00    0.154320545126357178E+01    0.180866392656571034E+00   -0.533359614731072185E+01   -0.839889509141427126E+01    1
    0.247036063423324549E+03   -0.502902014934568653E+00    0.214069624957818228E+01    0.216406301151011476E+00   -0.533321743506903534E+01   -0.840670759141426771E+01    1
    0.168299493614431810E+03   -0.572043093239871459E+00    0.328262927046925945E+01    0.844956619043641527E-01   -0.533297032584154529E+01   -0.841452009141426949E+01    1
    0.318542916866238045E+03   -0.159520675199783080E+00    0.126597482267766992E+01    0.305819554046311948E+00   -0.532338812349881607E+01   -0.842233259141427304E+01    1
    0.343731395900249481E+03    0.446379184722900391E+00    0.301253199577331543E+00    0.532640462207794263E+00   -0.532068614604232248E+01   -0.843014509141427126E+01    1
    0.304077935998307794E+03   -0.322207399412265616E+00    0.160772863622111117E+01    0.237012439345182901E+00   -0.530919505319161278E+01   -0.843795759141427304E+01    1
    0.304253805197983127E+03   -0.878002852491306607E+00    0.482818001387402163E+00    0.516700990783940273E+00   -0.530814685234410710E+01   -0.844577009141427482E+01    1
    0.299515852406474892E+03   -0.517461533516337502E+00    0.166991789727935025E+01    0.143492905587266129E+00   -0.530759307853167783E+01   -0.845358259141427126E+01    1
    0.282952606678009033E+03   -0.526978194713592529E+00    0.143050849437713623E+01    0.254347341227531443E+00   -0.530590179584911681E+01   -0.846139509141426949E+01    1
    0.274139280725928472E+03    0.198466581255414276E+00    0.395790662542465199E+00    0.487205504218646668E+00   -0.530500759799510835E+01   -0.846920759141426949E+01    1
    0.302386291637598561E+03   -0.496778651474643507E+00    0.321436673644212689E+00    0.514180125860271175E+00   -0.530226666343867947E+01   -0.847702009141427482E+01    1
    0.159833851068647334E+03   -0.315078313083187567E+00    0.281907426999606781E+01    0.225147469646466425E+00   -0.530170294041247914E+01   -0.848483259141427837E+01    1
    0.306301228857629098E+03   -0.622969952663805060E+00    0.125891098721519157E+01    0.320473338314752942E+00   -0.530168645908331904E+01   -0.849264509141427482E+01    1
    0.339525846668567056E+03   -0.268757128245851407E+00    0.143376449309450749E+01    0.213494871861516750E+00   -0.530137076964082254E+01   -0.850045759141426771E+01    1
    0.210110740427273072E+03    0.698608765205003479E+00    0.229346187992075912E+01    0.764490614962304305E-01   -0.530016661801295186E+01   -0.850827009141426949E+01    1
    0.330509733898919649E+03   -0.823529634024363411E+00    0.169707606673247557E+01    0.119005075525286025E+00   -0.529693450008713818E+01   -0.851608259141427482E+01    1
    0.256192208757755679E+03   -0.516383636236904531E+00    0.265659124222560550E+01    0.360522030341826963E-01   -0.529656182900515837E+01   -0.852389509141427126E+01    1
    0.217887767262234917E+03   -0.180053614628078673E+00    0.281119755532781124E+01    0.982783079241911078E-01   -0.529006404161319033E+01   -0.853170759141427126E+01    1
    0.191869612528707648E+03    0.447066476833142268E+00    0.342685621863947709E+01    0.217334707368039039E-01   -0.528803041455724898E+01   -0.853952009141426949E+01    1
    0.315922985167756565E+03   -0.629695215458105917E+00    0.388672509093761498E+00    0.486601479942752657E+00   -0.528669129809433525E+01   -0.854733259141426949E+01    1
