 F
       12931       23721           3        1024
   -0.342006290627613438E+02   -0.276099047010978857E+02
 T
   2
    0.200000000000000000E+01    0.300000000000000000E+01    0.936523437500000000E+00    0.634765625000000000E-01
   0
   0
 T T     0           0
    0.000000000000000000E+00   -0.100000000000000002+101    0.000000000000000000E+00
 T F     1         959
    0.706244318264596223E-05   -0.342017439072391340E+02   -0.276037545912245186E+02
 T F     1          65
    0.687741413614961739E-05   -0.410002267987081126E+02   -0.331233932825066404E+02
