luminosity_distance KNphi inclination_EM KNtimeshift log10_mej_dyn log10_mej_wind Ebv log_likelihood log_prior
6.272167886952063 22.41333167174126 0.7306479181290156 -0.08816771888408304 -1.0939664515216432 -2.9659557509693326 0.46792636181465147 -10.388090528147547 -10.008046059011273
5.212308943271637 48.688919842243195 0.6573039757662437 0.6116159558296204 -2.3240238428115845 -0.7343696355819702 0.5112146497964859 -8.907110234762841 -10.631319088020792
2.9763862131155943 49.0207073333338 0.6185937350700187 -0.7274773358372104 -2.675837529673583 -1.2939745338112958 0.288293258347553 -8.203823293165566 -9.148110387039772
2.342152178287506 32.54399925470352 0.5694394631043795 -1.4258606433868408 -1.5012176036834717 -1.4282748401165009 0.26125945050716404 -7.669628511641262 -9.130041736744747
2.290545787724852 43.855074689267745 0.5306659503122065 -0.6968407439867232 -1.3785705708036136 -1.8504650831718799 0.27477322461107495 -7.206206849400462 -9.237708944217655
2.36919367313385 36.229190826416016 0.23512075921912318 -0.8073135614395142 -1.289962649345398 -2.2211775481700897 0.04362817776203156 -7.13955641422258 -9.438873349835736
1.4182173169502585 34.034965592462186 0.5144428868521704 -0.057679704606055315 -1.050973873137145 -1.642381823253185 0.12238950951141908 -6.561519522322947 -8.852447863591525
5.011174654211943 37.090819861021515 0.33060197260403723 -0.3358934594924725 -1.2599298020738865 -0.9041262016551443 0.0665730268171472 -6.51251108655199 -9.15147223090216
2.2099364681957416 20.054268180044577 0.7212484056583709 -1.4356607175753822 -1.122164883662076 -1.4530275693724455 0.27797468729244473 -6.438802815816835 -8.98254489167593
2.914180823111597 40.47847372848247 0.7303797042654392 -0.2243972182454237 -1.5926812047199197 -1.5074047509473019 0.5408154176643101 -6.354917138979093 -11.204611129868072
4.17113327601525 41.306500697572936 0.7080613206992337 0.1984787838262405 -2.1151342815956804 -1.2456065526756261 0.06153855987638915 -6.322883907326386 -8.446670903213178
2.9066681265830994 35.35402685403824 0.7233689306180845 0.7744478583335876 -2.6658469438552856 -0.8860634565353394 0.08952859425544739 -6.122547810320745 -8.485413362885005
2.1202963908145898 21.642072710591233 0.584888779875691 -0.6059693395876371 -1.5667939061907767 -1.77416976565945 0.5242080217106873 -6.104121373353474 -10.971365113408648
6.235325455665588 33.340621292591095 0.4374318308358036 -0.5245168209075928 -1.8481425046920776 -0.7711951732635498 0.5105238687515259 -6.089790493563608 -10.986340570142236
1.6624465245215143 40.63495829881083 0.31353441179731045 -0.6649689047222735 -2.1003546556776893 -1.5859491308274087 0.35364593490530555 -5.994781733739783 -10.04087970210032
4.8276558318943525 32.99457606718812 0.7262322614479984 -1.0642330604168024 -2.464100372156746 -0.7159893143445966 0.16880936979258834 -5.975063211242968 -8.661529442868325
3.581080650919864 23.52253477457382 0.647344728201449 -0.7780960562783616 -2.3580977567236157 -1.1422326704416084 0.09205303278512794 -5.961199930899299 -8.583756211902283
4.123733878135681 37.276504933834076 0.6034405609394143 -0.12613189220428467 -1.212707757949829 -1.1319397687911987 0.09529967122077942 -5.905600198346223 -8.65136884172178
2.9442598892616245 35.57022424961525 0.6163820906017828 0.6331113938072543 -1.3151483962214747 -1.5657625043380574 0.07080096832967572 -5.872409740842812 -8.58277380144521
1.7024834156036377 46.73800736665726 0.5604166068934566 -0.3064206838607788 -1.6642347574234009 -2.765007644891739 0.5291468439817428 -5.83665389071929 -11.117451927195708
1.7221381068229675 25.43293446302414 0.7612326366302785 0.9592525959014893 -1.7439768314361572 -2.694492220878601 0.069803071475029 -5.827620774803556 -8.404087873116401
3.8561959291393673 30.610740065585624 0.34822042705880013 0.744665880039789 -2.5731173170537844 -0.7963160791461918 0.5719717171588771 -5.745465594426567 -16.175726600570904
1.1994659526044344 30.48082589648085 0.6797762055109836 -0.34747342152924254 -2.314979407881986 -1.5402858526818024 0.009012025687220886 -5.733411894044654 -8.382805088189455
1.9230682849884033 23.245344758033752 0.18338439126460945 -0.7429049611091614 -1.352399468421936 -2.154343754053116 0.43436862766742707 -5.727748293801731 -11.026844760723199
1.7866136006245177 22.745844920010235 0.21688001427335918 -0.429875228643559 -1.7718051764626466 -2.6646181435507637 0.3334282095429623 -5.694397391114298 -10.312460969342876
1.7561882138252258 28.278468549251556 0.6566831158977252 -0.9844496846199036 -1.420364260673523 -1.7006156146526337 0.4207424282312393 -5.6923085418695685 -9.724406664875668
1.3627925514465855 30.597137136128907 0.6100039936360687 0.44441480865916105 -1.6584788385719091 -2.806702812027735 0.34329108273881614 -5.645528787842581 -9.37544132835337
2.462115643419131 42.83706218359538 0.34143070873731957 0.7221976411948035 -2.1961424770734563 -1.6810306224778486 0.5238590339735043 -5.586714802775728 -11.464251294745692
1.3420582794316158 26.11864989814986 0.6710387001653837 -1.6600946267324486 -1.285767328674578 -1.749982777574075 0.06461005144346318 -5.52377241973627 -8.497612872126211
1.2664147019386292 48.47604990005493 0.22923426708960987 0.17707699537277222 -2.6152429580688477 -2.699702560901642 0.143679727935791 -5.511678841704086 -9.67352324477574
2.6218188197123977 31.77078290204428 0.5677617528263843 -0.3751822660439301 -1.9313693445160651 -1.3391960923255422 0.46627692624296596 -5.496969131593055 -10.208312523946663
4.224327204324952 22.488981618659377 0.36624063735205936 -0.8585997347297536 -1.3920904307160509 -0.6196254951837812 0.11695223329897361 -5.429380459756055 -9.158183480936755
4.223050538102765 42.95693590574861 0.7681920840502545 -0.280476226719518 -1.5136027093249897 -0.7585831413795616 0.0831431807787929 -5.409921818864165 -8.423735286164293
2.446498274449967 15.037862465543542 0.4251710869161707 -0.47168693116526983 -1.1349256773183785 -2.375347932328697 0.40128704660067926 -5.401142078259889 -9.995795470692778
2.1510003946005236 19.396194064338058 0.4006987816206286 -0.4393798704089682 -1.2663339628014627 -2.261588777783982 0.4624986883978411 -5.368563315993072 -10.494410777842717
2.400197157385097 23.664722466018734 0.6624790798027682 -0.17237817192871274 -1.4541955823287844 -1.8521451769020683 0.0367337063505326 -5.363035890592869 -8.455045912283696
1.9015896916389465 35.918052196502686 0.6694581943992414 -0.21648085117340088 -1.4828448295593262 -2.975416511297226 0.5394260971784592 -5.346646742416066 -11.233958253061607
3.4502892169131743 22.65008607472673 0.3956202410883406 -1.1731600992219222 -1.2919330297019567 -0.6444589420663829 0.430767788021334 -5.3104701028456995 -10.252833889368777
3.6166666636254905 25.009938853291935 0.30901969694671977 -1.6452261257709289 -1.683102599819184 -0.8225797541634803 0.13521171381691366 -5.306824587639261 -9.36249645216789
2.61586232626689 20.665759339629503 0.7213584176505459 0.04965974532080475 -2.519289305624726 -1.4758462340980802 0.013931213573616968 -5.28966830197099 -8.342246424524777
2.667545437812805 42.43171513080597 0.41146367553006097 -0.6142658591270447 -1.5946635007858276 -1.211706131696701 0.41383304836750034 -5.273928112960992 -10.102779314121818
2.4971477590428157 20.355030421010156 0.39909428602946495 -0.8115021738956412 -1.730507177521311 -1.2451501790187052 0.3986439532578567 -5.2653424015470875 -10.040137377762308
2.5622287386689537 39.94597451771983 0.27242531929637526 0.7985155092563101 -2.0638220621133465 -1.1077231765378044 0.5285563464357412 -5.252837404837799 -11.78470444241907
1.9571949144313183 31.00378698655651 0.41511428625478974 -0.19367608527437197 -2.0298436205554538 -1.2800222358226703 0.41787438700442164 -5.223679650944565 -10.120271976334024
1.9396826235213847 16.701839614297622 0.5193418515154955 0.8471039586975468 -2.0683147362532717 -1.8177609667553174 0.40998764983320146 -5.222180954716147 -9.862961995061996
4.545791353319892 26.198864287232638 0.7479718267587296 -1.3043925637271623 -2.773620306834436 -0.6410924712039248 0.09007200727562845 -5.214341174902524 -8.459356256947144
2.945504903793335 23.879650831222534 0.6922669374262126 -1.4474640488624573 -1.4060885906219482 -0.7256613969802856 0.08042363812923432 -5.181743696284791 -8.503085078068093
1.8179267644882202 26.659929752349854 0.35034367404736894 -0.4001145362854004 -1.1416840553283691 -1.9281725883483887 0.05086744165420532 -5.169526995507542 -9.065153768083265
5.159383399423012 39.601902647946645 0.29126281071410254 -0.14252769697028667 -1.4246597592196857 -0.6797673416480094 0.1657990099526941 -5.140590902307586 -9.492419813136653
1.4971994757652283 18.498826324939728 0.5383011770284302 0.5294597148895264 -1.2109959125518799 -2.7122465074062347 0.5345918239831925 -5.021346644033155 -11.288125288717287
3.5494879753316995 15.90615500955661 0.760334322082409 0.20899667784204023 -1.3072938792914301 -1.8390486017488559 0.44123257961931617 -4.988898620134223 -9.748345525176953
3.9957775668183455 31.337945646841987 0.7684560354314584 -1.6418609237192452 -2.9180732989207323 -0.556155438624097 0.11481066197652842 -4.936437231506323 -8.490377568107085
2.3530119136351155 37.49053308620948 0.4428600836882653 -1.1763645592431913 -1.2953082790182757 -0.9974993680290987 0.3919495709821991 -4.8896634464019275 -9.904492849118517
2.776870183336733 38.91059981671727 0.6225755010338674 0.5786220296693512 -2.342062433647956 -2.928501084643946 0.35423006604008306 -4.889313828058286 -9.406615586681223
5.290132743326301 31.435100271891454 0.0774920986331723 -0.04589776772498544 -2.658935479661556 -0.6280019470179212 0.3981614728426841 -4.88792884461512 -11.650698789026029
6.148993730545044 28.102619647979736 0.3800648097248926 -0.11396217346191406 -1.8095834255218506 -0.5851590931415558 0.23354595093727112 -4.876459833625218 -9.41857953560584
3.2106171278984554 24.97260352275228 0.2861869916621006 -0.8116121332912396 -1.5758485024778621 -0.9961303779544335 0.06853478900023754 -4.875744072445322 -9.295032688559226
1.7827817797660828 25.089397728443146 0.28275063948599777 0.36098408699035645 -2.3640276193618774 -1.2757025957107544 0.18546844997406006 -4.84277090349087 -9.570846099202706
2.8330271713771515 30.11949246093654 0.7134937480249393 -1.768550172791366 -2.0778616170622572 -0.9220697656291614 0.4384183220612882 -4.841584012624496 -9.778755899416327
1.8837354947484943 47.23946294459755 0.5621887103153093 0.2029457748195833 -1.4090757493951784 -2.8989701733540154 0.44786150105193917 -4.834437203687525 -10.057088845893285
2.0554471053797108 23.666474114674884 0.6135520420781274 -0.4605684763627631 -2.9719012258568758 -1.4922821026239936 0.00743613346449425 -4.799548436129675 -8.467819740817996
2.6243924498558044 18.65688443183899 0.447293975780709 0.36229443550109863 -1.8753377199172974 -0.6078258454799652 0.5586787145376205 -4.758381565128939 -12.47170514922938
1.4535497426986694 48.49037975072861 0.1485567867469562 -0.9530803561210632 -2.0606937408447266 -1.0755284428596497 0.3676357396602631 -4.720154825420075 -10.841153176023886
1.4506609026201303 31.205788750578645 0.532462947845706 -1.113126839677435 -2.334230718984504 -1.4515259842372048 0.3078624966382849 -4.708008349945672 -9.352510168207104
2.6025843237738275 19.69983560696957 0.5692998275392294 0.772518088550834 -2.0237022665991082 -1.450512529123231 0.03814033375660384 -4.70133795577895 -8.589622640766224
4.727005275216991 35.146514196276925 0.7615684328120289 0.5515323296786416 -2.1030348758954234 -0.7823921596382766 0.47204469650082376 -4.6866517657080635 -10.014807150840989
3.3925835490226746 18.277184069156647 0.6048612762841707 0.20533782243728638 -1.21071457862854 -1.8957980275154114 0.4585045794725418 -4.6013755573387405 -10.081756710541379
2.2303373217582703 39.75839167833328 0.29381324778716217 0.5426647663116455 -1.9195820093154907 -0.774876058101654 0.5341862327814102 -4.577801730175104 -11.848588066019861
3.60964155144069 45.706621687308186 0.7172182447931136 -0.6541849116895075 -1.9891631819764501 -0.6441214527125254 0.35745046512562045 -4.574416706086179 -9.301769142121401
1.4226838049217871 36.32355727734601 0.5581242146287353 -1.3026193855007373 -2.085554542074622 -1.3710115402909056 0.4137562580120681 -4.556467155743731 -9.821523420017304
2.625455211501542 49.233255423950745 0.39357597253999943 0.4410568798262302 -2.8685514340028027 -1.4970380978238638 0.402219477122483 -4.5522660854131205 -10.074116682182751
3.9617167607985633 27.945737071142027 0.764388197976629 -1.5483084667813902 -2.896661113802811 -0.6222471039441424 0.19579886712820416 -4.551763140644291 -8.689388321768643
1.7371208676067111 37.012978490175925 0.16497221538546125 -1.265494787662628 -1.9549701553290664 -0.9464341676671526 0.26532092541084523 -4.529841995948376 -10.331956674910149
1.7490522362035295 22.89184169038784 0.4419911259044202 -1.5434968788997743 -1.4467759324453024 -1.1030949617147336 0.42928784624083016 -4.5250012359427325 -10.138154566257633
2.0716077592767093 48.04461508351809 0.5295343299839268 0.3541330869184578 -1.7831343771886423 -1.686758027739956 0.34191860970682336 -4.492933076083106 -9.495310014964168
1.82224419126291 22.392081706755384 0.5795645161022298 -1.6034622683977355 -1.8060689130244034 -0.7190056134221874 0.4834024340655398 -4.481659410156151 -10.366035954555434
2.497741014965746 38.64642182302879 0.7589674136003631 -1.1897135864774524 -2.3701195813984546 -1.0290018080672712 0.08108150708549121 -4.478421047043035 -8.429166645281812
4.80438853290582 45.496603750034 0.3818453147091834 0.3097692269579353 -2.9672997935080527 -0.7615129669753999 0.3144815202190719 -4.477609136762707 -9.687059965869034
3.4046009306140066 21.382883371938256 0.7450658198741219 -1.0048899294840372 -1.6257470497114734 -0.5150550042032327 0.02541974566489896 -4.440905413541432 -8.336709161860925
6.02820197570211 20.785973731856977 0.22837882865577633 0.19353532076579683 -1.430263992905689 -0.8042867692661444 0.24101469210654483 -4.431198347825077 -9.934719363549084
2.734273149321252 47.74040802601403 0.7796475024357623 0.5915905482506867 -2.869081084612315 -0.7020171834809954 0.455888820287905 -4.423480922669369 -9.846913873574522
2.459167175935694 33.56525156818155 0.756496651792746 0.3802571572441016 -2.7726970166834346 -1.480993606838409 0.0774932899385704 -4.357788005852658 -8.424501348540362
2.459167175935694 33.56525156818155 0.756496651792746 0.3802571572441016 -2.7726970166834346 -1.480993606838409 0.0774932899385704 -4.357788005852658 -8.424501348540362
2.919722340818544 20.58052230888973 0.620697617197848 0.18639417538059 -1.5320380040469708 -1.5438502799068838 0.518182242189086 -4.351771547798084 -10.801502714196227
2.242830614701849 40.53979927183998 0.6983829431873085 0.33057340071055696 -1.4710650935412797 -2.998464558139635 0.35793772388270084 -4.349294308114317 -9.32605138051648
3.794550114819751 28.935136702025595 0.337005822688656 -1.1105052753807094 -1.8715282383661966 -0.5210379700407239 0.06267383224019644 -4.332144358857072 -9.125326073507487
3.1489673846166166 26.447325008284757 0.6215808597928408 -0.020216508653806864 -2.7603298150090962 -1.281237939934103 0.2748488573529033 -4.322874852378748 -9.097690869004275
3.1489673846166166 26.447325008284757 0.6215808597928408 -0.020216508653806864 -2.7603298150090962 -1.281237939934103 0.2748488573529033 -4.322874852378748 -9.097690869004275
4.226463556289673 36.3795405626297 0.19446315587537744 -0.6359915733337402 -2.8630956411361694 -0.6327651739120483 0.38817821073532105 -4.307375399548871 -10.680226428942602
4.863966056799942 26.624777839895145 0.36919711807203826 -0.666083046009244 -2.378293608159696 -0.5929825449471133 0.041857740793652405 -4.283216918701911 -8.997890498266134
1.3627001328658381 36.521594958703275 0.36379933942255244 -1.6539922478168387 -1.5643309556431375 -1.1153231980138627 0.059595536869730556 -4.269760947195808 -9.045958342425882
3.5329726439297633 19.798608956408792 0.7847018870402815 0.33251011248061335 -1.8848264213593362 -1.2966660595511401 0.44040549017166 -4.267111888360792 -9.71705367846155
3.5329726439297633 19.798608956408792 0.7847018870402815 0.33251011248061335 -1.8848264213593362 -1.2966660595511401 0.44040549017166 -4.267111888360792 -9.71705367846155
1.4965412616729736 49.84239041805267 0.7094537026855163 0.06838476657867432 -2.554564595222473 -0.7770955860614777 0.377244580078125 -4.255028489988784 -9.40734902106583
2.076932860422427 36.16651319469785 0.3506954352541645 -0.7878870712253292 -2.211815247910885 -1.1893476862354844 0.1354917775207715 -4.249611165180143 -9.2412402148143
2.076932860422427 36.16651319469785 0.3506954352541645 -0.7878870712253292 -2.211815247910885 -1.1893476862354844 0.1354917775207715 -4.249611165180143 -9.2412402148143
4.458045416898273 38.44965450579798 0.5496236256789157 0.3341536044565161 -1.0597785029934035 -0.8910310499169958 0.15955104066105594 -4.231824280999778 -8.878848014042507
3.3280993778630017 48.33812976386468 0.3227938627121959 -0.08780803984819574 -1.0964090701506934 -0.8912755984044551 0.5670806087629437 -4.231403878660423 -13.729352841311835
2.610057659706412 42.36028267334062 0.6589888594604333 -0.9103882035249933 -2.4472454411270568 -1.04471597197074 0.509703451364099 -4.228467064459343 -10.604741195057096
2.610057659706412 42.36028267334062 0.6589888594604333 -0.9103882035249933 -2.4472454411270568 -1.04471597197074 0.509703451364099 -4.228467064459343 -10.604741195057096
1.5126370330077172 39.57934390260783 0.1772780847609033 -0.9706246005282244 -2.2970615314707796 -1.2127509447713785 0.3947244526479483 -4.220679744209769 -10.807863633942322
2.293508436679753 19.4622217591271 0.6132128647790408 0.23829346215785652 -1.463437949075529 -1.8859844525659413 0.5535824557484118 -4.22054731199193 -11.870273686868074
2.8044069674731684 42.70825395012119 0.6972912767297605 -1.5795406151393308 -2.1926429910053575 -0.7501927441669998 0.0993282002903074 -4.201524685965569 -8.536239837460254
2.8044069674731684 42.70825395012119 0.6972912767297605 -1.5795406151393308 -2.1926429910053575 -0.7501927441669998 0.0993282002903074 -4.201524685965569 -8.536239837460254
1.956016453286486 34.845362066739106 0.41418018765034426 -1.2493122820827693 -1.911214226845589 -0.9126683488897549 0.001809081190116493 -4.194190067266144 -8.816081459582486
3.4698546190054844 35.36544758197289 0.27776082239782407 -0.2931522721056856 -1.474925579887345 -0.943429450136116 0.03815643451798864 -4.184867321442974 -9.265578436502604
3.4698546190054844 35.36544758197289 0.27776082239782407 -0.2931522721056856 -1.474925579887345 -0.943429450136116 0.03815643451798864 -4.184867321442974 -9.265578436502604
3.737070219412047 33.930832242181324 0.5627837596863087 -0.8628547796716999 -1.9487998430725684 -0.8140491257192517 0.5026620227175921 -4.183705055101623 -10.63601480937671
3.737070219412047 33.930832242181324 0.5627837596863087 -0.8628547796716999 -1.9487998430725684 -0.8140491257192517 0.5026620227175921 -4.183705055101623 -10.63601480937671
2.0000593087595195 17.32858647806516 0.4296532385598625 -1.4372328150277591 -1.267575269764455 -0.7082421648249912 0.15927846694894293 -4.166495051912755 -9.104537211206932
5.262711321993013 37.51897675240728 0.3964380248514016 0.3093548943661353 -1.441444907561971 -0.8422711957028621 0.47794950370699313 -4.162639435698746 -10.656035823963014
4.475901533209267 26.72025134227617 0.6733304095097136 -0.1063238206360031 -1.4670292624704482 -0.7128353190606393 0.4615419476009352 -4.149877443513821 -10.016550470889353
2.141547878908117 48.283189512870514 0.47396439965751797 -0.27267895832183386 -1.695904963915415 -0.7338754313372875 0.3159573542717573 -4.146165254585407 -9.489986485455352
3.4028224610839777 32.597595052862786 0.6302743438593088 0.33002475626016103 -1.1792946984234478 -1.4879410659506116 0.3751191814395192 -4.108278247317754 -9.496622662781958
3.481784029598291 48.37366177257107 0.329044237610784 -0.4188463605587429 -2.719454705013567 -0.5140288450876169 0.31818344015915656 -4.085997743235866 -9.844030825455365
3.481784029598291 48.37366177257107 0.329044237610784 -0.4188463605587429 -2.719454705013567 -0.5140288450876169 0.31818344015915656 -4.085997743235866 -9.844030825455365
4.418762397074959 24.002393942362538 0.7800195201279208 -0.15538321767739371 -2.6536216014372513 -0.8224245570675235 0.1566130349999784 -4.082502616237946 -8.574351898233367
2.2710724930278516 44.05432251701506 0.3479590574819175 0.506667452215738 -1.9617061132264566 -1.6901517658781295 0.553746547539002 -4.072623683805073 -12.402444189025797
3.420716304230229 24.135350777038937 0.6627695416971245 -0.6634605313302921 -2.737343620857976 -1.036650420308393 0.18286570918653244 -4.039713548943419 -8.77323315848841
3.420716304230229 24.135350777038937 0.6627695416971245 -0.6634605313302921 -2.737343620857976 -1.036650420308393 0.18286570918653244 -4.039713548943419 -8.77323315848841
2.7902838411148667 45.59745325697368 0.2631066921450346 -1.4754149753270867 -1.9663932879767352 -0.8710626846099303 0.14839410258398664 -4.021123698186104 -9.549556210103429
3.805632659746883 39.780576725825924 0.7103691976820458 -0.09625599636082072 -2.585971269522336 -0.6596375670947765 0.39557879264894275 -4.01566082598931 -9.50494088951688
3.805632659746883 39.780576725825924 0.7103691976820458 -0.09625599636082072 -2.585971269522336 -0.6596375670947765 0.39557879264894275 -4.01566082598931 -9.50494088951688
2.844116488326651 43.54306318939804 0.2691320229614504 0.020529596845815234 -1.2078683372302677 -1.1768753549559436 0.5423459444518093 -4.011806316277801 -12.174200561608032
3.553816728744753 18.59033283886659 0.47339143435529984 -0.15517735906409014 -1.8155495716492114 -0.9644813781146588 0.16808495117682618 -3.9869212957584272 -9.035814883628463
3.553816728744753 18.59033283886659 0.47339143435529984 -0.15517735906409014 -1.8155495716492114 -0.9644813781146588 0.16808495117682618 -3.9869212957584272 -9.035814883628463
2.180873143999354 42.61879587922347 0.2723347276934303 0.7576133226392274 -2.1328819374659034 -1.3881533354259408 0.5128995413240436 -3.9771631421985325 -11.479674725426431
3.010492663983889 43.75786508417316 0.4730810922820259 0.044647459413754476 -1.5078244465447657 -1.142852436487358 0.18992836785903233 -3.964117771857751 -9.091960880209056
3.372922868453216 41.22335670981697 0.7212820578187943 -0.7731733512590306 -2.661088407111538 -0.6345910465310789 0.37316878022350036 -3.955083687962956 -9.373065925695405
3.372922868453216 41.22335670981697 0.7212820578187943 -0.7731733512590306 -2.661088407111538 -0.6345910465310789 0.37316878022350036 -3.955083687962956 -9.373065925695405
3.409279505146432 34.25631365378895 0.3327325931626184 -1.466980914475195 -2.10912904771261 -0.678169219150667 0.2915643184603785 -3.942817597778955 -9.733710462779316
3.7482591173780975 16.552828032852407 0.549104255511147 -1.1803354704170805 -2.0393673690557015 -0.6368533061372008 0.26545808806196053 -3.923710084296788 -9.1761196312343
1.7890892072490918 31.9015823672122 0.5653728256416192 -0.6800693960797661 -2.9649115835355944 -1.3815844874674945 0.37995196574151596 -3.914678681743255 -9.616841229388323
2.942435557369995 49.62624162779899 0.26360316092460206 -0.3547003734865364 -1.8498322940011969 -0.9392628342456644 0.12491360321759869 -3.8969153653914237 -9.493816050136266
2.9329797977426066 22.29144628210574 0.6759423564506336 -1.4399556755291147 -2.7398945076791263 -0.9663705675523273 0.3258760126085331 -3.8923492279434218 -9.214076107579844
4.72272065593384 22.1043392153472 0.7263910303982195 -0.4691955480446537 -2.2112908845999106 -0.6040237589872799 0.2575550627215131 -3.8920781281115726 -8.90967152645142
4.72272065593384 22.1043392153472 0.7263910303982195 -0.4691955480446537 -2.2112908845999106 -0.6040237589872799 0.2575550627215131 -3.8920781281115726 -8.90967152645142
3.8195922917155998 40.70568399108102 0.4517496091912706 -0.06962390103714555 -1.3543157009114783 -0.703579096322021 0.08457728033225718 -3.88961056075717 -8.891466182851516
2.859073068150483 27.554297061046746 0.28429062467378174 -1.2196577470018548 -1.6738722891887956 -0.5326503657162358 0.5237887996429407 -3.8878275325703076 -11.63995459946848
2.859073068150483 27.554297061046746 0.28429062467378174 -1.2196577470018548 -1.6738722891887956 -0.5326503657162358 0.5237887996429407 -3.8878275325703076 -11.63995459946848
2.18719536518607 22.9554011184974 0.6799007578463038 -1.693643434132694 -1.5075235149652062 -0.5789615018463636 0.07581422728884545 -3.887486270334424 -8.508863301537136
2.18719536518607 22.9554011184974 0.6799007578463038 -1.693643434132694 -1.5075235149652062 -0.5789615018463636 0.07581422728884545 -3.887486270334424 -8.508863301537136
2.255934655459984 38.071027435371185 0.4134585499034822 0.3005387155360739 -1.208074783159616 -1.681414325438714 0.45405898241272014 -3.8828404985668046 -10.390826696821813
2.255934655459984 38.071027435371185 0.4134585499034822 0.3005387155360739 -1.208074783159616 -1.681414325438714 0.45405898241272014 -3.8828404985668046 -10.390826696821813
3.1482746292164805 33.53000878069881 0.7711987453694249 -1.7013732235778296 -2.72426886292417 -0.6776650893846239 0.038001245822365186 -3.8807491694499765 -8.332377933241409
3.3766063106588007 17.89669465079557 0.5148624063868321 -0.37972820244394523 -1.2758696062861494 -0.6284821151542945 0.24487282478446365 -3.8769840656832937 -9.169405850701347
3.3766063106588007 17.89669465079557 0.5148624063868321 -0.37972820244394523 -1.2758696062861494 -0.6284821151542945 0.24487282478446365 -3.8769840656832937 -9.169405850701347
4.880423369572148 26.055718425024168 0.31147963442837334 0.25965555896955284 -2.9093750545151673 -0.5872128912398482 0.3680180835658753 -3.8287207975695097 -10.115197140192915
5.65431463795393 23.707701867403202 0.31068657778805175 0.14462589021864147 -2.2039880992865672 -0.5328669918851663 0.2957888858193219 -3.8112209914842103 -9.815041493810641
3.267833623570504 40.44003313709985 0.37946731918634 -0.9830692370454446 -2.595772823418635 -0.9248105642156323 0.29961334252060634 -3.8101604999790863 -9.636955940809989
4.457884578179267 38.97216200786699 0.3663540626636459 0.03365057775519986 -1.473145571310356 -0.7109235750785001 0.5427405858600447 -3.7871881655103774 -11.889389255592482
4.457884578179267 38.97216200786699 0.3663540626636459 0.03365057775519986 -1.473145571310356 -0.7109235750785001 0.5427405858600447 -3.7871881655103774 -11.889389255592482
2.8668710510409054 35.69560587348077 0.7612171708242202 -0.3325321151326224 -2.5421742031073977 -1.0816068707407869 0.03394661341969015 -3.783964425378902 -8.3351916879814
2.8668710510409054 35.69560587348077 0.7612171708242202 -0.3325321151326224 -2.5421742031073977 -1.0816068707407869 0.03394661341969015 -3.783964425378902 -8.3351916879814
2.9929388993922643 26.88589760800181 0.5884310656551163 0.6468555232929525 -2.775862775302002 -1.0613011020539718 0.10371094208034806 -3.7806544467989154 -8.69128920044798
2.358841891711369 33.99336480381847 0.434330182318632 -1.4749370365383796 -1.9369733429165115 -0.8975621382813079 0.0958103128131444 -3.762128409016242 -8.951478529107886
4.435631859569117 34.751053643381866 0.3599905350576439 0.4776397867727229 -2.4331200720560795 -1.0329577157547216 0.16964302794190766 -3.7541819173349955 -9.297580804309014
4.435631859569117 34.751053643381866 0.3599905350576439 0.4776397867727229 -2.4331200720560795 -1.0329577157547216 0.16964302794190766 -3.7541819173349955 -9.297580804309014
3.5038659761677278 33.74117026383166 0.7043830246138406 -1.103203261153581 -2.7566955303276206 -0.7771483330088373 0.32565710678043586 -3.747363863247244 -9.178734720959705
3.5038659761677278 33.74117026383166 0.7043830246138406 -1.103203261153581 -2.7566955303276206 -0.7771483330088373 0.32565710678043586 -3.747363863247244 -9.178734720959705
3.0450573357086212 26.06716963273189 0.5109425057991996 0.1034195640911606 -2.0995678050963527 -1.1363512819933672 0.3168236340138571 -3.732019158182424 -9.424416017191916
3.0450573357086212 26.06716963273189 0.5109425057991996 0.1034195640911606 -2.0995678050963527 -1.1363512819933672 0.3168236340138571 -3.732019158182424 -9.424416017191916
2.246634790978013 19.31064421701896 0.55186364856408 -0.6996653113536024 -2.905332884238827 -1.2378367979926648 0.10793237359552556 -3.7265253927163444 -8.757390478098799
2.246634790978013 19.31064421701896 0.55186364856408 -0.6996653113536024 -2.905332884238827 -1.2378367979926648 0.10793237359552556 -3.7265253927163444 -8.757390478098799
1.8437162041664124 36.59599870443344 0.5615964318764122 -1.180917739868164 -2.2495888471603394 -1.0067454278469086 0.06847295887470245 -3.720052202360435 -8.660212982679003
1.8437162041664124 36.59599870443344 0.5615964318764122 -1.180917739868164 -2.2495888471603394 -1.0067454278469086 0.06847295887470245 -3.720052202360435 -8.660212982679003
3.7518615190996254 31.1342095765252 0.35985293123276346 0.16302223049497755 -2.358855843580313 -1.154203069648989 0.0012473542984137523 -3.7108476454744497 -8.948623295686549
3.7518615190996254 31.1342095765252 0.35985293123276346 0.16302223049497755 -2.358855843580313 -1.154203069648989 0.0012473542984137523 -3.7108476454744497 -8.948623295686549
3.4021865807728484 38.44006024088448 0.364428600302719 -0.07874011063660191 -1.1431346556202497 -0.6710399153411299 0.3534956361102975 -3.710171149957988 -9.895566871475618
3.4021865807728484 38.44006024088448 0.364428600302719 -0.07874011063660191 -1.1431346556202497 -0.6710399153411299 0.3534956361102975 -3.710171149957988 -9.895566871475618
2.809266236009492 28.767858729531746 0.342245315164685 -1.7675714050501161 -2.3201688144522494 -0.8905847223112806 0.4228908170710544 -3.709264367596377 -10.337012113692266
2.809266236009492 28.767858729531746 0.342245315164685 -1.7675714050501161 -2.3201688144522494 -0.8905847223112806 0.4228908170710544 -3.709264367596377 -10.337012113692266
1.877015496934969 27.76732485315298 0.6863260646039983 -1.0431336253693002 -2.4768656812786585 -1.1113808914410799 0.1989920149537758 -3.701280294192798 -8.786052634443097
4.216742048153273 19.370912017554705 0.6463641134516618 -0.16382293422059235 -1.570522608083682 -0.692660918674155 0.517854664606595 -3.7008921554159753 -10.760531098135047
3.602658582776966 28.888422477399725 0.6974705193508709 -1.1338663081510885 -2.7454224042423543 -0.7476561472483487 0.5463024989141649 -3.685797442602291 -11.433433505909914
1.8550481356414665 22.678801195028306 0.7295652234921103 -1.7339947587370612 -2.2345674394373614 -1.0254533107981874 0.37515034869095276 -3.6854520004383557 -9.373720207460018
3.2308475574098092 27.337993668252345 0.6378241030709503 -1.0629011981770506 -2.2468683277322397 -0.8210738554782653 0.184503751550075 -3.6838493613482814 -8.81024570714567
2.543009768324913 20.48549825283329 0.7601137100744623 -1.4191755963945485 -2.901844728924431 -1.0405024051744158 0.3339759491568695 -3.681884187236685 -9.151001244828747
3.8346953600663376 19.583501593142763 0.6468957556830898 -1.0507650197703846 -2.9660707749092063 -0.5358450260223564 0.10911983945909424 -3.6726318309608113 -8.620527071712138
4.345113854906092 27.63746520862007 0.42745338272998556 0.5722215034763676 -2.3510302054018366 -0.6864411453801664 0.08768239815458374 -3.6725218405681805 -8.949527629788303
4.345113854906092 27.63746520862007 0.42745338272998556 0.5722215034763676 -2.3510302054018366 -0.6864411453801664 0.08768239815458374 -3.6725218405681805 -8.949527629788303
2.767450749874115 23.139670193195343 0.4286836903124179 -1.4192035794258118 -2.0174938440322876 -0.68309086561203 0.15248502831459046 -3.6675166123947003 -9.090345487016284
2.790284686445029 44.11257795562238 0.5866770616497999 -0.19550586302420925 -2.923264595307001 -0.6980875024531765 0.1989688926137871 -3.6670656846743555 -8.921128790226557
4.064101333952843 46.32176728606133 0.22773771834158654 -0.3007552057912575 -2.241406903078113 -0.8715826925530501 0.1614587022632687 -3.663485216068076 -9.722313021733488
4.102985017178633 21.26511057000987 0.5043842877458075 -0.25103405753133146 -1.5904520382844296 -0.6281842403079079 0.07500357696632406 -3.6383101757418252 -8.770339209935889
1.778015716188769 42.91552634109344 0.3294736181673621 0.45719902042861493 -2.2729560144658087 -1.403963054080321 0.3985091759810374 -3.6362106500240174 -10.222533060917572
1.778015716188769 42.91552634109344 0.3294736181673621 0.45719902042861493 -2.2729560144658087 -1.403963054080321 0.3985091759810374 -3.6362106500240174 -10.222533060917572
1.8185323877349275 29.460202010983664 0.5682752266409866 0.5257361514140642 -1.5779048228295856 -2.888525825653011 0.5279992061744666 -3.6295824164009662 -11.07885007411651
2.6970369563943315 28.765384702724187 0.7398705331743554 0.24147032662835066 -1.4968030781335846 -1.0872328884963438 0.32023781123505396 -3.6282030243203307 -9.116711068589247
3.6640692035511337 26.930958443751035 0.6037423288950644 -0.8388491906159468 -2.6999186380262525 -0.8487996022455415 0.19648489549158496 -3.6148105367481778 -8.889294599948608
2.6000581052376375 23.116680691706605 0.3548216721395997 -0.6861426724995767 -2.362620381591392 -0.8406766204564962 0.267700023923963 -3.599901107234131 -9.59042783484414
1.760141383783055 30.764974798946483 0.7562763066440321 -1.1799092219449103 -2.928458292072561 -1.2362075568535031 0.16799562739287446 -3.5941077795753844 -8.626688845283791
2.7816177989093345 40.12538450671195 0.40252651117241717 -1.7965219798737846 -2.5679579521482125 -0.8105199097267768 0.46719628910485017 -3.5938716004956888 -10.533791367254292
2.7816177989093345 40.12538450671195 0.40252651117241717 -1.7965219798737846 -2.5679579521482125 -0.8105199097267768 0.46719628910485017 -3.5938716004956888 -10.533791367254292
2.676370908039177 25.768686880243898 0.5421519746957407 0.1707289880369891 -1.515703446178721 -0.5679833840823227 0.18204528253183314 -3.580876358713714 -8.947173973406986
3.1133417445561484 24.26959620854391 0.45696074743210663 -0.27347485485065715 -2.1336321565386465 -0.8555349989832419 0.10603280850824111 -3.559550547537488 -8.925775840152884
1.646060909505151 20.379908170033325 0.5529862865154915 0.7919550855813955 -2.378775922204051 -1.8101361739911304 0.41012642142185035 -3.5587692580036796 -9.807177526516297
4.316746297003039 34.78012678258169 0.6026565985258664 0.2215334212461224 -1.4702253696498095 -0.8618757607956851 0.04360042190978351 -3.5567220632854237 -8.54962460450752
2.197367109142033 32.56163893959852 0.5652248986416664 0.2316773154543168 -2.6443308167953097 -1.378164694870526 0.29207424088606815 -3.5561149285391984 -9.240948234898688
2.5333965366953173 31.651970198123596 0.35321256173255833 0.3450068205229573 -2.696285380933742 -1.4027821391128945 0.4920001892301016 -3.554840343478756 -10.927097427500396
2.5333965366953173 31.651970198123596 0.35321256173255833 0.3450068205229573 -2.696285380933742 -1.4027821391128945 0.4920001892301016 -3.554840343478756 -10.927097427500396
4.886549524052521 27.64745062603425 0.5670294537434282 -0.19444437404386772 -2.0952800697728287 -0.7530845129811139 0.07635758291692671 -3.5530361674193616 -8.667399640944105
4.886549524052521 27.64745062603425 0.5670294537434282 -0.19444437404386772 -2.0952800697728287 -0.7530845129811139 0.07635758291692671 -3.5530361674193616 -8.667399640944105
3.2481696424550894 25.507169111736815 0.6635127816195733 -1.5347596449393797 -2.6569711236305578 -0.5060512663250529 0.48394414571395267 -3.543350672153318 -10.254729983547312
3.2481696424550894 25.507169111736815 0.6635127816195733 -1.5347596449393797 -2.6569711236305578 -0.5060512663250529 0.48394414571395267 -3.543350672153318 -10.254729983547312
3.412881762014944 49.20226120276526 0.6553629882244588 0.48628207432144066 -1.949114555818418 -0.5730482408879829 0.35237693452794294 -3.54264874535214 -9.354014447492403
3.412881762014944 49.20226120276526 0.6553629882244588 0.48628207432144066 -1.949114555818418 -0.5730482408879829 0.35237693452794294 -3.54264874535214 -9.354014447492403
3.591214570358785 34.49807582115389 0.6188194997874187 -0.26649593955849626 -2.6959161159272997 -0.8922793734999228 0.1959656613291309 -3.5413363620480904 -8.866399668841646
2.205955611666386 41.31566523310397 0.49682398003620637 -1.7619447536356225 -1.8081717448044214 -0.5186337635571578 0.021772028383552928 -3.5362957625559055 -8.68248664312166
2.437446085202501 37.7838536377984 0.4556591971068823 -0.21445127493550586 -2.9648834611462296 -0.6605474732207033 0.3921918063510787 -3.53514685731729 -9.879287880863766
2.899655612858917 35.015316165544014 0.5285880290226651 -0.7774187422530157 -2.7306297358311915 -1.0245775909915729 0.08282131976977242 -3.533973050787954 -8.743553512010399
3.083014756930445 39.03223199984118 0.531092887582543 -1.2853807912732393 -2.631656195209608 -0.7970220398160128 0.36094369522466996 -3.532974706216115 -9.578803635658824
4.245731234486214 25.23506285257423 0.6196715097283447 0.36592520862288547 -2.147628373169229 -1.0624498736212162 0.14072489276403172 -3.5284767774634602 -8.728274713188377
4.635157885357573 45.449376262450144 0.11180036380168437 0.12892589389347364 -2.0723782342922665 -0.8895596032293511 0.2801532957997954 -3.524900084986866 -10.768069886453516
2.7250147855377014 42.83224381074376 0.5419453123233218 -0.557548119407953 -2.770807533894808 -1.0626720553195605 0.5702138691678998 -3.5169230243761147 -14.132439761986236
3.3357441980538627 31.157335554847663 0.465159451857362 -0.2906334449940964 -1.6143441862538452 -0.6495511367297375 0.35467852292035956 -3.5094797755661684 -9.671028011644488
1.557279348373413 27.012979388237 0.6701876094170034 -1.7643293142318726 -2.604128360748291 -1.1570449471473694 0.13325711216926575 -3.501339901176615 -8.64392881489731
2.323304702641841 30.876038949597344 0.6738062010461151 0.5191722917093413 -2.019154331120214 -1.5263160238749849 0.1491724617800829 -3.4963176966715865 -8.676294925532892
4.765171909439507 19.26419115464593 0.6283343489718584 -0.32805955043433155 -2.2129455443943202 -0.6057677558900396 0.5373445612170583 -3.489170226296495 -11.22698472612843
5.767604425909531 21.737221669956856 0.3909599565584645 0.27845744635074476 -1.6653611053525201 -0.7233988008019612 0.3957443087241608 -3.4891251536345935 -10.04309721912801
2.6937180513354813 40.36508111168726 0.3063417381702903 0.5384797567795823 -2.097862239201729 -0.7900998318285 0.4331036225502515 -3.4873295297097795 -10.514683887780501
2.6937180513354813 40.36508111168726 0.3063417381702903 0.5384797567795823 -2.097862239201729 -0.7900998318285 0.4331036225502515 -3.4873295297097795 -10.514683887780501
2.253704421146256 36.49307371250285 0.5609640985842631 -0.9675585200725254 -2.3292249952321424 -0.9443133275702413 0.5041127460305648 -3.486932415750192 -10.65992707379289
2.253704421146256 36.49307371250285 0.5609640985842631 -0.9675585200725254 -2.3292249952321424 -0.9443133275702413 0.5041127460305648 -3.486932415750192 -10.65992707379289
2.8118136631948327 38.271360579622325 0.597770967045408 -1.6037564692434045 -2.5048557993225833 -0.6874868119744395 0.45222495903889726 -3.482284310309111 -10.038422817801903
3.0212137211750822 23.334377147200126 0.7066520379027827 0.4531043816490672 -1.9056276866596134 -1.3404072537580567 0.30975633218766985 -3.4805035353763323 -9.11361945873853
2.7268338361965734 35.833920550787596 0.674053675166319 -0.5552731515174996 -2.904669523362108 -1.0904976492469027 0.35995476153816597 -3.4758063723010593 -9.365210764093788
3.5270075525049496 29.220598803789088 0.4009390695895173 -1.0987188601491646 -2.7299617440174426 -0.838668610277987 0.5066992446580905 -3.472563343409978 -11.008316112020442
5.344257153007462 17.03809541064197 0.310531354731598 0.3635677751656612 -2.731831323963095 -0.6854901584057913 0.11643315553293326 -3.4650409415761265 -9.315717558592198
4.203844694456329 17.368201604386595 0.2802558953370335 -0.34358906248742205 -1.7624259112707301 -0.5882138170862325 0.4050288634580046 -3.461313961847341 -10.417507122100089
1.9768980759425694 27.780773255153377 0.6398618122137772 -0.8502759271671227 -2.634871624546765 -1.1141698846252084 0.2423599787761736 -3.4547143607908932 -8.969026206848437
2.024011716162967 42.1568259419481 0.4474639114376254 -0.9613342670470348 -2.418009416776221 -0.8340885651439689 0.4203412220268149 -3.451945952171287 -10.06603215579392
3.0612640641086033 27.460859835157862 0.7172917549628969 0.12475021244444129 -1.9212322054780464 -0.805353975560327 0.41455011606307146 -3.4479164209806976 -9.610443662350082
3.0612640641086033 27.460859835157862 0.7172917549628969 0.12475021244444129 -1.9212322054780464 -0.805353975560327 0.41455011606307146 -3.4479164209806976 -9.610443662350082
3.598779545169627 22.445011898039716 0.5020862916070233 0.2727636882897553 -1.2961847682233365 -1.1121815657220808 0.11285508115621258 -3.445319654133743 -8.85366416298373
2.003004550933838 32.21055120229721 0.7045590906893122 -0.018288850784301758 -2.9918882846832275 -1.4034441411495209 0.49930440001487736 -3.44269168993372 -10.395106277876515
2.534632631213148 41.678139333092076 0.49009316412765325 -1.710129725433793 -2.1919438736020664 -0.677733832308232 0.39294061596644253 -3.430470262272168 -9.81611189479576
2.970818874504932 39.87647305347964 0.26613447058227413 0.13816311531942027 -2.4312429802031295 -1.1962253472023914 0.45025019994207427 -3.4274973100229604 -10.782881653316794
3.518745013351645 32.54237095075073 0.7298982003487148 0.30776060324965115 -1.1765412441357674 -0.9573869566868036 0.3698276130722338 -3.424800076418842 -9.346720834029876
2.9975197471820416 34.269782209111895 0.472630939397034 -1.0811638710660876 -2.318908405762623 -0.7831351177541617 0.05605252001304862 -3.4138549616963636 -8.792715370843956
2.9975197471820416 34.269782209111895 0.472630939397034 -1.0811638710660876 -2.318908405762623 -0.7831351177541617 0.05605252001304862 -3.4138549616963636 -8.792715370843956
1.8912068283193506 45.32292214958022 0.3853036735323757 0.45255335280105147 -2.3063136127496913 -1.3132866461093078 0.16121758885207288 -3.409633890703791 -9.212096976080309
1.9943374976650992 43.53174079391083 0.16720609115393803 -1.1194507784592924 -2.4913377325061754 -0.5485468735201651 0.3334825234159501 -3.408715924481882 -10.569617595249737
2.449336468510178 33.66336450474873 0.6173706192128833 -1.4514174178084824 -2.51786982979676 -0.9133165691692344 0.11263371890877064 -3.4081995335985753 -8.66846272730457
2.5349834412991292 36.549652152115755 0.561977332158034 -0.5734884860744502 -2.2050933022319748 -0.7767391007261648 0.4472088536891851 -3.4060799615340955 -10.052197600763312
5.10933176581273 36.858220599090075 0.4273529039327567 0.26898647934792574 -1.8877495872525398 -0.6690681292185845 0.18919774895599628 -3.403903815485508 -9.18475176547815
2.2006375756315215 29.952672742529387 0.22409137420702874 -1.438306313738986 -2.4115608756453235 -0.9772415949022393 0.22743596998893714 -3.4036460025077826 -9.91318844046647
3.4100987027595866 25.676021473478425 0.6449016979343611 0.07076093579477094 -1.4367106684980828 -0.817432156356332 0.4585234607962735 -3.4015503294893588 -10.026389676919003
3.5422367246116484 34.37539272120931 0.5683261593540765 -0.4801295050410579 -2.6504121813842736 -0.7125937543872856 0.025737319933158188 -3.4011041575527843 -8.56819572266907
2.1242942510723646 42.45692658022716 0.5027963261960462 0.5087982547018663 -1.1957797137657864 -0.7007221300822151 0.12078315123067047 -3.400608684624979 -8.86977451345351
2.4077220654022025 19.643065248812484 0.4651827075349761 -1.8386965846810197 -1.9618327421943693 -0.5677175763726967 0.36965608706643516 -3.3975044268197903 -9.742254624727098
5.031365513801575 33.31631749868393 0.3557367559882051 0.4676169157028198 -1.8892829418182373 -0.6775400340557098 0.22481547067165375 -3.392248659852295 -9.456281173555965
5.031365513801575 33.31631749868393 0.3557367559882051 0.4676169157028198 -1.8892829418182373 -0.6775400340557098 0.22481547067165375 -3.392248659852295 -9.456281173555965
1.8056309819221497 46.87485545873642 0.7487502296641533 -1.2207183241844177 -2.1917368173599243 -0.7285777032375336 0.12327035000324249 -3.3889474789982534 -8.529830714810764
3.678479481099287 23.91348851527694 0.42871767430839264 -0.03457314537097811 -1.9043023155972827 -0.7794699374016876 0.08730251440518515 -3.3888176673132477 -8.945973502264248
3.422368347626458 48.90563779198407 0.2776950604081184 -0.16580312022972676 -1.9586419134535957 -0.8598674046819901 0.3952572758046337 -3.3862906772289443 -10.36970519370332
2.6424989152176135 15.474522366942656 0.4871109450795751 0.6254228601866636 -2.9923563907086406 -1.4244016058357294 0.18884125754946343 -3.376742879168833 -9.062177997643238
2.3468217235963174 19.622177301622486 0.5395813341885859 -1.2712543949026391 -2.664043032279423 -0.7397102415815926 0.3165575793171658 -3.3676393234194806 -9.373948190897485
2.0027338968861406 44.81203694282165 0.5343892330572925 0.45183124578446776 -2.336001110503699 -1.092833748436664 0.27866975457513643 -3.3672744461118826 -9.244569413662385
2.37980540301206 40.31098491205299 0.5754160318344982 -0.8491660797331184 -2.053354576777438 -0.6336456281559326 0.22330498372821284 -3.364156700941746 -9.005667603201674
3.1628142770197067 32.608161899514776 0.29003221147286207 0.31050420036572524 -1.5491667003862597 -1.0101048566476385 0.3194189543548131 -3.354296027688563 -9.971051679666047
2.414585443568698 28.35957871924648 0.5041314675815627 0.33439695620322896 -2.3708487889779533 -1.2409746852555898 0.385987505212243 -3.353058056292726 -9.752222754818824
1.8116519348650995 34.609397629626244 0.5030719052854907 -1.8048604956096765 -2.6045793083466395 -0.5475223821291677 0.08260743091001341 -3.352772892844162 -8.788125735944982
3.8106999184231296 41.659466241093185 0.24099153808637522 -0.2820429407933651 -2.441499430805889 -0.8894185090165765 0.10828926518621922 -3.3524324141600044 -9.545112232521216
3.8106999184231296 41.659466241093185 0.24099153808637522 -0.2820429407933651 -2.441499430805889 -0.8894185090165765 0.10828926518621922 -3.3524324141600044 -9.545112232521216
2.636436050684601 44.590999737883976 0.6355483246361057 0.5096889000539888 -2.8793617132168237 -0.837994093384582 0.32039741600690974 -3.349554169983105 -9.244622120525825
1.9867015480995178 45.38098782300949 0.5096778185742264 0.45129334926605225 -1.1398612260818481 -1.1401309370994568 0.3206826556921005 -3.343153896768303 -9.441889777563976
2.8911129192946436 32.449070517733205 0.5432038759966829 -0.26276699181507346 -1.9768548317477461 -0.6646924254407129 0.41366606588847776 -3.341129517335607 -9.845256172486373
2.309853624412006 37.90026554797709 0.4996259212183453 0.5761267878287839 -1.1397139625798351 -1.7294148747813372 0.2121325402540528 -3.3398884755393805 -9.10154869451504
3.5411430662575802 23.783631100669727 0.626163139428227 0.4182366813863161 -2.5356123247060878 -1.1870267182832417 0.03628227967877219 -3.3374427999088536 -8.502556885142097
4.406778909359349 20.402691281204564 0.16746785000883002 0.08917442534337017 -2.6304590506794874 -0.5014579863031345 0.22258465861492785 -3.335715018050482 -10.186780747794742
2.9759239155308714 49.51532349596154 0.5020408483708393 -1.1985875663565575 -2.8385843461881706 -0.7167075319508229 0.10015096917773686 -3.333117557983482 -8.826477178628512
3.506512570084882 41.74727019729644 0.4032137118310876 -0.053056263365632184 -2.0438139449931914 -0.8803599425770323 0.17972170628077735 -3.329044294093422 -9.215086791703131
2.262698005426442 25.692162736976165 0.6318661609221222 -1.8286363300892092 -2.0701118007389923 -0.6288446538566932 0.4000201465002475 -3.326189064608902 -9.62937203999671
2.262698005426442 25.692162736976165 0.6318661609221222 -1.8286363300892092 -2.0701118007389923 -0.6288446538566932 0.4000201465002475 -3.326189064608902 -9.62937203999671
3.667891787989067 19.738268091232285 0.7354145772324939 -0.3131092010700729 -2.5992153867794823 -0.9459120451965615 0.37486238802342653 -3.318378902347547 -9.365757817253167
3.1644051864002574 37.051498061139945 0.6302189808767601 -0.5072015468872026 -2.776460975936738 -0.8446117115625587 0.4028674036738531 -3.3131496244409444 -9.648281526834905
3.119612455368042 32.05603748559952 0.511508923466382 0.5696427822113037 -1.9598133563995361 -1.1824472546577454 0.09410794000625611 -3.3052147667379344 -8.796706007503989
3.119612455368042 32.05603748559952 0.511508923466382 0.5696427822113037 -1.9598133563995361 -1.1824472546577454 0.09410794000625611 -3.3052147667379344 -8.796706007503989
2.685924470424652 18.679669499397278 0.496013549528918 -1.298613429069519 -2.4162930250167847 -0.6209405064582825 0.3576858246088028 -3.301381014832039 -9.62573450372869
2.4104307301725387 28.947938249424347 0.5023804029460379 0.51301367238452 -2.0430864530479367 -1.4770315870726243 0.39958032626252155 -3.300328930821884 -9.831116632299356
1.4809034673855046 38.06757816476096 0.5211813118865923 0.6020430428576513 -1.4233277282461465 -2.136336504455513 0.49049288097978705 -3.295207368072615 -10.54430381744226
3.9851846588725044 35.313521865707514 0.4936888829440188 0.4037406095653191 -1.0039183717561766 -0.6314353424661978 0.10408510728215954 -3.294928829805631 -8.850209165684472
1.840644706469606 35.63809596460132 0.468803985363553 0.650477070693531 -1.4847032992226445 -2.115708406409109 0.33934286691984 -3.2939039484989623 -9.595732247284017
3.792184916882656 23.288132758267366 0.6631108993703063 -0.4561771163223314 -2.548582005743032 -0.5735626992828826 0.21055410144013822 -3.291564386666842 -8.846529456774869
2.532739677253459 45.24124385473393 0.40736155884577374 0.24972656500800028 -1.3509663316741438 -0.6662117973571813 0.4188327552813043 -3.286216607710791 -10.144271102499438
3.2256437992528584 20.658204594340727 0.3659675540350797 0.23937371418914832 -1.1279278596761975 -0.9134484082524099 0.1618302050313207 -3.2657278795556843 -9.262630869784141
2.9308181459455156 23.10540398528324 0.6473425698587478 -0.7736907266560622 -2.214559923574014 -0.6599977628449754 0.15847229241352895 -3.2650032467834724 -8.732576418688291
1.9344649936812817 22.639386549123888 0.468510602421017 0.510016098509408 -2.6810631725935417 -1.5498191467752926 0.047362247945391345 -3.264487466744443 -8.784125198426855
4.572626233100891 21.733903288841248 0.5490316141010239 0.10570573806762695 -2.3906641006469727 -0.5115124881267548 0.03333493630886078 -3.2616355904802083 -8.613060602861676
3.5950109362602234 42.66003519296646 0.6661715346192104 0.3313555121421814 -2.0145150423049927 -0.9671050608158112 0.3396368455410004 -3.2538509892829914 -9.283820422727135
2.4341136161825725 33.2572498801168 0.4115638610202666 -0.73510663107738 -2.4577655614348033 -0.9539690288239178 0.20385841449588893 -3.2509909760658697 -9.259173114281873
2.2162647208093564 32.720984473661204 0.7540765088620008 -1.961525634094602 -2.2761990135591392 -0.6930781966531128 0.09579913645464916 -3.2493119134019324 -8.464761718368479
2.8179678263707233 33.61543553013219 0.5143107614104988 0.33233901843882885 -2.9630626235422124 -0.8235828725901526 0.31938722847669193 -3.2487000258230823 -9.428512591550588
3.8009371177854883 22.378706575858153 0.7385968556290341 -0.3463411983327409 -2.133129693638488 -0.8039089442093004 0.5061336831683788 -3.248500435386187 -10.454498887669933
1.709583797068803 38.83012554007865 0.6040058415057658 -1.251668001879107 -2.723368156955649 -1.0959620758354562 0.24979911121791057 -3.246819286361049 -9.041860019896424
1.9559727334494166 28.2086070569719 0.5152436528365665 -1.8461394788556575 -2.5087599786034325 -0.5498621608435719 0.18030559823757175 -3.2454178481783007 -8.988800681952844
3.5322461327246746 34.186584214813664 0.7601603202115635 0.26761832757952364 -2.584388103261608 -1.0017097026441855 0.1167777887943387 -3.244420144125572 -8.503339050863485
3.4318488570352885 31.06145427243879 0.5872102492451168 -0.7843433367825001 -2.9520773304388204 -0.7756010390785417 0.5625921475322097 -3.2412172056816404 -12.559877369907351
3.540151121698569 28.658511198330793 0.33113530256705076 0.1961437893667659 -1.967484307354075 -0.7513877635676516 0.4813887353853422 -3.2395164177542837 -10.865130951354251
1.672398908149674 21.024226391810718 0.6276169902915774 -1.947171021341284 -2.6846113094680053 -1.0529402223790478 0.28626897238704674 -3.237902365404701 -9.128453727155636
1.9814577460788132 42.0074555518664 0.5182583028300087 -0.8593170992717607 -2.5187357248525433 -0.9176860451824576 0.07350150016069311 -3.233777035359032 -8.74259553490154
2.225418338579221 22.451035433776035 0.5856991536579966 0.5349045278284992 -2.1055286258705834 -1.1458488122098944 0.22193507112537056 -3.2308158804119067 -8.98607433009631
2.1836980280058302 27.486288900442947 0.39335172903228116 0.5438747337094361 -1.9250952314315486 -1.612758980782766 0.3120213476643674 -3.2296355042111804 -9.649379731253559
2.776183573503551 44.10153270934606 0.44507569766286476 -0.1272550905834695 -1.771900325408039 -0.62419432371762 0.32616050421036175 -3.2248361342416265 -9.588986120709535
3.420033446848798 22.24107004317616 0.4537487176341029 -1.2603961738332017 -2.993201770015955 -0.6157735961862101 0.5343091684594142 -3.2224678610506845 -11.43733504034783
3.368505615814016 23.56878884171054 0.6406948591817974 -0.6465357016772852 -2.7603078085942157 -0.5638079209351758 0.062158539873052865 -3.2190619842946036 -8.532237846245497
2.1595253269910044 41.254622669739405 0.7096322712885295 -0.6059096251380973 -2.322778539926002 -0.7716880575078782 0.360244784258858 -3.216700281476003 -9.323619186965127
1.6198816799141804 37.893849622102785 0.7172000186022749 -0.13727368242788973 -2.902674496144639 -1.2165033304213886 0.23873127881986 -3.2120666048589577 -8.86204467135888
3.0293931743605875 26.888804039420084 0.4998802259631087 -0.7041206907618611 -2.691952568496492 -0.9753020386050402 0.47233766591908677 -3.2077636607985482 -10.38213628621012
4.835350230248261 19.51380746954364 0.3900901370619337 0.08344342953577355 -2.3797133062089544 -0.5744012003703975 0.467645195830501 -3.1958240900768686 -10.567790301052833
3.3636864784447984 37.22245623456503 0.3188479392912993 0.27022186108867796 -2.23212172514351 -1.0827994296305739 0.27338283623416465 -3.1931099404159964 -9.712085444572049
1.897311404918934 39.599557743053985 0.7561140388068952 -1.9164096995511 -2.285111028731048 -0.7340572230051379 0.2949475300327699 -3.19184273168568 -9.003626539036249
2.756585902403753 37.42618217163041 0.16682063173358794 -0.2049741956138491 -2.8415553252871337 -0.778439164068689 0.351346027784636 -3.19166743976254 -10.649615369067796
1.798409075529745 37.174529887171886 0.6220174025903559 -1.9320291763379887 -2.952638827237684 -0.8533326449996812 0.31695159530599926 -3.187358322672292 -9.24964737471851
3.451059725198568 32.042936989570435 0.653333969311539 0.3853102045232042 -2.782530001566786 -1.1093760091117737 0.05274159504795524 -3.180539195646226 -8.497220241997816
2.265620939046079 26.959811829595235 0.3200018492814602 -1.9987817974470932 -2.3498974171436617 -0.815862916306441 0.5017294184415125 -3.1752281781763734 -11.151068277812811
3.927838284200774 20.24338023133693 0.692977128378552 -0.1769575354672761 -2.262233505407545 -0.8745926956756911 0.10069556259552166 -3.1722968405123027 -8.544307245183377
2.682728825975596 38.012539068089914 0.49346215813636785 -1.7396905461566043 -2.886433841294995 -0.8610633775223926 0.16965866802992213 -3.17109113266644 -9.001477012959219
2.9192091336770796 16.976192401969577 0.3129918066443884 -0.9765358352655251 -2.617671649798674 -0.5565499302427281 0.36590678387231607 -2.98940974132745 -10.100235323909533
3.3576216557340235 21.443866168370363 0.5315828095263178 -0.06421838505121169 -2.1643908425335945 -0.5749606484895295 0.30493927807023896 -2.87914432734055 -9.343015690439485
2.748318781675715 17.148560224574442 0.2919643674064698 -0.45063437432592246 -2.4511908173746515 -0.5312303481337768 0.3825357757521253 -3.0441442920028403 -10.251605749847917
3.4499394701506167 29.540600541453617 0.6042691042174797 0.5212169602486472 -2.485100970520547 -0.7496784794124856 0.2442318904252608 -3.0810762490037433 -9.024368520270265
3.4148499733815703 25.154032508321446 0.7701633576835378 0.5026044367623235 -1.8546929896792521 -1.062794640384066 0.400678363889781 -3.054412636824166 -9.468711774314077
4.116420728949889 22.40542542744758 0.6228411234548066 0.02792146480677893 -2.1750818515308996 -0.8772783008717377 0.35345368663875437 -3.096553826331725 -9.4026933593
3.763627042715054 26.320988081014008 0.7011768943719088 0.1961905860203017 -1.746142751060458 -0.7032272623880944 0.3156897150195993 -2.961886056870023 -9.142918498343654
3.224416694928856 18.411821590814103 0.6192481038547453 -0.025633692081418413 -2.4095081990290077 -0.8226207377769832 0.4353675128013155 -2.9351021049977017 -9.876323680386601
4.611553052999371 18.532035790249573 0.7691574015983897 0.3902512021731219 -1.6569021155159223 -0.5568321880000999 0.45058471922713583 -3.0844665744501674 -9.813118868369092
4.282368967793077 22.110267844264257 0.6082302541152175 0.38375256309749384 -1.4605897778735943 -0.834693410544797 0.3967649688502313 -3.088711457133376 -9.643773297842644
4.8817208658865585 15.681371599386036 0.5090166612676646 0.2436154234364425 -1.7821951744367017 -0.6940354232237924 0.46554243702404363 -2.9789056010000023 -10.299883630319504
5.720295747238815 16.837643184287543 0.42078638236784033 0.4151243818174697 -2.0395345560684763 -0.6443953056881999 0.445135992564346 -3.1405189943559817 -10.30159625957059
3.167030256008534 28.770056549523602 0.650612596023548 0.2345966005849136 -2.3616042816182286 -0.6028664299669604 0.5214675417500488 -2.847136403891577 -10.823456690471614
3.478098746483206 18.0156446792382 0.40444887818007225 0.0550448350230579 -2.4052949312322416 -1.0013545990853665 0.0781411443409261 -3.011654192317984 -8.982127578433753
3.7155575607238407 23.593843681332444 0.620538292627151 0.39959676515066755 -1.4639185121148615 -0.8128952905895703 0.19130352113937488 -2.9966994768331325 -8.851681516162145
3.5657683044856583 31.314654162253973 0.6006150676810623 -0.06512869219175244 -1.791059771743741 -0.6574855767599299 0.15261897602356808 -3.1256871874266423 -8.783474542062702
4.166334001557391 28.11111147351054 0.5008311991185828 0.38337561239923357 -1.4921032731257762 -0.8204762774284307 0.0937056722202281 -3.0101495670491354 -8.815128097207813
3.3161969874339094 15.508479979957938 0.5331439772710752 0.33076789937753803 -1.1701784422511776 -0.7852720347235511 0.21624723681383845 -3.11322608913837 -9.053978554323711
5.3260976532183415 20.253721895171566 0.5154197211952203 0.40263115038140995 -2.3707929706985076 -0.8442237266027588 0.12344579621206979 -3.1590744699147177 -8.853071560696723
4.306448599595677 24.028997691756203 0.36599640040726006 0.18802260672776594 -1.7234092912413426 -0.6177939736091833 0.2594278210755501 -2.9312310799732364 -9.533987238952452
4.315743921210791 20.784067025611776 0.32173815450299753 0.4348442236987098 -1.4304278700812234 -0.6851992909961253 0.3133533779599799 -3.034468451823109 -9.846865349880472
4.432583786146215 22.607980016164888 0.22738385188041196 0.42346292357011883 -1.608938432195111 -1.0300626784586027 0.3438043244991563 -3.1685928079050054 -10.31033667090485
4.270958190575194 23.95396024996946 0.17624420433822374 0.27266338491264897 -2.249293251964807 -0.8689089928117779 0.25917863861752594 -2.8350001699457006 -10.246700586018669
1.8616492869714403 27.15201808154715 0.38014036550864544 0.5675282784902027 -1.5229117892065012 -2.169866278771934 0.4392558378081897 -3.109000071766501 -10.352527438218571
2.053113658362685 36.324857641206606 0.485946064076208 0.5168810915443158 -1.1078448721457193 -1.5490982611255741 0.4680461627306775 -3.0299715710568913 -10.36608568135429
2.043618819974837 29.159867143219632 0.39654022832255026 0.5484713107956214 -1.1119402167347854 -1.6846152087995572 0.322783181726475 -3.1474933552084865 -9.683940537378717
1.639521708820633 42.250387419240695 0.46068336745219407 0.6487460242787346 -1.7517036545660394 -2.0658436688051403 0.33409545619027015 -3.1701559100554535 -9.589663698159127
1.9556789811093789 30.057649963124266 0.579136425850295 0.5213526096751675 -1.6387096484760646 -1.4427690185439959 0.1850067384203404 -3.0853903183600795 -8.89585894965666
3.4603002805212295 39.75015641856697 0.4830518941583389 0.15076597448201845 -1.8789084974222365 -0.5644250559135902 0.3334745869355389 -2.846792303210973 -9.543220322964814
2.894508032912822 36.460422977566346 0.18551702895736036 0.06424936289872996 -2.432488309688848 -0.7484576732095829 0.38195694558895127 -2.993560059251908 -10.693541723891581
3.648274028977608 37.997653604692715 0.3201535287830036 0.4329509147750583 -2.1032895452942526 -0.8198228652077488 0.06556207174473586 -2.795173523559317 -9.18044878863581
3.8443735165819595 45.303245636859785 0.5772616412819714 0.39143503633305343 -1.8196300494494826 -0.582803214898314 0.3515014668900287 -3.049255196763517 -9.460468643425846
3.4609271093444853 39.36481952589676 0.5437099249732459 0.34227493807425935 -1.8389851502621448 -0.7209629604406094 0.570326704037346 -2.858069795747083 -14.182508371677248
3.061160434675626 37.97791769701874 0.29572323866883665 -0.003040322304666665 -2.0870191547084764 -0.6986595954813253 0.4537410390183455 -3.091892146029275 -10.70923951641328
3.2020179353066127 47.071061001499736 0.2872540353959521 0.16085150907694334 -1.6537622322053902 -0.6733678984869607 0.4038889704541504 -2.9347781908364268 -10.386721271082061
3.146859523088149 46.65058351768114 0.4365734601779664 0.1304783458707095 -1.5378128839353302 -0.5281379744251522 0.18644490606805164 -3.005199600958777 -9.157591613426453
3.8426399513414045 38.280118376239614 0.3009053644261424 0.1416863197446223 -1.9062094394381106 -0.6681742289703063 0.479272956631572 -2.872526529771723 -10.934674987573244
3.506178119095096 41.27193329455458 0.5659104293262952 0.14930552496036498 -2.1756872383215295 -0.8551226031909973 0.5052239889165341 -2.936211933170141 -10.668504351036372
4.281807258606244 32.34334858264353 0.2754271661169938 0.33140904929385684 -1.95570834186949 -0.9140945414897952 0.4534060752541005 -2.9828550056980245 -10.775578751932008
4.392366407288966 32.23734113551602 0.22151705960910373 0.43136455996069145 -2.115873326075567 -0.516888527851751 0.3967539685928753 -2.9894720810183206 -10.599520265554807
3.7425109548008746 28.95388024085738 0.24920991124733916 0.16722866783489865 -2.265855509312867 -0.5450759664514271 0.257527786212736 -2.761955251421069 -9.90020893412665
4.574650673897417 38.809892211613345 0.4600775834969777 0.21211055686461178 -1.7990656560627718 -0.7508080144197642 0.3274060473286189 -3.1424108809320064 -9.563201151526982
4.791946287610287 32.914314111310276 0.26470589597399913 0.32921604096195356 -1.9181868771878472 -0.8571779751909929 0.21998260897741684 -3.017457771727263 -9.728568909016237
2.9715661340245427 37.73992420684164 0.46222159764855236 -0.18127858624481252 -1.6910553567803022 -0.5129124863579859 0.15910056956208551 -3.1619245648618284 -9.035947385258458
3.3275798486744703 31.848500096713142 0.34821970893764986 0.2759003853759281 -1.767890354407307 -0.6351655937997527 0.43506367076493996 -3.104658683472126 -10.405324245618754
3.3957945010559634 44.402374829393565 0.17497253725514653 0.3026797078494612 -1.7790421739190487 -0.5799938576123225 0.38847694509640246 -2.8034617418945014 -10.786260195556382
3.3957945010559634 44.402374829393565 0.17497253725514653 0.3026797078494612 -1.7790421739190487 -0.5799938576123225 0.38847694509640246 -2.8034617418945014 -10.786260195556382
3.1463046306789306 28.792269047206943 0.29079208561189257 0.11272382854100371 -2.4505648276218066 -0.8234421649338297 0.5456192419340385 -2.9605687931760287 -12.214140037478955
3.439339089176953 30.820997207970688 0.24115822077194507 0.019287951958528282 -2.4565368938779586 -0.9846015330137989 0.5472469465449088 -2.9156171240291804 -12.459578141886398
3.79245751115412 31.43255340765588 0.36000597217642255 0.2970037941831296 -2.3771098442551835 -0.8947498751441079 0.2361974304087821 -2.804932734025414 -9.478159260915533
4.033548360834069 39.06653716194941 0.4138628016446459 0.4313301083270913 -2.3246828080877977 -0.7234184549921756 0.3218760648979535 -2.9088551485607432 -9.639921800503245
3.632540999371043 29.06272823644685 0.31275612957238413 0.33384303287762807 -2.3161099863216656 -0.7882674476107541 0.07566467684345801 -2.9191041841810597 -9.223174073075906
4.02853633145944 39.382713315256055 0.3786418071517761 0.10471431583329593 -1.8026825386708778 -0.5027035577471222 0.3583162551674501 -3.147283327939914 -9.881351188240926
2.903229418501443 46.4883051980475 0.5521598039247 0.22809365539204052 -2.3053970764434304 -0.7779015449401903 0.4119268973974487 -2.7995975809325535 -9.819675126792628
4.118894879203474 27.477432299954287 0.2979808744678618 -0.10555543466793149 -2.2467075414850917 -0.7114303918224287 0.4609558591290811 -2.871469402752755 -10.76458896006597
3.305574406103223 49.02841496869525 0.40185884984716336 0.4470139309264187 -1.8850906960311484 -0.7354858210792403 0.4467722681820174 -2.843308812609827 -10.357936481111071
3.9374419555777656 28.782643423724465 0.3760475856519659 -0.0553151403556249 -1.975517551390295 -0.6404171795909899 0.5554623611961312 -2.964372286115509 -12.424725684024011
3.0911431065336252 35.99640013272049 0.7310321337151688 0.38762638267978256 -2.8630711060499525 -0.7906270274298528 0.15112770538266368 -2.888866982747902 -8.613272821585811
2.3669525013108768 37.27628652700216 0.6215311371467458 -0.23571434126281043 -2.462783679732406 -0.5431401843564121 0.12834154629656697 -2.952482280469831 -8.697390200785225
2.5784009918872695 40.241765117709 0.7081003832499113 -0.1342493791295145 -2.596670999966389 -0.8150044673777477 0.07091617228654679 -2.8206847936983106 -8.465152319926055
3.550688283009724 34.556082743040406 0.6034710077444048 0.4179751716215869 -2.703229524588579 -0.7904937077820535 0.1395380743758717 -2.8698520166222083 -8.748632669071966
2.8266081069507347 42.14939203422428 0.6099109702462417 0.30398296010861436 -2.6805612571530153 -0.938270929576086 0.06213350617534568 -2.788091476462624 -8.574838822083471
3.6771574267275167 37.51379655487047 0.5953759047791704 0.37854555938193046 -2.7069766563188606 -0.5984543038807577 0.12151876781177035 -3.017531600668136 -8.719694939883341
2.548276020773579 38.57587439860172 0.35467984713629225 -0.2924844509158273 -2.5613843398567018 -0.8423058300486503 0.06252918809969267 -2.884286947480787 -9.07598093317512
2.8470923566357134 35.84277114463192 0.533620647454524 0.09877865352668813 -2.690821331554461 -0.6631884799643162 0.2640324525234635 -2.967099948932084 -9.197238622515197
2.5920838778761395 44.56636585358397 0.6313352767050736 -0.6818599767631541 -2.82092596219226 -0.8815089433667271 0.08453460562723067 -3.1049205399006308 -8.589758674467832
2.1705494496258932 33.33017582566471 0.7694923027907266 0.08983292667652876 -2.658199200398599 -1.11473773294468 0.3821728264795515 -2.991998170092751 -9.367059821663094
2.4898857209870005 38.77625070030669 0.6821237360723743 0.12292651697715318 -2.4464187548874707 -1.1107135719386347 0.18274217913193494 -3.141070309378634 -8.748607273907396
2.477804493053363 49.83856097327291 0.608662240523987 -0.25331462499075963 -2.5434569644550002 -0.8073378309459991 0.09308784348284145 -2.9003855655357573 -8.63920925638044
3.4954006253920706 42.18558586992805 0.7308450785959169 0.40583641048946806 -2.4816962591086926 -0.749636072267367 0.2535326607092949 -2.93388905213093 -8.891985699776617
3.165690392162411 44.98657388759887 0.7799108058639159 0.18646033260556383 -2.0310604331923425 -0.6899468174583614 0.4031124241318388 -2.9495780572400037 -9.47303592483483
2.3533687362714897 46.49427262783176 0.6909034444970436 0.4609084790814153 -2.6340740700721144 -0.9855137084300627 0.19930357351023595 -2.792547036755034 -8.781325568225757
2.844820884611861 42.62065384937721 0.6391959256004777 -0.10423198350754959 -2.1706078372782978 -0.6127041371203958 0.17657026734634776 -2.838747761049032 -8.788151215109709
2.4871982701920343 47.721408409757125 0.6831384076223536 -0.032720143153790904 -2.5304961240680166 -0.9069115057698527 0.11630608798081518 -2.8747639557897102 -8.58992948524248
2.4194483928858967 43.00521257794517 0.6256944896670794 0.41434006870026385 -2.6452795535748495 -1.115521945700881 0.23861580867994325 -2.8223248835526102 -8.977064292574141
2.4194483928858967 43.00521257794517 0.6256944896670794 0.41434006870026385 -2.6452795535748495 -1.115521945700881 0.23861580867994325 -2.8223248835526102 -8.977064292574141
2.186129216974252 47.184323893243445 0.6520224787183844 -0.1993993440768207 -2.548377931451495 -1.0205956120007482 0.1955317421004044 -3.007366062882717 -8.820211871837019
2.399046861056786 46.63268508435711 0.7118105258452763 -0.12119424121051914 -2.316599936153493 -0.7403595898099886 0.29196142320663093 -2.862397947055329 -9.042052069903177
2.3691882509131825 46.44418267951093 0.7819964560208607 -0.1799156880666597 -2.5525420970425072 -0.7645230664280942 0.13670295474421368 -2.870862104251896 -8.525583400413778
2.1496034410036327 40.135179340482935 0.39108122355849345 -0.138977176439399 -2.8320102793573265 -1.2029639433544745 0.057989893707427874 -2.9813661131328315 -8.973984830741934
2.822231311007889 29.6699737131241 0.5119461066682489 0.10078708209665388 -2.549670076276901 -0.656405802176371 0.11104427288541674 -3.0023085425858196 -8.831979749752254
3.2884800294214602 25.774580187217552 0.4936879500299922 -0.5452618299451979 -2.7722772890058156 -0.6068452825665482 0.19714141116459796 -3.1032411830712094 -9.071736458080448
2.9538232282416157 27.713153154039837 0.5963766804719319 0.3953103825334128 -2.80292844134762 -0.8754840501762096 0.2849403381547152 -2.9790583200827223 -9.168340504669711
3.2245744883878795 26.29436662342987 0.6184602274866451 0.11486582350402319 -2.475713372492638 -0.5356042916306758 0.12266343100506807 -2.812590767257608 -8.688985989326875
3.637252717322087 21.753931740891165 0.7228192593560531 -0.034296771414189964 -2.707718504169744 -0.9074616459255549 0.031093967252657038 -3.076124420590086 -8.371801758467853
3.0965576570312723 23.884723103322386 0.7323401576391363 -0.06281472043549696 -2.799304289868307 -0.7751642529558715 0.13689710369538455 -3.041154588319987 -8.578594115645227
2.673225239881864 30.96827366230152 0.6467076398773435 -0.8318525454389349 -2.905120395639745 -0.710502397868467 0.09243843003702007 -2.8897750470138694 -8.585402106965308
3.1078388940944515 30.528780536924412 0.5991786866004193 -0.2128936338079579 -2.522409400657745 -0.7696213384497295 0.20390364627606553 -2.7906967115264787 -8.915876947433441
2.9256896787198885 21.66577677148622 0.6512042670550819 -0.0005940779800412965 -2.5291039539301297 -0.5308971873666679 0.27834994403441865 -2.907337008350762 -9.069430246747618
2.5087463751947228 30.433287949107857 0.6449306773818191 -0.7308129210912235 -2.5742534411859834 -0.9641441697877111 0.2091016591435739 -3.1169305632109516 -8.866241651102095
2.4768960593543854 27.30547267407715 0.7189380109803689 -0.3793264082751562 -2.867384275536707 -0.9243799309368654 0.39149551370465147 -2.8163951850241316 -9.472234796551865
2.4768960593543854 27.30547267407715 0.7189380109803689 -0.3793264082751562 -2.867384275536707 -0.9243799309368654 0.39149551370465147 -2.8163951850241316 -9.472234796551865
3.004584824094528 25.752672885402024 0.7789349941463836 -0.5447898534298115 -2.6429816667303614 -0.9456401356719746 0.29704596011154144 -3.161497744505467 -8.9875646821266
2.448556375195383 36.284211660435815 0.7132582602559334 -1.3346392054637648 -2.758516200880818 -0.5729407576577987 0.08189883438909487 -2.9731156580657943 -8.48130341219809
2.0897953465297547 38.98554778461828 0.6766827692047178 -1.352160256419081 -2.920424202433705 -0.7730106329422748 0.03538123429530526 -3.14128499604366 -8.434579828870051
2.667947173966466 26.613512365098067 0.6697172411035801 -1.0630088615588629 -2.7453025768619543 -0.5684491332721802 0.34884763150147796 -2.9443916767865606 -9.319701729169067
3.112645377656504 39.25609145821858 0.22798671049413186 -0.7282285111450335 -2.7241935254888507 -0.6011045575280489 0.0504850210493404 -3.0703062144651927 -9.482184945533911
3.0884123795821288 24.242967906427047 0.23839395884240802 -1.1040791514537949 -2.919589327355568 -0.620654733068525 0.282145988670652 -2.9559916632628247 -10.025107855290445
3.0625939505614905 22.93279934493194 0.35901447592345553 -0.6206748499448214 -2.9426428573590595 -0.569801658714995 0.1198195867438459 -3.0403114174358734 -9.183545724566326
3.071024225552686 17.353732417907523 0.43527559743120015 -1.2634741224634225 -2.9493158903943058 -0.8066162304276019 0.38200028944921943 -3.082491081612951 -9.8669732806612
2.524481879493029 39.16668292089105 0.60152018583322 -1.2097426533151623 -2.865929208470457 -0.809688962775923 0.179015563905033 -2.9418084107392137 -8.847100421670554
2.8670622562826793 35.86426000798487 0.5538901285093538 -1.100496047674317 -2.529279436164492 -0.6154117444250096 0.1719637388467194 -3.1114131534295586 -8.90244369563835
2.0624936443538036 30.07333843614802 0.6250865476224274 -1.7268804403925446 -2.836848346075494 -0.9359370418870725 0.25330595823983193 -3.0666931728302824 -9.022915015485053
2.8182817954386716 31.890011816213484 0.22973518116156724 -1.2420380187162259 -2.6484796216597934 -0.544719451321849 0.2642100919491866 -3.0203925140921757 -10.001467401319296
2.8878403331408644 26.617848896879966 0.24339185566593957 -1.133669999260181 -2.505349281198429 -0.6066659120402762 0.3810663172837753 -3.1269385544260935 -10.42150011813903
2.5974233500669017 39.55708172835237 0.28057654974123447 -0.3603612546550652 -2.6375403029663373 -0.7012747025143744 0.24784822949023547 -2.924604205225606 -9.754162416386682
3.4183113327938877 43.50610930686912 0.3290379488724068 0.25418107113280763 -2.783616136255968 -0.613877739024884 0.2837966794572807 -3.0884470177511916 -9.717182592589415
2.900950551280901 42.893204401418274 0.6085952317408798 -0.28714598927072466 -2.481373317439468 -0.8279658603766409 0.48262394078914733 -2.929520995933182 -10.314339142193402
2.3028894682669914 48.044363084761464 0.5200594646553366 -0.11151026173434508 -2.7290205069418834 -0.7760153842687458 0.37230972513043653 -3.0871718580774 -9.653077620549467
2.5850303570256408 46.81115690921992 0.6345903405812574 -0.5632991903753997 -2.2512855431826404 -0.739749258789403 0.40110915461910596 -3.0369071678294683 -9.631998505588193
2.1968467409369117 49.2555905687549 0.6088902005130628 -0.7430112121287022 -2.8161407087113264 -1.0230556336158059 0.3317660287341702 -3.1190960867964534 -9.327957325319437
2.4383810785423234 36.998966655582706 0.6576085353469859 -1.6245348385172704 -2.8910430693690143 -0.9031752626048242 0.3004092280081211 -3.1517565824677254 -9.13906424557142
2.209453176970476 43.491990136706704 0.6639615162151421 -1.4355503871743789 -2.733920417471096 -0.714833083067759 0.5205894123113306 -2.970412475031141 -10.789065317237942
2.6520053080683184 39.33901351218766 0.6707824964365254 -1.4444047590867048 -2.9711672035012806 -0.624721592260034 0.477118777785756 -3.0176481025696655 -10.171170776013193
2.214748688014357 45.22778653099468 0.5206044874833525 -1.3529318805322832 -2.864558410385507 -0.6704713250739811 0.330291058800344 -3.027472696179803 -9.461507294701015
1.6841160676707325 47.59572910430961 0.5493914128629138 -1.3376181352886967 -2.928446865591992 -1.0641204623983036 0.22894005236650733 -2.9919023514087004 -9.063238487796209
2.4268886206110567 36.87736377448426 0.44171680496969734 -0.47799066947218094 -2.770007370573939 -0.8898213552364469 0.40307340262518176 -2.8566929596067645 -9.970533703936033
3.040290379755791 39.40401382230086 0.43944202623639195 -1.2217105242977189 -2.903383908495239 -0.7767624699791864 0.5021828078427193 -3.017989664770036 -10.855594584984878
2.2805157870440764 45.4761138074891 0.426070022181543 -1.2862063157936765 -2.8274969192568093 -0.6896311687248984 0.36879143902635064 -3.0130773057392974 -9.819937067215898
2.5645457748075287 47.94452152811731 0.3343874483348019 -1.078732849628109 -2.666957706387239 -0.6545096102623305 0.36431157061326874 -2.966959215861582 -10.028741242734649
2.6758730214133717 37.875019989609825 0.19116442776446965 -1.8289814622255112 -2.8439039382813593 -0.5089656307188233 0.5551319750386643 -3.098884688269708 -13.064406552203794
2.390554345362542 46.43015669376148 0.577801381700047 -1.524799802038865 -2.5337137146152457 -0.6639349542360704 0.5414159415299671 -3.160308816721135 -11.423871011576574
2.2561119127977625 37.9817032095136 0.4033948743849849 -0.5269967066884407 -2.7355045899917574 -0.9565851867175401 0.3495706036864722 -2.8949225315862765 -9.781246464671645
