luminosity_distance KNphi inclination_EM KNtimeshift log10_mej_dyn log10_mej_wind Ebv log_likelihood log_prior
5.965066611766815 38.123739361763 0.1901453154694842 -0.08421719074249268 -2.928471803665161 -1.4401820600032806 0.12727402782440186 -7.745991003549322 -9.82018616399538
9.838225781917572 36.638064086437225 0.4924606763428082 -0.04502636194229126 -1.9653290510177612 -1.0517596006393433 0.2581668175935745 -7.244174903023843 -9.251500452905168
7.374115228652954 35.97686529159546 0.4218858965009623 0.3907245993614197 -1.658179759979248 -2.076404571533203 0.4332083870887756 -7.108822955393098 -10.20955518329526
3.936820924282074 29.078409671783447 0.44882002895450035 -0.6069997549057007 -2.1132946014404297 -2.8652149736881256 0.10016772093772888 -6.965035728841481 -8.930007569448144
9.237534880638123 21.354747414588928 0.4374903475281431 0.4735075831413269 -1.4597891569137573 -0.5470206141471863 0.3306463542938233 -6.769582559834338 -9.623430738443135
6.110593616962433 16.61055088043213 0.09393503488103559 0.6987535953521729 -1.5534629821777344 -2.790377616882324 0.43576530389785767 -6.6657575367996635 -11.701855662127848
1.0705930590629578 26.860368251800537 0.7252930086229488 -1.2088699340820312 -2.393935441970825 -0.6065199077129364 0.03353875544071198 -5.8930099100860485 -8.37353094248194
3.4135289192199707 30.43910712003708 0.41110883290573697 -1.5896136164665222 -1.100218653678894 -0.7063651382923126 0.02837753233909607 -5.715149102098932 -8.870779237491288
2.229669594852565 32.174903229415094 0.4610839075308729 -1.2045290719404633 -2.1135766166675998 -2.9570881519643137 0.2882601202753871 -5.6537077073629405 -9.412939852134672
2.8609188286988187 41.291491948772745 0.5789414137754121 0.7997374907253625 -2.5208918097758195 -0.9015542841236419 0.329556063407827 -5.567569839570743 -9.363178582529736
6.599890232086182 35.43087065219879 0.48844035353738635 -0.4890821576118469 -1.367070198059082 -0.9770435392856598 0.13921406235694886 -5.5666677038057575 -8.937997935078405
8.064071655273438 33.077405989170074 0.7534112971183599 0.09464716911315918 -1.124302625656128 -0.8465110063552856 0.3380016183614731 -5.5504854398969 -9.175127658540374
3.048795812505489 46.164604747158975 0.06158393880136734 0.17545875081578055 -2.5829196375788177 -1.8418538597333614 0.20061598041383455 -5.4347784166039474 -11.122216916188473
2.3405213952064514 17.116616368293762 0.7353567668482475 -1.7639355659484863 -1.2859588861465454 -1.3464445173740387 0.07165822134017945 -5.429593539034746 -8.435660170128632
2.3392913341522217 17.27262794971466 0.5628282977280235 -0.273232638835907 -2.6963263750076294 -1.8924065232276917 0.14008590602874757 -5.424091377310291 -8.811536854749843
4.000049710273743 45.053216218948364 0.6166622859710926 -1.202567458152771 -2.983543634414673 -1.024616688489914 0.4017569865703583 -5.391277128288851 -9.660605745604526
6.047113239765167 32.192562222480774 0.41093287655281463 -0.6730979681015015 -2.5059887170791626 -0.6009863615036011 0.208542147231102 -5.140136347868362 -9.273410220082106
1.8614166378974915 45.33195674419403 0.188138491205434 -1.5768638253211975 -1.3641921281814575 -1.8968846201896667 0.2712317808866501 -5.112952953994541 -10.221357936977778
2.9066681265830994 35.35402685403824 0.7233689306180845 0.7744478583335876 -2.6658469438552856 -0.8860634565353394 0.08952859425544739 -5.10469716752751 -8.485413362885005
3.784248901655359 32.943597573749955 0.666487440293892 -0.7909061857404796 -1.5881231205505282 -1.357942705853071 0.19991423089166954 -4.979514434775389 -8.81324125771743
1.7221381068229675 25.43293446302414 0.7612326366302785 0.9592525959014893 -1.7439768314361572 -2.694492220878601 0.069803071475029 -4.899944256487613 -8.404087873116401
3.2860392332077026 16.499448120594025 0.6860097694226015 -1.2820937037467957 -1.2767462730407715 -1.1514382362365723 0.13319726972579957 -4.89247372305636 -8.624149380757025
4.751684607707054 44.793572919601374 0.6981632282136669 -0.6821722940228578 -2.359585753098677 -0.9294337118915137 0.11170781969432758 -4.83290298249793 -8.561716907149215
6.80782687664032 16.454280614852905 0.4860770150770695 0.45240914821624756 -1.3045345544815063 -2.5067326724529266 0.27179359703063966 -4.770993270899969 -9.30782342576825
1.3471169469856186 15.342469953908758 0.43551289100870855 0.24703145298177098 -1.973923588382798 -2.2511933871231236 0.49848899220370685 -4.7129523779827815 -10.81272698409483
2.9232281373959963 25.55668926190644 0.3885827759491951 0.759209322570535 -2.816028848553267 -1.8917649562670766 0.5435265983382629 -4.70804509234139 -11.86016589945552
3.5801353029879146 21.449746562529334 0.6613073203150897 -0.5908397224923565 -1.4189010175277252 -1.915879641901488 0.04309575448944167 -4.706685207482502 -8.46849780188763
2.342152178287506 32.54399925470352 0.5694394631043795 -1.4258606433868408 -1.5012176036834717 -1.4282748401165009 0.26125945050716404 -4.680337170818978 -9.130041736744747
6.250485837459564 17.5776270031929 0.3307778555925185 0.2789826989173889 -1.4623299837112427 -2.447140395641327 0.4968285468578339 -4.642421375445564 -11.052075947133506
3.0453410148620605 19.17063742876053 0.5997258119806002 -0.40666842460632324 -2.26249361038208 -1.5535168647766113 0.06332654285430908 -4.5996437636955205 -8.591914769612892
1.3176790636771052 18.259632211559733 0.7217691571954145 -0.14209517588257636 -1.7795408639391876 -1.937022836688871 0.23253663011668396 -4.591649965902546 -8.838434634476272
4.674734015434516 32.304521506025715 0.659637820995934 0.5208629971428453 -1.7066395699814845 -2.512496198208665 0.42588952436874106 -4.537110000875374 -9.755113299442357
2.7613538364530035 19.91293877014231 0.3050311677318616 -1.2929340869742834 -1.3164612159319633 -1.4587410210039684 0.017837366194383694 -4.509352542553632 -9.137260935907983
2.709399844490209 22.520260210299643 0.31992535025194585 -0.09366897002765051 -2.235793791083951 -1.7861725436826084 0.10994292167970159 -4.490248417561828 -9.272774784142529
5.3046217479217095 42.651537669620026 0.6211471641508398 -0.5894256561517137 -1.9962931275513842 -0.6123777677855582 0.4551069752195157 -4.479963963125863 -10.029207443563234
5.505288626730728 27.6139437637731 0.6874719351161597 0.5324770180508587 -1.860758093866105 -2.972638935826846 0.11779800504512515 -4.472344901812029 -8.587904778619807
4.2810298800468445 38.221004605293274 0.3136819526273757 -0.8278224468231201 -1.947920560836792 -1.0991744995117188 0.4160300916910172 -4.457397439835164 -10.376148466072513
4.836783587932587 35.01085311174393 0.5143943721483714 -0.18714213371276855 -1.3363215923309326 -2.9620261788368225 0.199874068236351 -4.439747740335994 -9.041497947667674
4.162591576576233 30.921321511268616 0.7702769617430203 -0.5767290592193604 -2.7923524379730225 -1.1170308589935303 0.07630604131221772 -4.412708874296294 -8.407704097733522
3.532249927520752 35.57653486728668 0.6885090356856153 -0.0996447205543518 -2.937666177749634 -1.4525549411773682 0.3990879931211472 -4.411451675193428 -9.550971864224637
7.167359555003326 25.70942528872156 0.6340082403516629 0.44177984302846696 -1.6621636869472638 -1.2347858412179586 0.31964415170826177 -4.409633304841073 -9.243728668974857
5.585458225643675 41.477590057225015 0.5253797248635212 -0.26712510721101723 -1.7248232285760543 -1.1259004691162535 0.3358139209590871 -4.399108794767752 -9.476300360520439
1.8027665632662366 40.06169582252576 0.4609689261085928 -0.6143003947268504 -1.4008094396914914 -0.9026325673823679 0.2548234717360505 -4.39591707929606 -9.301919157824313
1.3396800660396413 17.22841058488831 0.5434016458888085 -0.9096399092694365 -1.0995124148578272 -2.057269776148958 0.05722933243946505 -4.387639982742755 -8.66765989098962
2.5353676181315334 20.60095147266592 0.44309957504776304 -1.492695851236871 -1.5441207717466123 -1.191192021253026 0.2418411908183245 -4.35492595118059 -9.298659571740911
1.9855371849704082 21.670233781452392 0.2719462210977416 -1.2767329684675914 -1.7559726802649702 -2.9737612276075542 0.19496037150769865 -4.347099333283261 -9.63364029341208
3.81928813457489 23.336718678474426 0.6191597543026277 -0.03103739023208618 -1.7803524732589722 -1.8592857122421265 0.18620658638477325 -4.310262807007357 -8.840327358630452
1.7176483566044567 36.92278896014197 0.6298992282251197 -0.8411984123984695 -1.706000013991992 -2.277911972437761 0.25640234777701215 -4.290977007495722 -9.026030454715539
2.945504903793335 23.879650831222534 0.6922669374262126 -1.4474640488624573 -1.4060885906219482 -0.7256613969802856 0.08042363812923432 -4.287538037093146 -8.503085078068093
1.1726017539951261 38.88761839070579 0.5941126321988918 0.8412630073393164 -1.8295171705945732 -1.865098228645683 0.40331002871377925 -4.287509123045173 -9.702335461233874
7.2792937613460404 37.310174653561944 0.4006722141404739 0.12589382628183143 -1.382300439332184 -1.0399337565305258 0.4786017841077573 -4.282411407019674 -10.652910456293352
1.7575024962425232 17.475025355815887 0.552281171622107 -1.0194019079208374 -2.6479592323303223 -1.6266550421714783 0.0933318647146225 -4.275287595688179 -8.725761665270563
3.5881101489067078 20.142202973365784 0.47390299235552535 -0.16058290004730225 -2.8509503602981567 -2.9745093286037445 0.2567894860982895 -4.262249942891547 -9.282502339191677
1.7968149614359241 46.691291453903276 0.7403795508878634 -0.7935279226666467 -1.8352581364777716 -2.786951195626362 0.5666707597451377 -4.262028045317699 -12.900643296596964
1.5061580538749695 31.14630788564682 0.4404416760830254 -1.061800479888916 -2.4955177307128906 -2.7687526047229767 0.24044031901359558 -4.245663190565957 -9.300050540149279
2.543109178543091 45.16355961561203 0.7504388145331035 0.5430152416229248 -2.8767411708831787 -1.691386729478836 0.260425204539299 -4.177218005167131 -8.892405866553085
3.9366694595766787 33.293935010512264 0.7164706635489643 -0.62023120731949 -1.3576747219004157 -1.151746634868091 0.407422211116403 -4.171669387999257 -9.567219378725483
2.684383273124695 32.0792230963707 0.5206153945310775 -0.8628551363945007 -1.2091634273529053 -2.7381746768951416 0.407955899477005 -4.167190248469547 -9.848305369165239
1.5447752310159153 31.91278669071836 0.6351924747194896 0.09409736573814342 -2.246744423251008 -1.456393367806955 0.46897692916816375 -4.1521863811023 -10.135715994387
3.2696251671235856 22.76796346625168 0.4213953738225276 -1.3224923642797841 -2.108153304385152 -1.0801081443348828 0.5012703408025659 -4.14651952458446 -10.88199587406195
1.2664147019386292 48.47604990005493 0.22923426708960987 0.17707699537277222 -2.6152429580688477 -2.699702560901642 0.143679727935791 -4.112119787831607 -9.67352324477574
2.8175281286239624 37.9179123044014 0.4711130178249887 -0.7224974632263184 -1.826255202293396 -1.4691563248634338 0.3378108321905136 -4.103414582498232 -9.58463399329703
2.050000149479474 23.29303113295321 0.4847752369368443 0.03571990698427996 -2.6184079852139437 -2.3356406619105963 0.035857341485802344 -4.103115969194587 -8.73094683195395
3.8838274608191288 42.81497181644316 0.7084557792340209 -0.0264953509266459 -2.4528335711295455 -1.2759771562629063 0.3837606706948349 -4.101338797783065 -9.442471876663475
5.159491127637174 24.508881730061976 0.6838025201948797 -0.5104032040599273 -2.689597324013135 -0.8033530907915978 0.2383535597911185 -4.0415261481623705 -8.900532750132893
1.8745722714758322 28.568836023492487 0.4069635334062494 -0.6771189653318519 -1.7243913562971362 -1.2945555286301413 0.31922307712881853 -4.034938237535869 -9.645244037898305
5.32811587151986 41.595129786787965 0.6351197338651553 -0.07176170406926197 -1.1484206517801923 -1.0986350732911283 0.5219387148210186 -3.9983912480523798 -10.853436334579921
2.5420459508895874 16.197158992290497 0.5453131171815963 -1.1251585483551025 -1.6068146228790283 -1.315373957157135 0.534060236120224 -3.996826493604087 -11.262513012613798
1.4971994757652283 18.498826324939728 0.5383011770284302 0.5294597148895264 -1.2109959125518799 -2.7122465074062347 0.5345918239831925 -3.989510809916815 -11.288125288717287
2.29228907519938 32.951011808830955 0.4969735220843131 -1.0480435185236385 -1.0006465280313057 -2.188317232882316 0.13596663817794197 -3.9392280203541583 -8.914634573645948
2.4064299374459566 23.64524385361657 0.2166260336504782 -0.37217477786608266 -2.7904210548933763 -2.7366008747408226 0.050703355605278146 -3.9215341203342744 -9.532873548075234
2.2798263855243444 30.285875610728297 0.7290555150530216 0.00989236444824071 -2.504740226414876 -2.6258293371057593 0.3292055000206478 -3.9064061755815622 -9.164899214976648
4.9197832538344155 18.954752741623295 0.4173259528904345 -0.6863170820751363 -1.9438895712669544 -1.0220762242327293 0.24494459505559005 -3.9038409060998944 -9.36427670406237
3.670646522657094 39.007019454578675 0.4356844330132864 -0.09608829451795176 -1.5340016312225022 -1.9744049628723719 0.5183631606270521 -3.898072471875846 -11.12555415291127
2.36919367313385 36.229190826416016 0.23512075921912318 -0.8073135614395142 -1.289962649345398 -2.2211775481700897 0.04362817776203156 -3.8938478275042554 -9.438873349835736
2.3808560394218876 26.21351586096282 0.4442819662715059 -0.4524245201999524 -1.9451720763447033 -0.7267000777939061 0.42766697181792757 -3.8683609544850857 -10.122065604917362
1.7827817797660828 25.089397728443146 0.28275063948599777 0.36098408699035645 -2.3640276193618774 -1.2757025957107544 0.18546844997406006 -3.8645232739474995 -9.570846099202706
1.8179267644882202 26.659929752349854 0.35034367404736894 -0.4001145362854004 -1.1416840553283691 -1.9281725883483887 0.05086744165420532 -3.8619678543786478 -9.065153768083265
3.2183067203430755 21.36553807346992 0.42103780498281124 0.07612073400956687 -2.3474252629123478 -1.6101137572307642 0.23396512091855012 -3.8613828061877897 -9.322966665335763
2.669417583526484 46.526772707312524 0.5692969320535675 0.28605268371104 -2.2740261541623132 -2.584467569498483 0.1631006816300517 -3.8571737419356493 -8.85606243411322
2.046044886112213 18.025715947151184 0.545365957543736 -0.778353214263916 -1.8066730499267578 -1.2523374259471893 0.3692474938631058 -3.851159199655606 -9.59495653976438
1.4461580153684561 31.76512628529774 0.4078572485586371 -0.6139910553777301 -1.7766392638848159 -1.810283029419814 0.21550066307426416 -3.8435816849515625 -9.299807894437793
3.384077755796217 21.972779504610536 0.49352526986522116 -0.5137457661421634 -1.2526661963186319 -2.8077520552861497 0.2248212478183614 -3.8434066486293776 -9.148662915066977
5.000320708546139 42.7544597856596 0.784274810013372 0.5011528738811517 -2.0820336219622284 -0.9068596228894785 0.06736630910081405 -3.8399056769315676 -8.375616721141403
1.9015896916389465 35.918052196502686 0.6694581943992414 -0.21648085117340088 -1.4828448295593262 -2.975416511297226 0.5394260971784592 -3.8398553338648496 -11.233958253061607
6.394804775714874 40.812156200408936 0.6957180138222424 0.19554686546325684 -1.3792170286178589 -0.8593634068965912 0.14111301934719087 -3.8249538627325403 -8.630594444048576
1.8329627439051177 43.69983093895903 0.30798459104612985 -0.2452024788031375 -1.2145411737253973 -1.509800667995713 0.4588412255924458 -3.8083084055139955 -10.713788016908982
1.4535497426986694 48.49037975072861 0.1485567867469562 -0.9530803561210632 -2.0606937408447266 -1.0755284428596497 0.3676357396602631 -3.8066051699105286 -10.841153176023886
4.376869580211963 49.54458889908337 0.17198420832041952 -0.013814651961017166 -2.791174185088359 -0.8577416733132961 0.40672890035126125 -3.799843583339512 -10.907826410247232
6.702123165130615 46.47470861673355 0.265796342704265 0.3233725428581238 -1.3367795944213867 -0.7714087069034576 0.5562185555219651 -3.789766251125032 -12.80550583483468
1.2865961790084839 28.35823506116867 0.440070129871412 -1.3662605285644531 -1.4069921970367432 -1.396342545747757 0.4563542773962021 -3.7734069885646573 -10.351868474527734
1.2865961790084839 28.35823506116867 0.440070129871412 -1.3662605285644531 -1.4069921970367432 -1.396342545747757 0.4563542773962021 -3.7734069885646573 -10.351868474527734
2.8414618949216353 28.90147884287864 0.7458995010422935 -0.4473355740010201 -1.4993695582267885 -1.7783359597474573 0.4032261824977978 -3.7654316984259886 -9.509292132995876
4.408268562902363 42.84248175428776 0.763881465379054 -0.631707038130958 -1.8099816237566146 -0.8612159375382453 0.09148008162241798 -3.7636452654215073 -8.445402933589577
2.2611115619425206 18.0438184456941 0.4096107161832138 -0.6083328892882367 -1.7800269503732922 -2.7413722765671715 0.35169314401680135 -3.7551669972478297 -9.776377890260964
2.7336049061022822 23.345812070301633 0.0986817336243277 -0.2111551020967095 -1.7998350990594547 -1.9419018287955716 0.23238633636782502 -3.7499935519175223 -10.741036812939427
6.235325455665588 33.340621292591095 0.4374318308358036 -0.5245168209075928 -1.8481425046920776 -0.7711951732635498 0.5105238687515259 -3.7490054424529164 -10.986340570142236
6.0051353369460685 28.265841346510978 0.7108392255592059 0.19849156551195524 -1.0587404901053032 -1.3175756115014088 0.19331961608002932 -3.733530000355362 -8.741785530400753
2.996128765317152 21.14214799442857 0.7011491913682215 -0.6242586609621275 -1.4504759605912627 -1.562152783438943 0.3656154263233144 -3.733145045683451 -9.35922191972582
1.7024834156036377 46.73800736665726 0.5604166068934566 -0.3064206838607788 -1.6642347574234009 -2.765007644891739 0.5291468439817428 -3.728313293131251 -11.117451927195708
3.0485215671803862 17.663628624059875 0.5751024204182611 -1.2481789842872049 -1.993585841543795 -1.0078140778935782 0.10447938896769006 -3.7143083062336544 -8.713196753802437
6.632038686703661 33.42355419253049 0.6502635439785163 -0.14082250146485764 -1.8726699830461546 -0.9098228540499886 0.06936010221718548 -3.6913797468405125 -8.533746349102692
2.373589636943653 31.87537874545972 0.49826928251688796 -0.6218839234883753 -2.021190491441911 -1.3916739831779583 0.2136097786515648 -3.6890409510493773 -9.108147053534317
1.3303139221846985 22.097914862397896 0.37879782962874137 -1.3167170878216479 -1.4110460303276808 -2.065514494000188 0.18724916447059026 -3.6639414512128496 -9.293691333392287
2.699949995256915 37.18026059627919 0.6029181934750876 -0.26115281228350207 -1.501779129049546 -2.498713324959886 0.48209442683544695 -3.6496826266092213 -10.31665482386011
4.950507920741844 26.13230338738655 0.5115263070516453 0.09653194025206702 -2.355478126755156 -1.2590073052217892 0.17855907328133142 -3.6364197881883387 -8.990949501793782
4.950507920741844 26.13230338738655 0.5115263070516453 0.09653194025206702 -2.355478126755156 -1.2590073052217892 0.17855907328133142 -3.6364197881883387 -8.990949501793782
2.5211109895537684 21.29837100565839 0.6532634240465244 -0.7427418994937842 -1.786824031311359 -1.1480639950523706 0.21079541435722648 -3.616107936203791 -8.859932779310283
2.1402493565527694 43.87118398171718 0.38483706031179543 -0.710520085619466 -1.0090971668749797 -2.9227929727845336 0.5550757247986241 -3.6135844091391363 -12.380176473622146
2.155579925713444 21.94804265882295 0.703007248853836 -0.5038645431372477 -1.5406033324376696 -1.3322985372246139 0.12526695860490109 -3.604151144835436 -8.585846598477847
1.4238880296754848 39.34951227633434 0.1980959337917319 -0.8852810122166688 -2.6110114542681724 -0.8981638692296205 0.395448203348145 -3.5978874525492874 -10.702219057388103
1.9230682849884033 23.245344758033752 0.18338439126460945 -0.7429049611091614 -1.352399468421936 -2.154343754053116 0.43436862766742707 -3.5816348992318057 -11.026844760723199
2.5474222699238713 29.280427352315968 0.48476085863762275 0.5054301535954702 -2.6348260528008294 -2.300525617984828 0.32583232424123526 -3.5759388442791478 -9.50848370053025
1.3389289241532984 37.56104194138321 0.43019347902898514 -0.5267561842491193 -2.8210876829028377 -1.7720032060381528 0.12800532788573274 -3.5751174511739636 -9.03038775547134
4.462691099153368 31.871325031613516 0.4029968042857071 -0.6339345504518274 -1.3286664540086461 -0.5483633263425771 0.1426246843247278 -3.5711863199630716 -9.125323552229661
4.588373355099547 42.14067222332669 0.4438102793434658 -0.44014403087768006 -1.323547166824781 -0.7768755140946011 0.27799537070029434 -3.5659779707616557 -9.412992849516248
1.1411538101133507 22.557158991861513 0.4708392301091738 -1.1373306405785306 -2.1395285642702713 -1.6340617398379491 0.34423036166301363 -3.5632127171306935 -9.612918063239592
4.9905766248703 24.028281569480896 0.47952654865426153 -0.8164577484130859 -1.9953843355178833 -0.5150798261165619 0.16314036090373993 -3.5538959332818805 -9.011772305427796
4.9905766248703 24.028281569480896 0.47952654865426153 -0.8164577484130859 -1.9953843355178833 -0.5150798261165619 0.16314036090373993 -3.5538959332818805 -9.011772305427796
3.206522210053273 17.377491399743455 0.22227770125077997 -0.7668221262772992 -1.8125113381179714 -1.1371146775782566 0.20974740830822758 -3.5430113875504343 -9.871174267346584
1.4740882948298875 46.07010181747957 0.6482986538511349 -0.6685996006918331 -2.872108327895176 -1.6351043812560635 0.13083263528669234 -3.536922893459696 -8.666673795194678
1.2675854237166162 39.47104160201327 0.5445506637174627 0.003458664860034766 -2.87985527720697 -1.897952435008689 0.2963779418657222 -3.521187776827122 -9.289777663860708
5.205962926645384 24.910513883059497 0.5629293768972323 -0.382678477116313 -1.252336948036271 -0.6915032429109043 0.27675605335651 -3.5104902718051942 -9.191373203682907
1.1864830054657476 47.275232239385275 0.4988823070905676 -1.4026033076667908 -1.6962326655145425 -1.3026712661415838 0.4916356023560626 -3.5095359357322513 -10.598222741869762
2.637748517798394 34.798812360396646 0.5845728579291176 -0.5682282663197424 -1.2841413434440254 -1.6559953265555376 0.4896770594577622 -3.5054048142914205 -10.431537995618024
1.7561882138252258 28.278468549251556 0.6566831158977252 -0.9844496846199036 -1.420364260673523 -1.7006156146526337 0.4207424282312393 -3.5036173586875115 -9.724406664875668
2.6243924498558044 18.65688443183899 0.447293975780709 0.36229443550109863 -1.8753377199172974 -0.6078258454799652 0.5586787145376205 -3.4982340123877456 -12.47170514922938
2.4296048658862013 19.038677170649628 0.6169582599027387 -0.6528154666175736 -2.100921772613373 -0.9115432636186869 0.33662450304702607 -3.4893048541572846 -9.336882019876562
1.8645890363266917 46.23145688698064 0.4202578563705549 -0.8776675831592144 -1.1956175708489913 -0.8616062397808251 0.41137170706030113 -3.480649627910137 -10.067461763895365
2.285995296588736 39.04578656125719 0.2831509066908054 -0.6599897463127855 -1.354034482192859 -1.1198764867654556 0.5591808165532125 -3.4730072028143457 -12.946048174226787
3.9780372341329118 49.51605382518318 0.179565426607688 0.16401106877070548 -2.4001880885583757 -1.3037850877934436 0.37696195489233003 -3.4632974740651474 -10.69989562056749
1.6009519525331117 46.93589896623145 0.5224409009909737 0.3677119503956594 -2.2605158679238233 -2.4795984867081344 0.02414751664615711 -3.4615151408957736 -8.640963102568184
4.667576899542237 37.41315481324114 0.5879751513057189 0.04538049178525405 -1.0112262689203007 -2.6014787774360295 0.44505939687321755 -3.454584931167778 -9.995046923141116
1.9983343250873844 43.35451593970865 0.482267530902268 -0.3108279788591404 -1.8485281295185132 -1.6217305248829583 0.45295179308410005 -3.4535187513316212 -10.23798577232765
1.627279787879152 48.39608461804895 0.2716448561039375 -1.1091042791638324 -1.325810478443583 -1.4613848258270696 0.5463775529958689 -3.4340555871833476 -12.309172767410518
5.199419627881845 37.98936643538754 0.5326283524122005 0.3043076841918517 -2.16162235547253 -1.200846998071127 0.5637754850638269 -3.418731915277413 -12.775603817173161
5.199419627881845 37.98936643538754 0.5326283524122005 0.3043076841918517 -2.16162235547253 -1.200846998071127 0.5637754850638269 -3.418731915277413 -12.775603817173161
2.1714726922395657 41.0991185951752 0.5720020496069275 -0.6103914702021767 -2.0097436817747774 -0.9496359307193596 0.4204004004145417 -3.40317945638986 -9.842416924980308
4.226463556289673 36.3795405626297 0.19446315587537744 -0.6359915733337402 -2.8630956411361694 -0.6327651739120483 0.38817821073532105 -3.4024827139302793 -10.680226428942602
3.2537881587670645 16.619992414542214 0.2505655626267375 -0.49040024824591555 -1.1483882070230709 -1.846448168854908 0.5203266917872668 -3.401709622338494 -11.694411659186654
2.3344666601530903 41.745068959351954 0.5559503545750255 -0.2954935144297557 -1.4030345676273108 -2.9653639682055952 0.4251856234438079 -3.39393006885583 -9.899784923291293
2.667545437812805 42.43171513080597 0.41146367553006097 -0.6142658591270447 -1.5946635007858276 -1.211706131696701 0.41383304836750034 -3.388703362387128 -10.102779314121818
2.667545437812805 42.43171513080597 0.41146367553006097 -0.6142658591270447 -1.5946635007858276 -1.211706131696701 0.41383304836750034 -3.388703362387128 -10.102779314121818
2.2503518376398532 46.009894878694226 0.13835899166996327 -0.9989120539228853 -2.1848017981563572 -1.2832532626986866 0.5271460971721527 -3.3867108093170684 -12.421350895689107
6.753470004546836 25.617452257936876 0.5029982088527143 0.15715457997066107 -1.2411758374419177 -0.8550480495744028 0.3470482841872923 -3.3840049760662803 -9.564579278593987
3.171342075074665 35.41044315920371 0.5628211942162185 -0.6567230455199855 -1.602251027235132 -1.0932090069342568 0.21412975027502146 -3.380303363827971 -8.999412918549586
2.075682815312584 44.2555388083831 0.5623376758216257 0.4312219044212342 -2.488420725608419 -2.446052012237582 0.12291038224230123 -3.3779236237659473 -8.773354573053915
3.4723160112779037 32.992207007751574 0.4639098781100819 -0.03905084293136696 -1.8011762248711631 -1.520019103238214 0.26926612226933905 -3.377495535523677 -9.342563697589638
2.336364867412288 41.258943123739684 0.5802842480088501 -0.30531050484942535 -1.8518189837323742 -1.091142140502123 0.3559085444697524 -3.367108928407559 -9.475995168355409
2.627114796762624 26.36338465514244 0.4479862379565262 0.2695477346118662 -2.5857866537693055 -2.628239277646258 0.13351462332843142 -3.366838946035512 -9.004973412551912
3.945129929515101 49.56550243397911 0.05040491247999802 -0.3905683017721162 -2.6732007928017523 -0.7042953868643256 0.518079780578781 -3.365389758800735 -13.24573725086305
5.734526305259763 31.988486958429803 0.5803295821686434 0.23533663184893427 -1.8354501362121096 -1.1931701861638808 0.191747504749303 -3.324884326696049 -8.911590227322854
3.4166581575415234 48.18587855366262 0.5261117266075713 0.4210728515864859 -2.406147880230438 -1.4400259149898371 0.20205872052334317 -3.321868720108118 -9.026925913901149
4.531615908298855 36.01735196208968 0.5773034491724838 -0.36776232025134603 -2.416263556421595 -0.5724210575897244 0.2585085573489644 -3.3217558378486975 -9.109060718929811
4.585101914710054 38.507757414922914 0.6297626742370136 -0.20416947224733262 -1.4866266195005584 -1.0804656781061173 0.09006979826666509 -3.319810896293756 -8.603323647168907
4.207670192659663 26.273239034854264 0.5899417007400066 0.20288329527503102 -1.470893926195724 -2.013160669988958 0.2039703828983676 -3.2992584663541966 -8.929718912013458
3.5070840477107708 40.759328290074635 0.4587518157837883 -0.3524448855892759 -1.4825807079666113 -1.2485255951367815 0.0933174055508033 -3.298264530346562 -8.89524150168516
3.5070840477107708 40.759328290074635 0.4587518157837883 -0.3524448855892759 -1.4825807079666113 -1.2485255951367815 0.0933174055508033 -3.298264530346562 -8.89524150168516
1.521859466955426 21.166124317791294 0.409930031309716 -1.028431265066554 -2.4693924522949713 -1.5116715841525816 0.03465132567667212 -3.2936885631103676 -8.885086822458181
3.546080496003779 36.62377085978574 0.7603995391080121 0.5783344063313103 -1.8741320831008745 -2.7094523499487 0.4509331093751319 -3.2623178150346956 -9.825109763590374
3.017055270381104 40.4216181781338 0.47009420473411645 -0.5176092827151371 -2.0483601347566736 -1.1200037251667165 0.2374931833016077 -3.2563007884201705 -9.23062009974398
2.938029076209939 35.016460093671185 0.5526774950169564 -0.4141468582268475 -1.6707647620132773 -1.2495382629310927 0.0749205624012417 -3.2459614969056125 -8.68740743542428
2.753696918487549 49.22525763511658 0.35438733010496304 -0.41875678300857544 -2.0832486152648926 -1.230087161064148 0.18107275979518891 -3.232549441837305 -9.341384388855266
1.1419250320279717 39.6695871595378 0.7648938285581448 -1.4949027139834556 -2.2680463768423205 -1.121707549597028 0.12875048831672115 -3.2322191271528475 -8.52501301394693
2.040645853876546 34.89416045621432 0.7045138511701815 0.09826447017565387 -1.696219865804468 -2.7056870664656167 0.2950814674202602 -3.2181080887186626 -9.061760886861762
2.815311327650238 29.19802345703736 0.7553050589498337 0.6165714706872198 -1.7961318223319092 -2.171302881720147 0.09073562915858074 -3.213533100513775 -8.452887132367746
3.0798122925146356 49.694049431574705 0.43426458465752416 -1.2405217893969573 -2.2687022499739786 -0.5941754268456609 0.4884210528887151 -3.2114233618395134 -10.687709742731736
4.593388230867743 32.88542542232609 0.15747836792523867 -0.3188867951462804 -2.7370575968391715 -0.9652447428602731 0.44230805279902186 -3.2065083727497985 -11.236906007875639
2.4114148665102757 40.23725261645005 0.3957850510163124 0.3254444476978522 -1.9668599762865377 -0.8033959818021681 0.5645851413322376 -3.190252142720737 -13.14964612100747
2.4966978692323663 22.72670616481154 0.6138479784936021 -0.7348579378001563 -2.551203563661176 -1.3032870595134574 0.2396406022330213 -3.1886450938606066 -8.996741715959999
2.945427540008521 47.96198899068905 0.7036822901503162 -0.008063969260960313 -1.2775976897546828 -2.498018483437539 0.15101321647816734 -3.184836291457179 -8.644355624515764
2.348599886183395 44.78927060376542 0.7371248480444358 -0.04966340320275053 -2.69259032285341 -1.411727050379242 0.4083724727397731 -3.1845580627818277 -9.549765411152514
4.572197308460814 45.450048443266056 0.4314998443943203 0.06225594118877664 -2.433475877803643 -1.0443287378083577 0.3335693198173181 -3.1785607455845506 -9.648503861282979
2.767450749874115 23.139670193195343 0.4286836903124179 -1.4192035794258118 -2.0174938440322876 -0.68309086561203 0.15248502831459046 -3.1747350986461043 -9.090345487016284
2.4217280678618893 44.05691271816087 0.6189535472708307 0.3318186520380415 -2.2886714820606886 -2.7062915883633294 0.28271188490334304 -3.167066093561381 -9.128150214213948
2.735759913921356 29.233910143375397 0.697019354950837 -0.21469807624816895 -1.6548248529434204 -1.3942534029483795 0.4524304691076279 -3.164887730206775 -9.908573916642121
1.5692717506350327 25.524659732534843 0.7139328181858526 -0.07747085786637342 -2.9155651075579563 -1.7037084223635577 0.4867733071880552 -3.161340656707613 -10.225954885826464
2.9915620154946496 45.67140231436501 0.4846127488320652 -0.29396295122190486 -1.3008393305568804 -1.2934800267920394 0.5566882938861053 -3.1415098150169443 -12.261995422219947
4.31391452457464 35.54722910211427 0.6876431452632006 -0.045269106827878325 -1.0715423491914309 -1.2428302488256566 0.19512029582503562 -3.1192357076372197 -8.77413176707767
2.789572841698371 31.896025362233214 0.4650928981261068 0.3124240913290497 -2.6503075265195113 -1.58619372164372 0.12995008991145415 -3.105687644255961 -8.962049985887953
2.7827687088442756 19.81763399245904 0.6129852629321936 0.6051449880086319 -2.803338836641447 -2.48409744027792 0.33652510153165505 -3.084063521476976 -9.342085261803575
1.958445560917418 36.18717067040122 0.7505795404076102 -1.5293065605009741 -2.141429166821614 -0.8428517630794672 0.0067402069906316656 -3.075602495940582 -8.297184537554042
4.451797073020558 17.951203323419605 0.423336838081122 0.2631090324139711 -2.255679451913174 -1.3611455220225803 0.12542324707358873 -3.0675331478668433 -9.039673681898456
4.123733878135681 37.276504933834076 0.6034405609394143 -0.12613189220428467 -1.212707757949829 -1.1319397687911987 0.09529967122077942 -3.061022708207859 -8.65136884172178
2.2303373217582703 39.75839167833328 0.29381324778716217 0.5426647663116455 -1.9195820093154907 -0.774876058101654 0.5341862327814102 -3.0410815572193917 -11.848588066019861
3.570126529466818 36.772165333142226 0.4855713103777096 -0.06033363252014201 -2.244633728166565 -1.2500002686151626 0.3922206372433728 -3.033057672576739 -9.820630097532375
2.947854405184249 39.747067120280434 0.7613476576274636 -0.05896564451804709 -1.2468318630386288 -1.566678366788174 0.1436501834435565 -3.026241971773345 -8.562882111427417
1.0316134230287923 34.08148411988587 0.721752778380796 -1.8460426372975003 -2.4704164839632448 -1.3930263628410682 0.02377288449670874 -3.02084330748208 -8.35957792233418
2.1856638664781647 20.98322305476608 0.31212480311472324 -1.104629127959371 -2.3289251964510167 -1.1155093814859436 0.12492606294283437 -3.0179126224727404 -9.32956756126572
4.510629547239671 21.265289767851755 0.5383079063609775 -0.7117219360400331 -2.628399510552489 -0.6631058536541188 0.3892419266146973 -3.0174542664303226 -9.71028982620304
2.921603078781718 35.9123910576991 0.7620154437304711 0.6688677365800402 -2.187288601411366 -1.2110269326265508 0.4457717828747884 -3.0170006245273626 -9.781800075972468
2.921603078781718 35.9123910576991 0.7620154437304711 0.6688677365800402 -2.187288601411366 -1.2110269326265508 0.4457717828747884 -3.0170006245273626 -9.781800075972468
2.3332849114247884 30.632247546879174 0.6044170799316744 0.04603086969923709 -1.084224284450551 -1.6284380786024655 0.46104089178676083 -3.0118465823360925 -10.104920045706212
2.345246502803578 25.350121334653736 0.4034229441905912 0.2797181565481939 -1.0662711096705508 -1.366809533464898 0.37629799380316253 -2.999409687558459 -9.90895217537018
6.347761525456568 22.030436627408108 0.5422722465321336 0.1095030247438844 -2.352565459983302 -0.6813383680294369 0.34283746160003403 -2.9964565509192793 -9.477854699276373
4.348600874574329 42.0112103441707 0.6317180473827442 -0.4018793573780437 -1.682969320499892 -0.6987384110793462 0.5486743055923524 -2.970492538881903 -11.612716297997892
3.9874131719772516 33.649355815134484 0.6608872989300482 0.010723285267323579 -1.4324212909155745 -1.3586996503992308 0.04472821878901697 -2.9610374374154365 -8.47212670497734
3.981339693069458 26.493704319000244 0.6395573520678239 0.2771643400192261 -1.8255088329315186 -2.9828532338142395 0.31794750802516936 -2.955686784335227 -9.229535153589168
2.9358611054027035 37.7557285072085 0.23281303099714012 0.14636729727370446 -1.74018454180862 -0.8927113862155398 0.382335551428284 -2.949753291560808 -10.471750057277045
2.9358611054027035 37.7557285072085 0.23281303099714012 0.14636729727370446 -1.74018454180862 -0.8927113862155398 0.382335551428284 -2.949753291560808 -10.471750057277045
4.523937990981855 41.1595647680206 0.6251060311348773 0.16054069098393375 -2.161075595359975 -1.099293611075569 0.29522672125322963 -2.9346901127889584 -9.163731011650341
2.3079923556889193 24.579772997146172 0.4453722738471153 0.5543779215874247 -1.1500435456531461 -0.7033557879206711 0.4398078431353591 -2.9338014974311846 -10.20739129504617
1.8437162041664124 36.59599870443344 0.5615964318764122 -1.180917739868164 -2.2495888471603394 -1.0067454278469086 0.06847295887470245 -2.9206464157492547 -8.660212982679003
3.9959943111249485 29.83370949263403 0.636130147435999 -0.8318107330467475 -2.463290796143022 -0.6607256446858525 0.056536379873826585 -2.893718570677794 -8.527430758684924
2.9960768154571906 35.381070842100804 0.7715663345289674 0.09298152890658962 -2.5085821059942597 -1.325718417470329 0.4286824981782921 -2.893659068193826 -9.645292604057193
2.6712130916313823 19.446356497112337 0.701404052757684 -0.3753095525173229 -2.1806326522716564 -0.8325207804084593 0.23864569782167053 -2.8836285261762375 -8.880192564830615
6.148993730545044 28.102619647979736 0.3800648097248926 -0.11396217346191406 -1.8095834255218506 -0.5851590931415558 0.23354595093727112 -2.882942645595917 -9.41857953560584
1.557279348373413 27.012979388237 0.6701876094170034 -1.7643293142318726 -2.604128360748291 -1.1570449471473694 0.13325711216926575 -2.876637506083849 -8.64392881489731
4.4037824525830125 35.15981458552963 0.5541862229187386 0.1134696101592838 -2.184944799187459 -1.158904544092095 0.22167518779992054 -2.8697580391333815 -9.034517801831154
2.405130948178464 24.792650073582205 0.3423148644576144 -0.15681995638440327 -2.388239430973741 -0.9411715936464451 0.4764855033493709 -2.848032409374322 -10.780717597898567
2.186703374723241 41.76018264948296 0.2654311274620585 0.7071310715231971 -2.5806768108611022 -1.1188927752076465 0.26712847291814945 -2.830404057000444 -9.869511882702417
2.186703374723241 41.76018264948296 0.2654311274620585 0.7071310715231971 -2.5806768108611022 -1.1188927752076465 0.26712847291814945 -2.830404057000444 -9.869511882702417
2.95721990478565 36.718211317292855 0.5673990195995169 -0.35541904756820064 -1.6903288778783259 -0.7670679073508451 0.1463720228764229 -2.804388013405455 -8.81897593924721
2.3161023820046607 39.64358416286126 0.07102539966959723 0.17024406444835627 -2.3411434104299405 -1.0548983515078596 0.3248891003908002 -2.799169354487808 -11.386647669859178
2.807318782936041 46.39612439064693 0.6094991292041123 -0.5713732985263649 -2.442437421333174 -1.0471502912852722 0.09353942176284877 -2.7955719075886707 -8.638952086358437
4.180062658026361 23.040031343849414 0.5596109269962675 0.0034549901435645403 -1.6462172743549046 -1.2653611681518133 0.43837866048385643 -2.776948890695679 -9.987808132320106
2.396084648953654 45.136047959965126 0.7562587192013012 0.5104495963625006 -2.574297182896207 -1.476685406545519 0.5166699029027384 -2.7690123938369435 -10.608602444253687
2.688127630126199 36.42882600033409 0.6395386963174589 0.3884148564811549 -1.9747699933264913 -2.710049040822341 0.2913883033457533 -2.768420796902245 -9.130278086853494
5.657043019123658 35.25430430983477 0.566681586751379 0.020868477885632508 -1.5992655046934492 -0.6625176474413177 0.3568851297710751 -2.764069109030448 -9.501577667526332
2.231191400601781 32.60663692044025 0.5155604107253652 -1.3155060247066075 -2.389141008959734 -0.8083812477375787 0.26755165582854123 -2.759725307719224 -9.239929716733943
2.9736891035964366 40.52118125339638 0.17741666566812994 0.6216772438894109 -2.7184696763670315 -1.1360496465389862 0.3761516555490008 -2.7592977593215755 -10.707668632681388
2.9736891035964366 40.52118125339638 0.17741666566812994 0.6216772438894109 -2.7184696763670315 -1.1360496465389862 0.3761516555490008 -2.7592977593215755 -10.707668632681388
3.5959948103073867 38.48997328892417 0.23302127502269115 -0.041541430727988216 -2.252454249159488 -1.2128966559120464 0.21781593638257118 -2.757022268011313 -9.847289981660603
3.5959948103073867 38.48997328892417 0.23302127502269115 -0.041541430727988216 -2.252454249159488 -1.2128966559120464 0.21781593638257118 -2.757022268011313 -9.847289981660603
1.8044258117293057 47.60949676875182 0.5324044882158763 -1.207965184251525 -2.330887605071265 -1.037123014521057 0.2524946309505782 -2.756433576121413 -9.16256718894766
3.5148930180662443 29.812827912046288 0.5720133954871036 -0.03916247848062393 -1.8084654915684677 -1.1383610003558484 0.4656927682995851 -2.7485969391599134 -10.196188256325982
5.108398646755573 43.58741760078441 0.6175249628022751 -0.011417367474602091 -1.5779336853590193 -0.8529537816602635 0.515853082654916 -2.7446091250645703 -10.763892947987546
2.017515949483834 41.90633845652265 0.6921903117703752 0.3887820840322975 -1.8766833385191193 -1.792342281242997 0.17354047828805438 -2.7384184995464325 -8.712998890867908
4.506961182097568 35.74898599226924 0.61706560116896 -0.3947644220001756 -2.2164442658788057 -0.6919463702737487 0.021023388141525164 -2.7326094386266813 -8.487192695152991
4.506961182097568 35.74898599226924 0.61706560116896 -0.3947644220001756 -2.2164442658788057 -0.6919463702737487 0.021023388141525164 -2.7326094386266813 -8.487192695152991
3.3040240254229163 36.59994038862742 0.650288292902384 0.3784207148891152 -1.6496703638833432 -2.6373983798043605 0.3456539299891668 -2.7213425598469305 -9.33055254169527
5.763952955650453 29.920537099290122 0.7677648873150698 0.2141285486720781 -1.9197250926534037 -0.5999515524279193 0.1260335738738736 -2.712972502025462 -8.515924977932805
2.7429646523411746 41.62615939761014 0.5249012553422345 -0.5631073976510055 -2.096028010865383 -0.9020795957288392 0.25671541574126494 -2.699466512473953 -9.188694699569181
4.331658963279171 30.598033685393208 0.7414912792058406 0.26640472862055153 -1.1633915723003463 -2.7958650390880875 0.27250339694685954 -2.6972922785610502 -8.941573207836297
1.754874477982972 44.247946834642704 0.38358609368951524 0.11505107743652498 -2.6026086193899833 -0.7418606314311682 0.2484381680697911 -2.6950110523704804 -9.454753599592811
2.7628005521156918 49.29509363408013 0.7548380089943697 0.19197093362452256 -1.4995017251541403 -2.9314337835472513 0.5118649686361313 -2.6939196810727335 -10.527408722825085
3.653679594104444 38.88930695493461 0.5960084053382215 -0.5986627817594772 -1.885869664216602 -0.567365781103041 0.08612365599176014 -2.689110557870083 -8.64318870604069
2.8718473959494495 37.40643720136595 0.32031182349101506 -0.3419698273474836 -1.95688216354018 -0.7529970069041982 0.4229340160776951 -2.6862642666106944 -10.401093940489524
1.8056309819221497 46.87485545873642 0.7487502296641533 -1.2207183241844177 -2.1917368173599243 -0.7285777032375336 0.12327035000324249 -2.669621743995391 -8.529830714810764
1.8056309819221497 46.87485545873642 0.7487502296641533 -1.2207183241844177 -2.1917368173599243 -0.7285777032375336 0.12327035000324249 -2.669621743995391 -8.529830714810764
2.707150235359507 28.82586325779279 0.6065889196008805 0.6666858766681605 -2.9143845648935693 -0.6963781954545922 0.34543041527758367 -2.6544307230419406 -9.389726828771078
2.481970619162902 39.76162453677915 0.4351344337451668 -0.35750275755782956 -2.3244261122918743 -1.146140144361298 0.4859158460432828 -2.652827547804565 -10.656441296534263
2.558108504040055 36.22746279017183 0.7208734381948546 -0.37912367946604797 -2.2975570715171374 -1.0821340833187927 0.2302760459157591 -2.651065437441442 -8.832823755291686
3.5184221870406285 35.086291786872934 0.5449082977344927 -0.5817561508311051 -1.7189896729856022 -0.5868702760021742 0.05812083758989418 -2.6504192236204633 -8.666901936447925
2.2940219144654 25.870154985228016 0.29342412173597066 -0.8082624305105257 -2.4806203427237374 -1.0543545034671502 0.15101423021740337 -2.6435471667543737 -9.449522154669271
1.8041825633982511 34.97160145563531 0.43021090246854066 0.7638630095631305 -2.8066117907859334 -2.052644320659285 0.5098412090451954 -2.6419846718546403 -10.990956083674936
3.486706012467207 33.681597137708806 0.6643617505562883 -0.49801586283167576 -1.6148030874889618 -0.5770120778371308 0.19408318327837737 -2.6365395877693123 -8.800416568188375
1.7181169804651604 28.242385778458083 0.6453143867341664 0.7132070823789207 -1.9328684492998784 -1.4755981693349816 0.06972429699663396 -2.6333685585686437 -8.541010898909626
2.709850073298788 26.488631053623763 0.6839716658331673 0.11020647589040022 -1.365920008180689 -1.5423474344843897 0.22694524403391417 -2.6305093989052972 -8.86674358121147
2.188755180793689 49.96397828275904 0.4521714912359598 -0.13105170431152935 -1.84624557927463 -0.6371634360176319 0.26717661546192883 -2.6303059257963985 -9.359505318320501
2.764959834496251 33.944190398786915 0.5749023310218228 0.01764922126929447 -2.845475094609 -1.3756147597576993 0.35235522005095604 -2.628566987976528 -9.467973086573197
2.764959834496251 33.944190398786915 0.5749023310218228 0.01764922126929447 -2.845475094609 -1.3756147597576993 0.35235522005095604 -2.628566987976528 -9.467973086573197
3.2574270233930624 31.861590797613736 0.6501188496104502 0.35466262745907073 -1.5326745168098628 -2.1906622123559893 0.301648989182385 -2.619328648190956 -9.153406477052139
2.215892737865779 36.45614146586107 0.5936408317223248 0.4011286981892219 -1.9158155829746635 -1.4781584807091046 0.3117190839484118 -2.606313001091425 -9.27016806564865
2.8140794235973092 16.11625025412158 0.666188750337313 0.5130401740733621 -1.5478681344802747 -0.5833823095676585 0.4235776887242032 -2.6004055298022233 -9.73106690090128
3.301170850044981 30.345581947413482 0.4654711537110856 -1.3343862683881933 -2.990469635020018 -0.8489218858985668 0.1913912582567458 -2.5933874286479885 -9.110801497170398
3.886702616461455 21.51810533772855 0.6636604753060167 -0.18011524326283523 -1.504386290004622 -0.8905466561669351 0.4660518256540926 -2.5890050920551544 -10.070326315953244
1.6545381902596428 30.20469493728835 0.7584639421442606 -0.7806735494078416 -2.739979903928205 -1.142595065717859 0.044329546152146584 -2.5877628630953544 -8.357560596907245
2.685924470424652 18.679669499397278 0.496013549528918 -1.298613429069519 -2.4162930250167847 -0.6209405064582825 0.3576858246088028 -2.5771942197939235 -9.62573450372869
4.530323850851443 24.490396101678954 0.48555085840055284 -0.010550060482576562 -2.6666883412024647 -0.8286044497853884 0.32682171262025556 -2.5627842191318884 -9.511005882957015
2.342571476667249 41.09402034102101 0.44430288219552827 0.5705258699164819 -2.517280769095496 -1.6520079221755595 0.3514972106104677 -2.5622605629382083 -9.699189789799389
2.3585010760489293 39.08186123685567 0.5517172813372945 0.3738691169059556 -1.811460013701972 -1.5219055006648907 0.33024639131690225 -2.5609314685167806 -9.408947841498886
1.8561139518257856 47.41039740718383 0.7434581151719059 0.6707847090615342 -2.3268193462555247 -1.1918589568618294 0.33705424745024637 -2.558259241166912 -9.181811876153567
3.4794996465259835 27.734030648581587 0.7355901055725997 0.24654295805640247 -1.2874158777341906 -1.9200334108620172 0.16325444406126113 -2.5460680461892164 -8.637421868018789
5.18193871712497 20.85543480437574 0.3833910510601173 0.32890286876239916 -1.5483837568381336 -1.3414841110147084 0.3938590746941238 -2.540593690863059 -10.0510448781775
1.4965412616729736 49.84239041805267 0.7094537026855163 0.06838476657867432 -2.554564595222473 -0.7770955860614777 0.377244580078125 -2.5399575565669297 -9.40734902106583
6.021403136816621 30.93309248167434 0.5500158119423733 0.054199518783659695 -1.8631110242289508 -0.6963308183194736 0.11504861799978687 -2.5370896129341745 -8.775837909428237
2.556631039125529 20.315791491084195 0.26093458439293993 0.5169903053602813 -2.6262142539378934 -1.7104475055196313 0.4909787571605369 -2.532797387475791 -11.207766662407446
2.8307208958367935 28.092307979174514 0.4767476221164634 -0.2177144961508255 -2.9115881437613504 -1.289718099229484 0.5584879642142448 -2.5266199368943205 -12.398729925156637
2.1607062578066705 31.87351121885494 0.5102021513315691 0.1793242570075213 -2.5147153353824017 -1.2837219001149993 0.031206702351080744 -2.512226897960895 -8.675482559919603
4.0696191185378705 40.689956208457744 0.6166606740867152 -0.024996691407527027 -1.3643415684379128 -0.8895985426935682 0.4991598699617859 -2.5096500145254352 -10.506438257716107
2.5109213196189595 44.57336493927059 0.5582272452236919 -1.2785986894644432 -2.6457577654110827 -0.8488761176518973 0.21854989412659162 -2.501706075725748 -9.019146093722341
5.9160909104141615 26.38943038139358 0.6418679777283228 0.11664314837823397 -1.5862812881364816 -0.9080663831427183 0.47292094554526964 -2.5015776285049913 -10.165603383868127
2.128581710266106 42.56542030443792 0.18660262750720885 0.031234162612113536 -2.4885460336834444 -1.0385407777790752 0.5009829307805804 -2.4912901868724946 -11.668590834853878
1.6225702119761025 40.78711729024572 0.7167919899888489 -1.137039350800535 -2.5918279914816633 -0.9469902100814407 0.1430544685777177 -2.4782987753015506 -8.61039933786013
4.455154472659006 24.51166340692299 0.3612845242195034 -0.3833206524833723 -2.530998886115441 -0.8587148176020087 0.010594886736903448 -2.4767595502356414 -8.96132797647511
4.6841275030675416 45.6025429635757 0.30845094176240295 0.44089131651625557 -2.1145801371502024 -1.0463699060023495 0.5189327732725201 -2.4679233127285007 -11.465574836855414
3.669554782179946 47.474293649082895 0.4351118379825747 0.10063790550242935 -1.9312537388430433 -1.089639561073093 0.4296403619486872 -2.4673604514710386 -10.155288749326848
3.7902001542087165 32.08740519496849 0.2829139039210374 -0.5545817838884737 -2.065113221242586 -0.7748472435982672 0.20238018667246047 -2.462565476992885 -9.6149755761282
4.259912862756075 18.307163090351317 0.5023751793391288 -0.5905914959896079 -2.029091676483651 -0.5864880510226911 0.3325610769801859 -2.4581079380246664 -9.50340729884695
3.9422178689639384 43.216699350313775 0.3243795876253437 0.5401194569403511 -2.2350803874655645 -1.0383984462646851 0.23919789508989237 -2.4427380178604623 -9.587234254063386
4.548713538913424 37.21798536860062 0.7084779286225108 0.47373875502651686 -2.312735036756564 -0.9263273999563753 0.4069092820316477 -2.4415648577109983 -9.573367800271212
1.7349345278824577 34.7426275599281 0.7619990700461668 -0.715643838412052 -2.6973142898387574 -1.1280624631357046 0.13735729493235446 -2.4400965422736807 -8.547628404261403
1.9867015480995178 45.38098782300949 0.5096778185742264 0.45129334926605225 -1.1398612260818481 -1.1401309370994568 0.3206826556921005 -2.422785924716946 -9.441889777563976
3.239161894181062 46.77859472432772 0.7026744914183365 0.26794188049811574 -1.402635705998678 -1.345887871810132 0.3196872985086156 -2.4146372532449503 -9.156842297725179
1.958705009656184 33.866611826897284 0.32009270701984166 0.34821011618809816 -2.8179232406858903 -1.221354230724867 0.4717859930709808 -2.4123904374492877 -10.7975320511092
2.9762825201321887 41.1618145265724 0.5838849728421825 0.6617184777798228 -1.8388129561182414 -2.950265341097917 0.09168347996923598 -2.4103868829192363 -8.672797525355715
3.2521856737233006 22.56705341795891 0.6522117781795814 -0.8395753792613694 -2.320098971168312 -0.7352821778482297 0.10296345190581503 -2.398804208287811 -8.600326487932813
1.8756320164962987 23.191609251555857 0.673815870460761 -1.2687528398415586 -2.9642400190152003 -0.5942171347830003 0.024826690178070362 -2.396123550758209 -8.418696413586725
2.9374669696344244 37.51484544248048 0.43601183960786666 -1.02107202800954 -2.388985803121654 -0.5973807203501176 0.38407199493635164 -2.3896453442692893 -9.876332012885431
5.722802471145625 30.43328447413192 0.45189883579464557 0.21729904119096632 -2.31400238616778 -0.8216373024013706 0.46558435160531236 -2.381766390487903 -10.410006317870872
3.3925835490226746 18.277184069156647 0.6048612762841707 0.20533782243728638 -1.21071457862854 -1.8957980275154114 0.4585045794725418 -2.3794555891311377 -10.081756710541379
2.7546108694094533 20.10496031573463 0.6077610533721736 0.3350437467140286 -1.1937144570927782 -1.5525037302164988 0.335206723150036 -2.378743509844674 -9.343980327804232
3.0365033059792514 17.287845839040614 0.5238283840781828 0.37745738580860344 -1.6761112068284754 -1.2958891273053057 0.5527199939047969 -2.3674529401794864 -11.965690047389733
3.112278003555204 18.270455392756155 0.7164987741096638 0.29633618208598733 -1.4069319833885463 -2.063819350585615 0.1238945930463699 -2.3672218716749183 -8.567077214874034
2.2509958494618267 25.70566977421332 0.6671750537785659 0.3374468062546043 -2.8040231371204016 -0.9386381662510188 0.22699060844824828 -2.3644552145140847 -8.887836141991048
3.2902140519634413 32.96517354357344 0.5984337893338917 0.5489653632680214 -2.4583501933522878 -1.1587292806595726 0.4563250512969042 -2.361327399582022 -10.072163279592296
4.013470883120185 43.712797542467 0.717806630972425 0.2267536999361104 -2.2486144787348277 -0.6081948621040345 0.2846019276500125 -2.3600129015323255 -9.00923909275582
2.2117127229156326 17.62442726163638 0.40247497762016654 0.6950365841705848 -2.3401248587496735 -2.222006308837953 0.044621648096531345 -2.357657453935415 -8.921134577584803
3.1886101686466417 17.974445947900286 0.48874049874857745 0.09890275618407385 -2.3763316355621287 -1.2215650667249967 0.5327670060362938 -2.356304843499629 -11.32893840616711
2.3540127983002206 45.49180366267713 0.6269503007930882 0.39319004410221314 -2.3212198185306656 -0.9172906213960892 0.30447033912431165 -2.3536308547289275 -9.195098704247672
2.9864400003473865 34.9979280243753 0.5013337355957348 0.1784632122861014 -1.0964645978784018 -1.457301969520504 0.42857595809819793 -2.3514620266083526 -10.016682198215962
2.3909187906078566 29.19690318045774 0.6501140426136459 0.40086597334655893 -2.8133270897076024 -0.7136033691664019 0.39073192292843345 -2.334171975693873 -9.552431148430033
3.3759644759620833 37.182668564773074 0.22132998823280794 -0.025978482536657133 -2.990568751099062 -1.1057974881987387 0.5147029247282013 -2.3329869650377923 -11.713615571664725
2.9543586644399253 25.961323621831422 0.6645511879406513 0.5351261777003913 -2.8105641232894127 -0.5554639252485809 0.18437509577680944 -2.331386172133537 -8.774837174179696
3.768492545170494 37.124448673487436 0.6790424642712353 0.28619305556715924 -2.430314081121748 -1.1011705504486047 0.21156166214705854 -2.326398694962289 -8.829252008051977
3.2021401810849612 26.45864920463971 0.6861097811964968 0.19605793765037838 -2.0317552349124046 -0.8794127767915616 0.06121439294259472 -2.3246639859274287 -8.472255585671801
2.704570097520862 47.60163251950378 0.16428352530948645 0.24171304111120495 -2.5956776615398818 -1.326049629333511 0.1266531334235724 -2.3240063266455344 -9.963456193237718
2.003004550933838 32.21055120229721 0.7045590906893122 -0.018288850784301758 -2.9918882846832275 -1.4034441411495209 0.49930440001487736 -2.323260866107695 -10.395106277876515
1.8869166695970436 42.315120706901794 0.5888828128517797 0.3869729787249421 -2.716611674437906 -1.0811662368374946 0.3435881802583864 -2.3225923252637943 -9.407652180535386
3.043471611443791 23.75791649805665 0.6998087507657023 0.4994528658673292 -1.452802340042081 -0.9168098959600117 0.4137802576429419 -2.322174003816924 -9.625979565432168
2.3613643353778624 41.17630224025248 0.4214531210897859 -0.4844948790065824 -2.50658448621703 -1.0834737208255214 0.5073865486338099 -2.318814229852423 -10.971777259863988
3.1619898414010734 42.25727626387062 0.23755465445625476 0.25532603464164483 -1.8913280224553395 -1.1925608804695857 0.5254783277061608 -2.3176508352927647 -11.850844674558932
1.6862689267059776 36.11801006979205 0.4732220670126485 -0.6294276777715107 -2.789124758526668 -0.6855062567908101 0.42117016462067824 -2.3153241120033012 -10.019539223039557
2.469483975498835 25.43925715840648 0.6793473427727718 0.5654697885313373 -1.184878778835953 -1.6441924737520217 0.11411438941495504 -2.3149916315749293 -8.589811817136454
3.0527753657851786 47.6591894503202 0.45033845004497614 0.07394355748516324 -2.630225044594881 -1.1033276634258131 0.3791866301896919 -2.312536594273351 -9.820536675702646
3.2006240126387073 32.034723094654176 0.5999179241155784 0.10514839676540255 -1.3422338311402748 -0.9810760610887415 0.5297374628301875 -2.306460583855721 -11.070904989961711
3.0044057321110444 38.71095388492013 0.6369063534276608 -0.7667722979155154 -2.3690990840971056 -0.6320821120787148 0.007927099609659885 -2.304964758884064 -8.4363306719577
4.448821427137552 15.40552167984827 0.4895116496150916 -0.5496590344027306 -2.2661108183495795 -0.621743122092802 0.39008146016789297 -2.303976414958822 -9.801396175011872
4.058873879013097 43.46044354379722 0.2865806661816692 -0.07955203072269423 -1.4822565084306474 -0.708339819836612 0.4548345186032025 -2.291538947880327 -10.749009163597684
3.357626490621486 27.06863780301191 0.5328998625261663 -0.8122406337411747 -2.4071849376176173 -0.5409508113393349 0.09761210390471266 -2.287580427716093 -8.766883898773386
2.337581288037811 39.13729371553422 0.4769738238350902 0.46081883609692964 -2.1493417070011263 -2.9589569107296447 0.17152797450353746 -2.2814482189117116 -9.037404193316085
5.031365513801575 33.31631749868393 0.3557367559882051 0.4676169157028198 -1.8892829418182373 -0.6775400340557098 0.22481547067165375 -2.2808036283452298 -9.456281173555965
2.5937404270226203 43.497117199062146 0.541472567169622 -0.050335354469041915 -2.333915723462355 -0.9732047826385211 0.10440309177178736 -2.2760839901998358 -8.766896921141827
4.252268937910756 41.449916350837526 0.6955758767505004 -0.008647586620582848 -2.0401977831403686 -0.7275241501516301 0.13599465964508475 -2.275809480305134 -8.618966919468798
2.1223450773575974 22.306402997392937 0.5572468721798194 -0.671112390173771 -2.9396128468436897 -1.118808343928289 0.01876132183271836 -2.274603584514967 -8.573078829817646
2.6630841316861362 40.458059067264145 0.3608029592620964 -1.0191949423415234 -2.6291451984117664 -0.8727066717816858 0.3455966438878694 -2.272979929734148 -9.869674971477059
3.5814910791081833 15.2756972409539 0.5214558698191168 -0.0674436715072333 -2.0181246347378528 -0.6746775874293629 0.5693019708628335 -2.2702786345995976 -13.818645518337494
5.431769652152938 36.40610147648985 0.25111290835752087 0.24417727867113426 -1.6444139786145364 -1.0162978155014841 0.1823681615526437 -2.2702767784138507 -9.678699685099549
2.473942900280812 38.78720332510038 0.4774068517646022 -0.9540104829416882 -2.7081599586945604 -0.7376340094115954 0.28058263747954565 -1.9989435188838627 -9.354080789939179
2.4107492480144694 42.03838762211693 0.4208914487969155 -0.5928472473426627 -2.4641132049830556 -0.8139357390916975 0.23356437505477515 -2.022648667459632 -9.322110135600724
2.3514263487378746 42.07393667482679 0.28472569313914303 -0.8790310737050717 -2.49400169867597 -0.783825798947162 0.5152043364108924 -2.1336347546636425 -11.475842768934465
2.117498319660007 36.87964894788154 0.5305713745159565 -0.0013484122644202845 -2.5725423917856345 -0.6437057532651553 0.28082386533941495 -2.112598213178971 -9.258409246435127
1.9202702283316562 47.769785784983476 0.7201927296520791 -0.16173877508257783 -2.6310227813269895 -0.8551742953094563 0.2846608252002265 -1.864117907763204 -9.006717723177836
2.548077846279331 42.93476455606144 0.7409452733440599 -0.08776700435878948 -2.587722981343284 -0.525882983370674 0.29791051714656747 -1.9971959625226066 -9.03069453542212
2.237129240124793 36.494582822614106 0.7398357298549809 0.20329774100352882 -2.564586379752285 -1.2357493967049613 0.36381038596189286 -2.203216954170741 -9.306452930088073
2.6978008017086625 43.747296540760246 0.5948578868517459 0.21891863603388684 -2.7732039667227353 -1.1974708448763123 0.13510750197341218 -2.1437044347741754 -8.751061774268134
2.222203114053638 38.02822832042911 0.5964482613305472 -0.20976028002785485 -2.8074540544415765 -0.9119714949221307 0.26062612691061476 -1.8456510424320842 -9.087039449974524
2.585356158604832 41.30575589890197 0.780847132896503 -0.6859038429226181 -2.66463907276522 -0.8445287282081293 0.27251708821063386 -2.264789009036771 -8.900296947661179
1.8747432270141113 45.51618004755505 0.6319774634240697 -0.002967356313967162 -2.7630915230335544 -1.092049189309668 0.25367925491428883 -1.9813936432733055 -9.014605180557032
2.306029387337737 38.65213486482192 0.7642566772915264 -0.230879615961173 -2.4860272741423355 -0.5554225781292597 0.3201002630414874 -1.840671158587552 -9.090094317756465
2.235121500858383 46.57015933459927 0.6655977503925617 -0.34786097476534894 -2.979037057876383 -0.9255294813144053 0.3813582157670632 -1.9907385237307726 -9.482080083160401
2.5672063082231795 25.81194177086963 0.601889493924808 -0.5984304356155294 -2.3832057352550096 -0.7141724141893651 0.340234308908082 -2.248475769970937 -9.37389861554355
2.570680137598348 39.060556560705535 0.552715955028403 -0.8701441661314098 -2.675185983800618 -0.8078249567819777 0.22500798383711124 -2.058915530889338 -9.046445435948431
2.1286997860773544 28.932923836304006 0.5629025524760626 -1.4486100446220749 -2.872724820110735 -0.6083483133012777 0.32377701206692794 -2.2203935095195133 -9.364633916318695
3.1336598486666367 20.789968097762763 0.39833763873560757 0.271319154035067 -2.7394552813359687 -1.021968671850496 0.2697892825643372 -1.8574783438946434 -9.48713851042911
2.739262620372495 22.635764858267102 0.3574797663765762 0.12511103490405873 -2.620735655653471 -1.097121500947683 0.0256422901878876 -2.0252629966165245 -8.998604511840664
2.8636854097483364 19.908342965601733 0.45376605027089395 0.3839626085919443 -2.788203938450112 -0.966938389686498 0.005256424731621962 -2.0315066661679904 -8.736660620983395
2.8636854097483364 19.908342965601733 0.45376605027089395 0.3839626085919443 -2.788203938450112 -0.966938389686498 0.005256424731621962 -2.0315066661679904 -8.736660620983395
2.7254109771490636 16.804221939840936 0.6419891744931362 0.48633348117895014 -2.040365393223763 -1.3130221813514167 0.06641149658335789 -1.8756987351097836 -8.53887442316626
2.7254109771490636 16.804221939840936 0.6419891744931362 0.48633348117895014 -2.040365393223763 -1.3130221813514167 0.06641149658335789 -1.8756987351097836 -8.53887442316626
2.672045331977091 24.566974432951362 0.4557966092195125 0.6163577655778711 -2.6669381903675276 -1.3351579635060151 0.018496061240400364 -2.2165919112291084 -8.75612906554547
2.8938956224890204 16.413374064545366 0.30776008609126887 0.27803511176484585 -2.8502230454795567 -1.1333096815798647 0.0753481469329699 -1.8700854338605681 -9.238120231143593
2.819429201628696 15.000414519885124 0.6125881984534608 -0.5870267352730558 -2.8755094088247692 -0.842852045638292 0.17798427270801778 -1.872120322148961 -8.828546090733479
3.609725543554775 21.570834014265102 0.6328075807209621 -0.13893888731679516 -2.495100659407887 -0.6808338692229263 0.28334898791634666 -1.917933682264021 -9.111184483240214
3.1948953029718816 16.359388698509072 0.6290161482683876 0.23043120534226258 -2.3771066263927354 -0.7027625972300058 0.15796423904667517 -2.1209575529719777 -8.756059804014235
4.572626233100891 21.733903288841248 0.5490316141010239 0.10570573806762695 -2.3906641006469727 -0.5115124881267548 0.03333493630886078 -2.256800200301514 -8.613060602861676
3.044439870415027 30.582597329964514 0.4975639111123244 0.14775526771802117 -2.026880975131607 -0.5206238586166148 0.16953163199874766 -2.0318882951321307 -8.993572643325836
2.6942961721980243 24.0220645425553 0.6079652829191783 0.13668170734840324 -2.748920903559286 -1.0393294428001605 0.17368953412947813 -1.8931717794531209 -8.824326605020424
2.6942961721980243 24.0220645425553 0.6079652829191783 0.13668170734840324 -2.748920903559286 -1.0393294428001605 0.17368953412947813 -1.8931717794531209 -8.824326605020424
2.753229602551868 25.161932508689958 0.6357427309187618 0.4992900980663477 -2.4246974665414487 -1.3425284998114817 0.11434275741147117 -1.9268889701512466 -8.646803806281145
3.2895353491130113 23.532328093707157 0.5365828735234556 0.22268499425363508 -2.2408573189417655 -0.7713772200686142 0.14645246655119504 -2.248905026427223 -8.869217753148812
2.785536567871219 24.983708579501865 0.5913600970359969 0.4548308936002501 -2.6121707869330737 -0.8859072786289128 0.12434874678260477 -2.043085322906305 -8.731945540875325
2.6824508181848437 25.00955492192545 0.5297046559271178 -0.26140904373783913 -2.997154994517938 -0.8357005862936298 0.3296547915976684 -2.034973022544893 -9.443176816187531
2.710634374613641 27.123464238273456 0.48639751093238004 -0.4478082156907821 -2.7627022067643834 -0.6875860056295005 0.26524776025855856 -1.8654512823254055 -9.285675332479803
2.710634374613641 27.123464238273456 0.48639751093238004 -0.4478082156907821 -2.7627022067643834 -0.6875860056295005 0.26524776025855856 -1.8654512823254055 -9.285675332479803
3.192790721417519 27.79803146918112 0.48659204307175297 -0.5084708478188784 -2.87979575127936 -0.879384493133744 0.26133455861031385 -2.1378540367306433 -9.272647730279903
2.995556250625552 23.156396356933424 0.1312533297902436 0.49318678522319237 -2.6281014448982427 -1.1214793047439806 0.07576486913481668 -1.8923408623057734 -10.078186940998036
2.9255859706815874 16.517842166845746 0.6166978793444824 -0.4352507170350499 -2.5349120517045893 -0.717690264983672 0.055821051913584135 -1.9137750187301785 -8.552901141578811
3.3130540759627434 26.099383356455405 0.3016861531692491 0.13828396500019435 -2.535027124009021 -1.19280756259222 0.026757817978371817 -2.1238710085070336 -9.164163646763745
2.9873522107255766 18.325843458358538 0.16104514972016215 0.24650922196846548 -2.8778963532677437 -0.9117793644663426 0.025587227163539786 -1.991474372930381 -9.778834045917122
3.487354812734365 31.694436718465735 0.5071193173827235 -0.26604924630700655 -2.639137251734461 -0.8443072554466093 0.031386109819893336 -2.1383271875287715 -8.681342874941532
2.8624577195061387 33.86347033124438 0.48923106669816196 0.3770182922013374 -2.250652830462079 -1.132325945665713 0.03745789083048406 -2.0762143430226847 -8.725519853444133
2.5503674239303322 35.49691685389101 0.7177353216782356 -0.19772909958010487 -2.4374380493486143 -0.8148116580392593 0.02406484855707352 -1.9630227784439283 -8.364693169780512
3.497464957351504 33.54936792340689 0.6743145693991561 0.3641176738550862 -2.350676213948445 -0.6616772339388861 0.19481154045925375 -1.8422625561519261 -8.78976365643177
2.3476222014901946 34.01681164295566 0.7339673235693895 -0.027337696886856167 -2.7212216084180945 -0.7534433870221435 0.02037705678555121 -1.8891134853412157 -8.339699221032431
2.7732407876281906 36.56509180072999 0.6182906740916501 -0.24691843216702525 -2.6805818734883955 -0.8444291831853628 0.09871454977905265 -1.9293581282837329 -8.63734282192842
3.6060989739418794 40.77978582817414 0.7482647129668426 0.2242273487986548 -2.334642138793874 -1.0126641324301315 0.10513290630463452 -2.1824396998108524 -8.490764012827213
2.771967199520444 30.679194674641934 0.6507649445108726 0.36822504283866575 -2.751601780196466 -0.5805166680948295 0.15668498353631655 -1.9089414252095622 -8.723757010114854
3.01413571216543 44.08301668047818 0.6352331967344205 0.2023656021233018 -2.6936004468069985 -0.8618124295902709 0.07524038394367609 -2.0285890459094746 -8.56557767607427
1.9679188858772751 37.396504439860756 0.6078598867189723 -0.33547718821909767 -2.6285842851724928 -0.9893396092874829 0.04771124199780448 -2.1595522831691123 -8.54990833546419
2.4425993501948975 26.986949896737443 0.6768586882929658 -1.4551329761671286 -2.800280184416617 -0.6526202311659293 0.004421052846642475 -2.2445435952259323 -8.378309528887963
2.7535339920978363 35.57059699693333 0.5717370799915844 -0.39760021639377086 -2.5867191700383327 -0.8393588035004638 0.11902613533733512 -1.9072418887319922 -8.749989411333022
2.7894911383493 45.90357598381105 0.6385360135678017 0.1295727769477617 -1.1956948572903106 -0.7484790444241005 0.4520699570604363 -2.228447390956938 -9.979785472879092
2.5315073181369865 37.05823679871612 0.588309351122711 0.4798414844033543 -1.078069231657989 -0.9464266873641938 0.5718635242086577 -2.0165230678824972 -15.464145027217373
3.116866655792543 35.62508904434847 0.5110970253340278 0.020594863997215107 -1.8004874813249137 -0.5151409657154944 0.32125179683609584 -2.0167020247593896 -9.441618470747237
2.7954127269758438 40.030477551664546 0.5923379110646608 0.3130843460571766 -2.1342870291592346 -0.5861979884950732 0.502729016199207 -2.0104283348936436 -10.591614673424088
3.153242255461367 45.03156785931951 0.5970440442658387 0.3755477528175164 -1.6314693979539372 -0.5335736756279368 0.5252136137208532 -1.8570227046904308 -10.974335221428653
3.161760867290441 30.098076629100767 0.6715009099077022 0.4544991275291155 -1.5088309726767684 -0.8216195570450928 0.5678225481442335 -2.037121602046483 -13.205956375777443
3.0509106215056656 46.174403106492775 0.7050738158582796 0.2109441483155221 -1.8797154998847754 -1.0821451496904633 0.2693155685701263 -2.2053473763766425 -8.972257869236481
3.811523474450511 41.92703073006956 0.6473820043954093 0.2557255254156554 -1.8482145883820158 -0.6012558615431827 0.24406947714549265 -1.9259307646232293 -8.964194806684631
3.5950109362602234 42.66003519296646 0.6661715346192104 0.3313555121421814 -2.0145150423049927 -0.9671050608158112 0.3396368455410004 -1.9909696133917372 -9.283820422727135
3.498771716859531 32.080193458831985 0.7210052794600323 0.33777248725561115 -1.8507687800698085 -0.5391289515098383 0.4687495318005391 -1.853491852949845 -10.026822473601161
2.310856281624712 32.16310531417419 0.7688465132007459 0.5139255878392897 -2.7693217591587334 -1.3335026235981466 0.5502958160443454 -1.953940410260824 -11.520179017885454
3.0085945511289154 30.822987905037166 0.6981921267773877 0.40165915164075416 -2.498141943092048 -0.8351101742752634 0.5447645471093263 -1.9727693166297673 -11.375313095238143
2.8699740481310454 29.740744226879357 0.5822105202477739 0.4698257749821635 -1.052126821473358 -0.9890708973937636 0.4731463071063607 -1.9397604397797765 -10.252934986572898
3.643987653704274 27.52001980717835 0.6630248142438946 0.35531918251712113 -2.4604540410365097 -0.6178974329133644 0.5595492284806033 -1.8538942730926478 -12.184454253082414
2.8690476790299053 35.958960817321035 0.6611727438363879 0.17124709463146326 -2.2656502450564204 -1.1530412387043028 0.34988083097352646 -2.199856968235985 -9.33522090751882
5.127536660227106 30.73039674447771 0.4917551631994439 0.20665956020812581 -1.734957803678497 -0.6846881418478574 0.34508060827755216 -1.9934960023656745 -9.576595755239333
4.7307107948673695 35.30335077762418 0.5375174529261748 0.14627104526673218 -1.718307494337452 -0.9643196371088214 0.3866678832415456 -2.176326459391 -9.697658931922048
4.966277956181742 33.39924603316083 0.4543373178490837 0.39512330125879735 -2.036099321500965 -0.8325010078987125 0.45729557193763465 -1.9133252045013176 -10.330262843673408
4.966277956181742 33.39924603316083 0.4543373178490837 0.39512330125879735 -2.036099321500965 -0.8325010078987125 0.45729557193763465 -1.9133252045013176 -10.330262843673408
4.028186422597388 23.477979396990282 0.5930120754958846 -0.3520772885342689 -1.9474149937813097 -0.5985013736417999 0.2780021740829699 -2.207786386606852 -9.149465520620167
3.4256067905545615 21.370306722112613 0.5371345348734328 0.4237514921575922 -2.6275799778332614 -0.7272744791774115 0.41147889422482575 -1.90590059593873 -9.841692811374187
4.390628684439369 26.986704268001024 0.6701462816090539 0.06253519909890093 -1.6810838426243282 -0.8428655812788994 0.5054388384214821 -2.081950620035163 -10.524693033388218
4.4519639218983516 20.025976384189267 0.5019528904979728 0.21047482134584472 -1.6573918547451933 -0.677001336424059 0.5042789754416274 -1.887711156377669 -10.762857981010834
5.195676537490777 20.728618969900147 0.46905062058048536 0.3673535709109643 -1.583920418931661 -0.5616386387457695 0.29850767639317816 -2.0041507814430113 -9.43379399990396
3.754740758892838 23.250180171415344 0.5466499559928969 0.14399076222954044 -1.6410750681819015 -0.7282883881293469 0.37848749913129165 -2.140890298176694 -9.639393326976295
4.19405661555435 24.30602556153091 0.7270112314940896 -0.06720726592370507 -2.0925852163136427 -0.7503087166821052 0.4456201171549311 -1.9854690280936644 -9.818601761012768
4.83693413445412 18.33346308767718 0.5035651098818265 0.4105456688348994 -1.7886535822098668 -0.8577850089504837 0.4383007067583862 -1.851279968455071 -10.082631461919052
2.3727891170994138 36.373550457673694 0.5746231992519295 0.5766841783435068 -2.4252511894420303 -1.2681704830156306 0.34836663571932486 -1.8991226356822382 -9.450440121645949
3.8927012512146892 25.78773413130901 0.3960766124027586 0.4430148177551141 -2.7586161269838034 -0.9696136484217712 0.34271688825879126 -2.039126961831516 -9.768274908931543
2.8927205480922105 27.185498153104493 0.1439012434203052 -0.005479141870192716 -2.7065983536328706 -1.2652018233668336 0.5512750320875233 -2.204864117621342 -13.144169672954083
1.655877597468817 32.9406686944471 0.12738548746968395 0.8226791751161242 -2.947758851965293 -2.416099410390735 0.4699445361468445 -1.9554462956648986 -11.686358881378252
1.655877597468817 32.9406686944471 0.12738548746968395 0.8226791751161242 -2.947758851965293 -2.416099410390735 0.4699445361468445 -1.9554462956648986 -11.686358881378252
2.884632679561041 30.654337233931628 0.1235213473727703 0.3743695654771888 -2.7187933007123437 -1.3748848350549867 0.4790143478781428 -2.12559818986115 -11.809691440131637
1.9972976692074762 32.60011293560526 0.2537173447388766 0.7166920187451291 -2.5866759878596652 -2.4522220263646672 0.468759363260226 -2.128543053855651 -10.993900468722327
1.7898020366391834 32.1338720565778 0.15655849601261743 0.7269851590866647 -2.703518952209519 -1.7339342518254726 0.3586110412972966 -1.9636675266636023 -10.745968301145982
2.8860259571582327 23.463140283282684 0.20439494118968698 0.3799140472212672 -2.7250047529134314 -1.117441839906796 0.44297934030467806 -1.928863301401645 -10.984149404036094
2.8860259571582327 23.463140283282684 0.20439494118968698 0.3799140472212672 -2.7250047529134314 -1.117441839906796 0.44297934030467806 -1.928863301401645 -10.984149404036094
2.138848308560931 33.424056613584725 0.10150137362946043 0.6299310004336185 -2.3888282218859755 -1.7792720553326915 0.3992066498873379 -2.141580551405111 -11.387535680690233
2.1737410568084563 41.953251516907955 0.23427992850754817 0.5535167636754523 -2.4105936276545568 -2.6582049711195688 0.3883328721167333 -2.135322250046112 -10.497646385372985
4.073658703487616 17.96472745087473 0.27344439135431264 0.085240418839303 -2.6356636054352127 -0.5554063161476015 0.4697039555048936 -2.1100003062040007 -10.929920236304762
2.4233073862998307 42.0527152652291 0.35655547480345434 -0.3589018567648754 -2.150999178746758 -0.6269706227639187 0.3952800017214428 -2.2151954552575024 -10.128260796605293
3.07079208410354 38.841993781903795 0.49522623991225534 0.5114550513952834 -2.148280028009143 -1.0690632571422856 0.41693560782184647 -1.8598620862238664 -9.950081800038987
3.6804118640516013 44.55420808429689 0.41819853182552297 0.21173472180746256 -2.096627933615936 -0.8256299884450087 0.5064689276854649 -1.9199907407109829 -10.965052993972353
3.106944504065326 36.32369773254315 0.33547168028073265 -0.08580113758622643 -2.2878633367862147 -0.932331023188369 0.4784017424795573 -2.2292242626886796 -10.820312893700525
2.6976884982897196 47.28899129652836 0.5246641027003531 0.4344311131907661 -1.8709533526836835 -1.0686571860940746 0.3132723555769163 -1.9482145406243072 -9.386527127352233
2.6976884982897196 47.28899129652836 0.5246641027003531 0.4344311131907661 -1.8709533526836835 -1.0686571860940746 0.3132723555769163 -1.9482145406243072 -9.386527127352233
4.328610391580968 35.63073567554743 0.42072648281680547 0.412173069222038 -2.451209726914067 -1.0393560804313944 0.19932742527252045 -2.2097566942487257 -9.226220875677067
3.451238568874054 46.11774962207552 0.5131240776786935 0.2389980423307172 -1.8649569149553782 -0.7548945824747944 0.17180981342051016 -1.8867152471089215 -8.971116753247985
3.8084308059644254 37.99874157839997 0.19334530457268825 0.1515791943063567 -2.684753375067101 -0.6147995032975162 0.30565116810320053 -2.2622154149619 -10.315751874171388
3.6592283301962927 49.83834287500829 0.3576863421360598 0.43846809870978243 -2.296312392438212 -0.9614326034129768 0.22942843151430153 -1.9832472237284449 -9.4644098544937
4.988601779137132 39.67522029981195 0.34409483018614795 0.18641758290519927 -1.6364437193594463 -0.7374230685170411 0.27035598324313076 -2.059940696964068 -9.628620904455673
4.056290210417417 41.22242999979761 0.24952974253943003 0.28199691869344123 -1.6475452515894782 -1.076386767888909 0.4022579066396821 -2.0211326662054367 -10.51448602692305
4.134370655610297 44.48251180593645 0.23894514420802604 0.400114386987819 -2.026844553540547 -0.9006900392707742 0.5080056727950755 -1.8884236033651525 -11.52857336249815
3.304306523818614 35.15927686212902 0.33885631548085327 0.4841109743316361 -1.9730255831688814 -1.3939862835743473 0.19938767413957395 -2.062711637995945 -9.432322354329331
3.8641061926915534 41.874078036857114 0.27661755046346465 0.19878858663138876 -1.535555211739334 -0.9867415654091718 0.24625930510614438 -2.0451645208411127 -9.76311976400506
3.275005703813149 46.87239472153381 0.44775375819646707 0.2522497244220263 -2.2507557252750656 -0.988106056456608 0.3929496315516702 -2.0269470233315623 -9.89979691836398
3.275005703813149 46.87239472153381 0.44775375819646707 0.2522497244220263 -2.2507557252750656 -0.988106056456608 0.3929496315516702 -2.0269470233315623 -9.89979691836398
2.4413853513388735 39.668301976050614 0.41402182853742553 0.6296165159351568 -1.8834332937162528 -2.628914967722912 0.23447527465087212 -2.1178051150029784 -9.340291122167752
2.183373115535809 42.972260816930785 0.2997717762694737 0.534269328256137 -2.112113940353968 -2.575798858210162 0.2276000693433487 -2.1216352222037878 -9.629335465479906
2.4880530825637015 33.08578303617028 0.5472264692266615 0.4347796298163016 -1.6935469380911106 -1.937073372425143 0.02324783097224671 -2.1562418734180664 -8.597477969306688
2.5594329090003014 23.169350563206557 0.6916998733402921 0.5883102200108956 -1.5512515841997971 -2.0900245676199134 0.18113936668651945 -2.128863372860685 -8.732826130485117
2.513128614915779 39.725723155938155 0.7047654307735133 0.4116892741656297 -1.0961418369904434 -2.199826572306621 0.20142792377438895 -2.2424626619697356 -8.770504987244681
3.112788069568109 24.586260774524007 0.5820484420883367 0.49513997842286184 -1.1000426434261674 -2.8984698206410937 0.15411089472989728 -1.8583057226197086 -8.814687519054385
3.7796869400098627 27.380687743701415 0.7146517162714715 0.35245294746464007 -1.0034381313709835 -2.4069004867622246 0.23313235824152803 -2.25953406515735 -8.848333492559634
3.5059871416774957 39.133663512465375 0.6763347837726086 0.46782343546170413 -1.217253914150119 -2.905066470112277 0.29867364179000244 -2.002916291470742 -9.10891736239195
2.041387851322669 36.40598282208747 0.5420572382160382 0.509858718104673 -1.8764433977209014 -2.674823756093198 0.22290549960685824 -2.0781356516454483 -9.05789929795207
1.8734194744277692 38.36456422362285 0.2968017881458436 0.5600379528941919 -2.050484177416096 -1.9547367081563527 0.0074281752030035935 -1.9631555883483824 -9.145183774827235
1.8734194744277692 38.36456422362285 0.2968017881458436 0.5600379528941919 -2.050484177416096 -1.9547367081563527 0.0074281752030035935 -1.9631555883483824 -9.145183774827235
1.8058830543509148 43.224298053603775 0.5689617569169966 0.4747551530446459 -1.7407949201408712 -1.9793835520543461 0.2316680997200085 -2.187125366256975 -9.039937123679783
3.119612455368042 32.05603748559952 0.511508923466382 0.5696427822113037 -1.9598133563995361 -1.1824472546577454 0.09410794000625611 -2.183371961653118 -8.796706007503989
3.33299564313635 26.41025574157632 0.5293354571795614 0.5003680150875538 -1.8066390811625765 -1.4798657710843508 0.08402371617383037 -2.0664520666854616 -8.744733817376481
3.751332511535083 41.17082298509102 0.7535908037161143 0.07142852535258681 -1.6092622330794177 -0.9695879489819479 0.19911699182325665 -2.267900722467084 -8.70962160540566
2.581618749398035 18.99998481454296 0.6590391705356046 0.5324039071101865 -1.1662718530963485 -2.132016511046199 0.3055573903091573 -1.8848290022049274 -9.156323630499243
4.545999529584819 18.591448131935167 0.6339207254365211 0.2599808071395975 -1.9898514763134394 -0.6434970419578661 0.1837744028760972 -1.8426619886917823 -8.813655295176996
4.545999529584819 18.591448131935167 0.6339207254365211 0.2599808071395975 -1.9898514763134394 -0.6434970419578661 0.1837744028760972 -1.8426619886917823 -8.813655295176996
2.351367232450273 21.72079036588547 0.6593048637775141 0.4795879728069856 -1.961710117497861 -1.2078667952810496 0.26524478862683454 -2.212594309078453 -9.015286516183398
2.8508853365854083 23.6150553849778 0.7159020162463001 0.4233820917670341 -1.3392425270249846 -1.3285839661386944 0.46080384077141934 -1.9969404211799826 -9.95879695690137
3.8897513003082715 19.384513687516247 0.6132718746085314 0.4014099041658574 -1.5263230479260281 -1.1257420225250119 0.20159873022445698 -1.9250288287938249 -8.88931321846918
3.8897513003082715 19.384513687516247 0.6132718746085314 0.4014099041658574 -1.5263230479260281 -1.1257420225250119 0.20159873022445698 -1.9250288287938249 -8.88931321846918
4.841062184748855 19.419390871764293 0.6685429134972863 0.3941813827467202 -1.9848297449819907 -0.9927630143413406 0.2267494482330078 -1.9619411469450587 -8.885404041707343
3.83771937909819 20.405327480695092 0.7367587752974089 0.47447663353693503 -2.057431596515873 -0.6732168149599471 0.2529282341064543 -2.006129260065311 -8.883534160974143
3.276492377047575 27.696030388158196 0.7619731595526047 0.4071648287432903 -1.2244782848575757 -1.2758571159140981 0.2531181866814013 -1.9392340549987246 -8.85702561602394
3.276492377047575 27.696030388158196 0.7619731595526047 0.4071648287432903 -1.2244782848575757 -1.2758571159140981 0.2531181866814013 -1.9392340549987246 -8.85702561602394
3.0544709391655287 23.719441328564685 0.6505021387695183 0.41427158744398973 -1.731379683336065 -1.2797669394731574 0.4265111659404927 -2.0794795616302117 -9.771257307737013
5.307912715721387 15.458328135619873 0.5255420601902788 0.23422266895069832 -1.8265886069492867 -0.8985422139512385 0.22773230141184667 -1.9209837578076017 -9.099751744667879
