luminosity_distance KNtimeshift inclination_EM log10_n0 p log10_epsilon_e log10_epsilon_B Ebv log10_E0 thetaCore thetaWing ksiN L0 dL b q ts log_likelihood log_prior
192.5194117658935 0.6752519428784223 0.1000740715802713 -0.399500411139047 2.926956410861833 -0.6015665891820241 -1.1604241066855652 0.16622724296852479 53.0 0.05 0.1 1.0 0.0 3.09e+19 6.0 0.0 0.0 -9.054650145044178 -11.78142310415279
118.5282826423645 0.35128986835479736 0.10469459697035663 -0.22853171825408936 2.702668249607086 -0.8540473580360413 -0.8310636878013611 0.00952688970565796 53.0 0.05 0.1 1.0 0.0 3.09e+19 6.0 0.0 0.0 -7.382913122028905 -11.41016837789326
147.65154725942182 0.6217466879367892 0.05078178461122723 -2.993081776950764 2.567707573909658 -0.4872376958059732 -0.6639732797808842 0.039546164298832995 53.0 0.05 0.1 1.0 0.0 3.09e+19 6.0 0.0 0.0 -6.77278262942672 -12.187087575069317
111.40604725281392 -0.8630837803436067 0.181517350499496 -0.29608656791025734 2.6197040708041284 -0.521409689609742 -2.0526035645963465 0.029559947904203777 53.0 0.05 0.1 1.0 0.0 3.09e+19 6.0 0.0 0.0 -6.636829308290206 -10.899774127781207
132.4026912002464 -0.4333392548112127 0.09635253578363723 -2.49272010250668 2.510788817578198 -0.16904292368221574 -0.36930512668767523 0.03634720950513185 53.0 0.05 0.1 1.0 0.0 3.09e+19 6.0 0.0 0.0 -6.484861309676311 -11.541744038630315
127.46409364788599 -0.5779231541718766 0.16306829067567596 -0.2843170379839979 2.3177285578646907 -0.3191493909893195 -0.7994223586690974 0.27272116675472613 53.0 0.05 0.1 1.0 0.0 3.09e+19 6.0 0.0 0.0 -6.268031655389095 -11.599998009822574
140.9968277987324 -1.3115866939250838 0.08808380354199633 -1.911160098407039 2.123479712970644 -0.0671746436226841 -1.4283709101969595 0.29686992811753826 53.0 0.05 0.1 1.0 0.0 3.09e+19 6.0 0.0 0.0 -5.879762269379413 -12.296750626491752
106.06022304182528 0.15366022071296337 0.18195151904670467 -0.962564330875193 2.598306264701308 -0.27512737717548363 -1.0552034088691467 0.24515947004875951 53.0 0.05 0.1 1.0 0.0 3.09e+19 6.0 0.0 0.0 -5.831581250158988 -11.403530705527452
142.51131726043712 0.2428572445375945 0.11013719154619758 -2.043221207127835 2.3665540755988856 -0.624979246555033 -0.9629318261801418 0.265445533073899 53.0 0.05 0.1 1.0 0.0 3.09e+19 6.0 0.0 0.0 -5.745110068280011 -11.966038929879941
170.7988111729427 -1.4845435590851885 0.1290158794153863 -1.7262219132682581 2.8293193695025147 -0.2079887618295313 -1.4169421726096378 0.3017931953452728 53.0 0.05 0.1 1.0 0.0 3.09e+19 6.0 0.0 0.0 -5.674101272413722 -11.934615985295306
133.79880785942078 0.7187564373016357 0.18552690082556195 0.9260616302490234 2.734867513179779 -0.05572772026062012 -1.1629534363746643 0.0010086897611618043 53.0 0.05 0.1 1.0 0.0 3.09e+19 6.0 0.0 0.0 -5.559482683241363 -10.826911746819214
104.30378837662198 0.3054527335583517 0.12815565608489465 -1.6561351613674948 2.756167803906537 -0.335934491904494 -0.8073328342513353 0.05820465563186022 53.0 0.05 0.1 1.0 0.0 3.09e+19 6.0 0.0 0.0 -5.4646723975557325 -11.299332599814992
168.16357138621123 -0.40287672265444385 0.12945779004550226 -1.9301777118610857 2.762725054761555 -0.5791866476691196 -0.8042993824941527 0.07766313883829776 53.0 0.05 0.1 1.0 0.0 3.09e+19 6.0 0.0 0.0 -5.443360049841486 -11.327856488540437
121.59270230386244 0.725712221366678 0.10733302396764413 -0.8214929758906968 2.9021206568045206 -0.7821112869091849 -0.013269742902374038 0.056110470431987386 53.0 0.05 0.1 1.0 0.0 3.09e+19 6.0 0.0 0.0 -5.441870748405156 -11.471759330940145
123.30388870562142 -0.40511077542711504 0.1192081875888707 -1.3612854912608316 2.421985679174588 -0.6285517634685673 -0.42174914768523486 0.24833755634778656 53.0 0.05 0.1 1.0 0.0 3.09e+19 6.0 0.0 0.0 -5.424675886401102 -11.833004506847553
158.75291094041637 -0.3195136610693883 0.14539669717938733 -2.2254471691857636 2.337334281217784 -0.2516213470579598 -0.7816064310033886 0.1068910340552149 53.0 0.05 0.1 1.0 0.0 3.09e+19 6.0 0.0 0.0 -5.402091227991891 -11.273371262482982
140.08234244841188 -0.22029186448071103 0.17284505786858018 -1.2009333625401872 2.629573534832828 -0.08464003720161584 -0.22580625144703959 0.3583530308678568 53.0 0.05 0.1 1.0 0.0 3.09e+19 6.0 0.0 0.0 -5.3631560020969165 -11.878835773441434
109.09209058964578 -1.1719737756103092 0.15711922337909018 -0.8423625253058744 2.319825419053304 -0.07859773829424954 -2.2457610457195525 0.2050549603394538 53.0 0.05 0.1 1.0 0.0 3.09e+19 6.0 0.0 0.0 -5.313683578048054 -11.433253945282145
176.1708560275635 -1.3423498702313026 0.15321008868549657 -0.2243043718723423 2.9414966662614477 -0.2607370887947451 -0.34532732280120015 0.20475901986309838 53.0 0.05 0.1 1.0 0.0 3.09e+19 6.0 0.0 0.0 -5.303182913428495 -11.457440931443776
118.86320966933646 -0.32214088659236406 0.026150791968965165 -1.5272672693991536 2.748107576691024 -0.23579959954085217 -1.551919996553626 0.13569217241664328 53.0 0.05 0.1 1.0 0.0 3.09e+19 6.0 0.0 0.0 -5.2978369887275605 -13.049412736105017
115.66453078004447 -1.6761947261154737 0.13180501801809244 -0.0754338336142677 2.544902380462715 -0.10826203210991192 -2.3808874292894817 0.10828366505933122 53.0 0.05 0.1 1.0 0.0 3.09e+19 6.0 0.0 0.0 -5.242362512413871 -11.373880785291462
110.1801189738236 -0.03307581648993407 0.1726144376406646 0.23678994203753412 2.388726499401277 -0.3000459653121914 -2.4551248984723597 0.23424952166565777 53.0 0.05 0.1 1.0 0.0 3.09e+19 6.0 0.0 0.0 -5.231758162080851 -11.422862093720429
181.55909109801198 0.06478044802049832 0.1619623296558557 -0.8902956676595073 2.6214728759401313 -0.27385713072494333 -0.5786375458304138 0.20570509706016216 53.0 0.05 0.1 1.0 0.0 3.09e+19 6.0 0.0 0.0 -5.059584488522724 -11.404924461444917
154.46614303253114 -0.09819885168376818 0.15639664755950292 0.9414984803428355 2.4596429831547058 -0.0769980469717173 -0.6893469691686698 0.11760313451365972 53.0 0.05 0.1 1.0 0.0 3.09e+19 6.0 0.0 0.0 -5.0058244641041565 -11.22427633484718
187.64773983738408 0.1078222323413307 0.12035734886454173 -2.487033210061988 2.6530133749167435 -0.38873068390498133 -0.992246733811248 0.11769965131286912 53.0 0.05 0.1 1.0 0.0 3.09e+19 6.0 0.0 0.0 -5.0008515486490435 -11.484754246194136
101.60917513402217 0.6484372826064826 0.14060290693667193 -0.9600774737011588 2.4428907624571687 -0.2418729163871438 -1.6218994921366534 0.48111549025182715 53.0 0.05 0.1 1.0 0.0 3.09e+19 6.0 0.0 0.0 -4.997535192568048 -12.935818889068898
107.69765116257102 -0.4230295299452105 0.1466698319019921 -0.37107963061404803 2.4262340706504344 -0.38733866067042566 -2.0659794328995797 0.24594436834009645 53.0 0.05 0.1 1.0 0.0 3.09e+19 6.0 0.0 0.0 -4.967624534562416 -11.619552463103947
155.80718009862554 -0.37025506795966057 0.1090897233909021 -0.015452458900758081 2.5096154609122516 -0.06554308101063544 -2.074064816959031 0.16638101429655383 53.0 0.05 0.1 1.0 0.0 3.09e+19 6.0 0.0 0.0 -4.842574673767906 -11.69585621660896
143.77131094620736 -0.6877623121141903 0.011607760612609 -0.9333985949882324 2.5947692352214435 -0.1323282546261395 -0.5538692451782508 0.10136035853404561 53.0 0.05 0.1 1.0 0.0 3.09e+19 6.0 0.0 0.0 -4.807298375861758 -13.785848925676623
116.015314959951 -0.017570714349699035 0.13925886359812517 -2.4650724438648184 2.526754633132343 -0.39955567024733796 -1.1148046650726153 0.022230969746062045 53.0 0.05 0.1 1.0 0.0 3.09e+19 6.0 0.0 0.0 -4.781757976955039 -11.149116792459541
123.26433515633322 -0.6437565124711575 0.19021247797963262 -0.4067995156509898 2.545426289849271 -0.21998317157435832 -1.3080039862974502 0.20436216099169446 53.0 0.05 0.1 1.0 0.0 3.09e+19 6.0 0.0 0.0 -4.744077954606116 -11.242152528208871
134.4501979359913 -0.08278548734439628 0.14629628596309932 -1.0952977242512523 2.4873539837644207 -0.20965218433313204 -2.047247672315904 0.14665127542228043 53.0 0.05 0.1 1.0 0.0 3.09e+19 6.0 0.0 0.0 -4.7350811768079675 -11.356529020347722
131.4244898999932 -1.085117028770731 0.1063513974523058 -1.994669110143957 2.4913516435485716 -0.16422610847993546 -2.014345417607894 0.037518465461084935 53.0 0.05 0.1 1.0 0.0 3.09e+19 6.0 0.0 0.0 -4.734405356324111 -11.445534457815546
116.44079900025433 -0.5476932140612716 0.06035772837798321 -1.2069378408136218 2.804258640986853 -0.568853154237928 -1.1256046014448857 0.016553915092796516 53.0 0.05 0.1 1.0 0.0 3.09e+19 6.0 0.0 0.0 -4.701843069946274 -11.972269437377797
186.80938403884173 -1.230486755668978 0.047794629932084796 -1.798084371198483 2.430062422753856 -0.420491796317112 -0.665444905272186 0.08180751966114656 53.0 0.05 0.1 1.0 0.0 3.09e+19 6.0 0.0 0.0 -4.675436061656191 -12.330296273790113
120.36351835082728 0.593156444069507 0.15322332777323033 -0.31655909201273325 2.7187566270800434 -0.3205406742142429 -1.7344725522135196 0.382547588716552 53.0 0.05 0.1 1.0 0.0 3.09e+19 6.0 0.0 0.0 -4.667185601942517 -12.11821507797623
170.70574164390564 -0.6867216229438782 0.10576247185259609 -1.2173888683319092 2.71230810880661 -0.41641777753829956 -1.5866543054580688 0.1140479948759079 53.0 0.05 0.1 1.0 0.0 3.09e+19 6.0 0.0 0.0 -4.628260353910171 -11.605474388430329
128.6704170614372 -1.9827825958407326 0.10689394324805412 -1.5762676881091222 2.517660799428742 -0.22215894295976746 -1.6218781877355863 0.24675533882232065 53.0 0.05 0.1 1.0 0.0 3.09e+19 6.0 0.0 0.0 -4.603481237820751 -11.936703779482226
156.43255608515776 0.45087712984252004 0.16090371231994677 -1.1638925804162377 2.588816857871478 -0.06790599225280403 -1.0421294753944847 0.037452313185299055 53.0 0.05 0.1 1.0 0.0 3.09e+19 6.0 0.0 0.0 -4.599880187297323 -11.033786260926743
116.05348282533684 -0.7441397100933098 0.1622754758271088 -1.1226647232283549 2.58342619518612 -0.09468339804217374 -1.7897581460898568 0.3538791655045523 53.0 0.05 0.1 1.0 0.0 3.09e+19 6.0 0.0 0.0 -4.5885966887053895 -11.92065864233577
179.02222247740434 0.9644192530027804 0.16662102890501496 1.1326018086657612 2.885185085022918 -0.18162568042827454 -0.978699431909491 0.03955567808200668 53.0 0.05 0.1 1.0 0.0 3.09e+19 6.0 0.0 0.0 -4.584325541216128 -11.003122752458857
192.9330625808541 -0.5906068631213195 0.06919197447899253 -1.5590636747294635 2.365086580400823 -0.5053667248751119 -1.0467031647574567 0.0321621883965548 53.0 0.05 0.1 1.0 0.0 3.09e+19 6.0 0.0 0.0 -4.549318774046943 -11.864346350881597
180.2169248412971 -0.9985069944104543 0.1754662357233234 -0.5945164822242237 2.6487810212402554 -0.11105050487855062 -0.5452109851784597 0.20403715379659915 53.0 0.05 0.1 1.0 0.0 3.09e+19 6.0 0.0 0.0 -4.5436602603747565 -11.321064210267586
162.27293610572815 -0.04278439283370972 0.12046978088943393 -2.5570074319839478 2.6265164613723755 -0.04002642631530762 -0.08189839124679565 0.07981368191242218 53.0 0.05 0.1 1.0 0.0 3.09e+19 6.0 0.0 0.0 -4.541516268753768 -11.40379396494141
134.09670267396223 -1.1467797022406303 0.1393546406501505 0.5281549021313561 2.650323081476184 -0.05338751965605626 -0.4791620656904336 0.07774915564195571 53.0 0.05 0.1 1.0 0.0 3.09e+19 6.0 0.0 0.0 -4.51504458897246 -11.254807129384778
121.7046292761212 -0.25756447944573235 0.07718556936288277 -1.7566476352078535 2.919440063018574 -0.41647554847722024 -1.1491339256509723 0.11559128374797749 53.0 0.05 0.1 1.0 0.0 3.09e+19 6.0 0.0 0.0 -4.503786249794041 -11.922958495718145
100.44979656188157 -0.16787324978923945 0.15418458450357853 -0.10676062471187198 2.29315262132494 -0.514527091270002 -1.82564957171873 0.10114046781159906 53.0 0.05 0.1 1.0 0.0 3.09e+19 6.0 0.0 0.0 -4.502146991531922 -11.202848457387496
101.06851136928694 -0.6646791905317624 0.1894586098852238 -0.08153707855492964 2.4156269113477755 -0.35001881389339795 -1.1180631594576402 0.16351915118094187 53.0 0.05 0.1 1.0 0.0 3.09e+19 6.0 0.0 0.0 -4.489591133669987 -11.14083784471353
143.40690010046984 -1.6183042469047488 0.1020521005374067 -1.953946623183263 2.648136485238682 -0.07936280854308198 -0.8045099394783297 0.05643407977399973 53.0 0.05 0.1 1.0 0.0 3.09e+19 6.0 0.0 0.0 -4.478892118190502 -11.522654801750434
109.66829423434413 0.5808753301957772 0.12098698898539462 0.4108770558393626 2.552756426636966 -0.20702207998887534 -0.4415891385821933 0.32808228420911845 53.0 0.05 0.1 1.0 0.0 3.09e+19 6.0 0.0 0.0 -4.45270626794036 -12.100730947036523
137.81208256632016 -0.05827867288520916 0.11924961159337091 -0.05396770337856749 2.583016238814131 -0.04948815421985442 -2.1063581734125925 0.3475383657990648 53.0 0.05 0.1 1.0 0.0 3.09e+19 6.0 0.0 0.0 -4.409665473437355 -12.198109692748549
163.66782538704433 -0.632560462718494 0.11795258220197903 -1.3158096921621247 2.5005233137786185 -0.5332241433598677 -1.0500144307309531 0.01965666636956309 53.0 0.05 0.1 1.0 0.0 3.09e+19 6.0 0.0 0.0 -4.395390018517044 -11.309586037592997
184.37169393142648 -0.7233322926093972 0.14585683796486937 0.00437726824961171 2.887441637807474 -0.043551745846580836 -1.7091691447899713 0.19460355759807507 53.0 0.05 0.1 1.0 0.0 3.09e+19 6.0 0.0 0.0 -4.39524864632346 -11.479009720087896
156.59804628515315 0.5302064791957468 0.14434886460220145 -0.18462545725623558 2.401314779198461 -0.15210749253022948 -2.1203795303383592 0.29983577981719967 53.0 0.05 0.1 1.0 0.0 3.09e+19 6.0 0.0 0.0 -4.300079889590629 -11.815810500365009
107.50427129789342 -0.639090710171839 0.11509080832712201 -1.622705759055433 2.3192278536952613 -0.34121539321582084 -1.9490401992585102 0.03983160695365334 53.0 0.05 0.1 1.0 0.0 3.09e+19 6.0 0.0 0.0 -4.297948796400879 -11.37121845980287
139.27393582969935 -1.0375593199307864 0.11164547922554258 -2.5903773268998145 2.733870233157969 -0.2160595719391809 -1.2484613711436348 0.2136173433453226 53.0 0.05 0.1 1.0 0.0 3.09e+19 6.0 0.0 0.0 -4.297655193845689 -11.796475653793067
118.93911102935444 -1.4202420764296928 0.10074872528886272 -2.7752093277507024 2.507565573581588 -0.38782461853816175 -0.7757986713507785 0.3215450845315272 53.0 0.05 0.1 1.0 0.0 3.09e+19 6.0 0.0 0.0 -4.277387101461449 -12.256630612428461
141.94270113125827 -0.7570363396036484 0.134443148108239 -1.642715533015681 2.585978023408006 -0.29236055810911177 -0.6184804054331088 0.32740340849917055 53.0 0.05 0.1 1.0 0.0 3.09e+19 6.0 0.0 0.0 -4.274601418557351 -11.993071209795223
197.50900482364258 -0.18140572898626894 0.09595973768882442 -1.576144075057261 2.6960927863767483 -0.2834684136477872 -0.7987124289581145 0.4107502190241384 53.0 0.05 0.1 1.0 0.0 3.09e+19 6.0 0.0 0.0 -4.238224113542461 -12.744616946141937
197.50900482364258 -0.18140572898626894 0.09595973768882442 -1.576144075057261 2.6960927863767483 -0.2834684136477872 -0.7987124289581145 0.4107502190241384 53.0 0.05 0.1 1.0 0.0 3.09e+19 6.0 0.0 0.0 -4.238224113542461 -12.744616946141937
100.15028352281792 -1.0303842096232305 0.13549792180828574 -2.862730717212707 2.63789739276886 -0.2744365648689655 -0.842636562135402 0.19556972050927607 53.0 0.05 0.1 1.0 0.0 3.09e+19 6.0 0.0 0.0 -4.20194630380957 -11.55475323717946
122.03978886158887 -1.374678805246694 0.09801063586412435 -1.2527536324441357 2.7084313435380287 -0.10970553600827948 -0.7491305734139959 0.11717397537120981 53.0 0.05 0.1 1.0 0.0 3.09e+19 6.0 0.0 0.0 -4.191410149525452 -11.688174088629754
119.10329363322424 -1.3564085428468333 0.11547154768233828 -2.7314588509132447 2.94435998496189 -0.14395956459634007 -1.284967897610074 0.2946836659913004 53.0 0.05 0.1 1.0 0.0 3.09e+19 6.0 0.0 0.0 -4.18733674686271 -12.019041514162192
171.3619099642835 -1.0376333128350717 0.13529248605914332 -2.7144277585863397 2.994407337150737 -0.07495734836735046 -0.9909791135268327 0.14886691747619843 53.0 0.05 0.1 1.0 0.0 3.09e+19 6.0 0.0 0.0 -4.17904319268688 -11.439424530000936
193.20778819559882 0.18636429999845117 0.12871472974074266 -0.4842892461128252 2.810022173638721 -0.42813347711349214 -0.8818223887612895 0.09129834293352654 53.0 0.05 0.1 1.0 0.0 3.09e+19 6.0 0.0 0.0 -4.152316579580916 -11.36152823874886
125.66599676207261 0.6854122574806709 0.1803979495718593 1.0325147085427497 2.661222043316566 -0.29496219799232204 -1.0682514026802616 0.04960562845349157 53.0 0.05 0.1 1.0 0.0 3.09e+19 6.0 0.0 0.0 -4.149373920842254 -10.943518958617913
125.66599676207261 0.6854122574806709 0.1803979495718593 1.0325147085427497 2.661222043316566 -0.29496219799232204 -1.0682514026802616 0.04960562845349157 53.0 0.05 0.1 1.0 0.0 3.09e+19 6.0 0.0 0.0 -4.149373920842254 -10.943518958617913
148.66702309947232 0.4736301667923768 0.11514818924573798 -2.6375461091457737 2.439329628445767 -0.1416525235533359 -1.4441481543148584 0.06536416467110064 53.0 0.05 0.1 1.0 0.0 3.09e+19 6.0 0.0 0.0 -4.145193007350174 -11.41985186183035
114.50908640889067 -0.5154878947240473 0.12593255236546966 -1.6767931721717844 2.645265842615898 -0.6437119728008946 -0.6778862707512516 0.13845117633911097 53.0 0.05 0.1 1.0 0.0 3.09e+19 6.0 0.0 0.0 -4.126672815066642 -11.486414108961863
136.43557947960306 0.6773856098732498 0.16385410556283972 0.655828288964627 2.6989812854133204 -0.3603265777853073 -2.0469509687492766 0.036416067527601764 53.0 0.05 0.1 1.0 0.0 3.09e+19 6.0 0.0 0.0 -4.120249552439815 -11.013840707095918
189.35384825706885 0.6737950351304041 0.10365905931551898 -1.4956806936883251 2.6947286708188365 -0.3852889196129996 -0.15746641306705111 0.058635743570468316 53.0 0.05 0.1 1.0 0.0 3.09e+19 6.0 0.0 0.0 -4.1196831385434285 -11.51136237205023
189.35384825706885 0.6737950351304041 0.10365905931551898 -1.4956806936883251 2.6947286708188365 -0.3852889196129996 -0.15746641306705111 0.058635743570468316 53.0 0.05 0.1 1.0 0.0 3.09e+19 6.0 0.0 0.0 -4.1196831385434285 -11.51136237205023
184.55048521655615 -0.8984978027490003 0.04367930272370876 -1.525820601924769 2.8495709022929203 -0.12975714574018582 -0.8258197047130253 0.18034693698484908 53.0 0.05 0.1 1.0 0.0 3.09e+19 6.0 0.0 0.0 -4.111760346114089 -12.644489053569323
184.55048521655615 -0.8984978027490003 0.04367930272370876 -1.525820601924769 2.8495709022929203 -0.12975714574018582 -0.8258197047130253 0.18034693698484908 53.0 0.05 0.1 1.0 0.0 3.09e+19 6.0 0.0 0.0 -4.111760346114089 -12.644489053569323
120.38336663461467 -0.922373883689009 0.1820230612693992 0.6201873092454715 2.4576868588935543 -0.2025519576060355 -0.7311958341180298 0.07352311092067035 53.0 0.05 0.1 1.0 0.0 3.09e+19 6.0 0.0 0.0 -4.106498634984771 -10.981478054532639
109.1192660399921 -0.028424476232488782 0.1575437625903998 -2.138867226585835 2.6326947144926827 -0.20499781973707876 -0.3727670508766403 0.2140687322831417 53.0 0.05 0.1 1.0 0.0 3.09e+19 6.0 0.0 0.0 -4.104423616966848 -11.455421552502923
130.62308065954565 -1.5266517475463819 0.10076396392724649 -1.1417529571704943 2.838918226414695 -0.04435007785226208 -1.463430875431282 0.06906014048323415 53.0 0.05 0.1 1.0 0.0 3.09e+19 6.0 0.0 0.0 -4.076807303396342 -11.560089021105979
130.62308065954565 -1.5266517475463819 0.10076396392724649 -1.1417529571704943 2.838918226414695 -0.04435007785226208 -1.463430875431282 0.06906014048323415 53.0 0.05 0.1 1.0 0.0 3.09e+19 6.0 0.0 0.0 -4.076807303396342 -11.560089021105979
175.42002459451072 -0.31446052191416607 0.17715714147619577 0.7175225509270788 2.874481764559366 -0.11116593049705248 -1.2930008941705038 0.020356674696348845 53.0 0.05 0.1 1.0 0.0 3.09e+19 6.0 0.0 0.0 -4.074507464997078 -10.907015200455794
100.13293147703621 -0.6702435388169012 0.11322772180799985 -2.222688257218313 2.335783249897441 -0.23930211359170483 -0.36254509859428197 0.10197287231078007 53.0 0.05 0.1 1.0 0.0 3.09e+19 6.0 0.0 0.0 -4.064803002406312 -11.511538190888952
176.4163717775177 0.8289299400488783 0.1253997188420474 -1.3977757078550923 2.6389047444151688 -0.4539876604801849 -0.5054446335272953 0.2881924761815096 53.0 0.05 0.1 1.0 0.0 3.09e+19 6.0 0.0 0.0 -4.063933541784582 -11.913853764879857
176.4163717775177 0.8289299400488783 0.1253997188420474 -1.3977757078550923 2.6389047444151688 -0.4539876604801849 -0.5054446335272953 0.2881924761815096 53.0 0.05 0.1 1.0 0.0 3.09e+19 6.0 0.0 0.0 -4.063933541784582 -11.913853764879857
186.77839201961652 -0.17501975842664175 0.11434190910866401 -2.0166301657774266 2.366263291717049 -0.21645069433161312 -1.2832898717192665 0.12192475610788855 53.0 0.05 0.1 1.0 0.0 3.09e+19 6.0 0.0 0.0 -4.040885089624732 -11.54512629353258
106.49037731557026 0.3626187566341432 0.07194783975695973 -2.2380086902223164 2.4605892174914237 -0.34379307168029705 -1.1762456956423404 0.2979608783971752 53.0 0.05 0.1 1.0 0.0 3.09e+19 6.0 0.0 0.0 -4.032533266077442 -12.50263464832348
106.49037731557026 0.3626187566341432 0.07194783975695973 -2.2380086902223164 2.4605892174914237 -0.34379307168029705 -1.1762456956423404 0.2979608783971752 53.0 0.05 0.1 1.0 0.0 3.09e+19 6.0 0.0 0.0 -4.032533266077442 -12.50263464832348
110.91767687654611 -0.7387097458619074 0.06430393617189074 -1.2020119709192947 2.2791909066883176 -0.32505328589773974 -1.757355256959289 0.16263788157329978 53.0 0.05 0.1 1.0 0.0 3.09e+19 6.0 0.0 0.0 -4.007591373268354 -12.213934240168982
110.91767687654611 -0.7387097458619074 0.06430393617189074 -1.2020119709192947 2.2791909066883176 -0.32505328589773974 -1.757355256959289 0.16263788157329978 53.0 0.05 0.1 1.0 0.0 3.09e+19 6.0 0.0 0.0 -4.007591373268354 -12.213934240168982
131.2555870154601 0.24994048254101653 0.1477463748979886 -0.9278368672231649 2.486291737868818 -0.1283664009713874 -2.1843333739140163 0.1713514291260338 53.0 0.05 0.1 1.0 0.0 3.09e+19 6.0 0.0 0.0 -4.007189919205837 -11.406503767771838
186.10683940982136 0.48330478393632204 0.09161902137488347 -1.6226679642324802 2.603181824678879 -0.4737152933857933 -0.7162434969007885 0.08559546474607928 53.0 0.05 0.1 1.0 0.0 3.09e+19 6.0 0.0 0.0 -3.9765086616224905 -11.688340431165338
149.12839089840207 -1.4888648308331893 0.09624608785712002 -2.1850958255276245 2.3929971606450193 -0.1995941553255003 -0.5288708796360018 0.3919017698398745 53.0 0.05 0.1 1.0 0.0 3.09e+19 6.0 0.0 0.0 -3.970947125167132 -12.631357679267065
149.12839089840207 -1.4888648308331893 0.09624608785712002 -2.1850958255276245 2.3929971606450193 -0.1995941553255003 -0.5288708796360018 0.3919017698398745 53.0 0.05 0.1 1.0 0.0 3.09e+19 6.0 0.0 0.0 -3.970947125167132 -12.631357679267065
119.74654039743487 0.21393232665112905 0.1283067187915175 -1.4282102127061194 2.176277202478379 -0.27149146445644945 -1.255143190710659 0.2622018217113856 53.0 0.05 0.1 1.0 0.0 3.09e+19 6.0 0.0 0.0 -3.9595052127606563 -11.803552876731194
165.5487565124032 -1.8073047149822354 0.17388536506986743 -0.4940990757428363 2.9491483040878235 -0.15778318860410456 -0.42058263860112666 0.1927375847729082 53.0 0.05 0.1 1.0 0.0 3.09e+19 6.0 0.0 0.0 -3.9537163393180403 -11.299808321184784
142.54037020554935 0.48546084492622654 0.09153146504864697 -1.188946817257866 2.4472748322517472 -0.22423476577372892 -0.8177684154601561 0.3352605133500624 53.0 0.05 0.1 1.0 0.0 3.09e+19 6.0 0.0 0.0 -3.927126351603607 -12.408508028838224
120.30282280133456 0.4562781446474711 0.07117393367074096 -2.167332831898156 2.6994825148819412 -0.5868646659334331 -1.2627326649398245 0.2821224596242281 53.0 0.05 0.1 1.0 0.0 3.09e+19 6.0 0.0 0.0 -3.912171655768356 -12.457322894985301
114.84643924641819 0.5855068943727049 0.14033129330838154 -1.2893865451154407 2.6071890064055863 -0.3989145178790201 -1.2444059560349219 0.25369873099267365 53.0 0.05 0.1 1.0 0.0 3.09e+19 6.0 0.0 0.0 -3.9027484264981336 -11.687466707938958
169.0128870829993 -0.36663884169670924 0.15618900058222493 -1.3512352107634567 2.66866931394192 -0.043536667784907834 -1.7494824208994575 0.09028674754634639 53.0 0.05 0.1 1.0 0.0 3.09e+19 6.0 0.0 0.0 -3.8723770495485095 -11.167265895734348
134.79131078894136 0.43568050905411937 0.18990080948616558 1.1804703355475787 2.6704431952052348 -0.32807590416987686 -0.24285188621791276 0.038247448273435895 53.0 0.05 0.1 1.0 0.0 3.09e+19 6.0 0.0 0.0 -3.866300472649799 -10.871276888302898
165.924433603394 -0.5752065996465876 0.09113187814350467 -2.1131400296274396 2.438625154039499 -0.5049437791525682 -0.3280280383214458 0.18300391249314846 53.0 0.05 0.1 1.0 0.0 3.09e+19 6.0 0.0 0.0 -3.860465846667698 -11.91692245665212
103.0702253252444 -0.623087568907946 0.17954611015421945 -1.777533418150982 2.6672202218586927 -0.10319736446734762 -0.819104433155688 0.042327442069195684 53.0 0.05 0.1 1.0 0.0 3.09e+19 6.0 0.0 0.0 -3.8602830626834317 -10.934375247819593
183.04823306907244 0.04900829668095685 0.1221352804308709 -1.1339854524760329 2.451125734311175 -0.44150626805202275 -0.3703519823190682 0.10880558950166475 53.0 0.05 0.1 1.0 0.0 3.09e+19 6.0 0.0 0.0 -3.853594609978906 -11.450790684030892
106.71978638535327 -1.2568680447048295 0.1852713367330418 -0.9919912350413633 2.3423672751746203 -0.15846227658959755 -0.7631413025654687 0.07468337539057517 53.0 0.05 0.1 1.0 0.0 3.09e+19 6.0 0.0 0.0 -3.836632469176012 -10.966317764253692
106.71978638535327 -1.2568680447048295 0.1852713367330418 -0.9919912350413633 2.3423672751746203 -0.15846227658959755 -0.7631413025654687 0.07468337539057517 53.0 0.05 0.1 1.0 0.0 3.09e+19 6.0 0.0 0.0 -3.836632469176012 -10.966317764253692
155.12347445365856 -0.5036700833957426 0.1538404856596635 0.06578785027644285 2.387899737415612 -0.037738835571570206 -2.533840107026609 0.04827137130507015 53.0 0.05 0.1 1.0 0.0 3.09e+19 6.0 0.0 0.0 -3.783252144056626 -11.098736828567098
133.92695442049845 -1.512868520046557 0.09924990290345416 -2.0338088949906123 2.589116154061334 -0.5965132319856199 -0.21935468535996527 0.09033813807440845 53.0 0.05 0.1 1.0 0.0 3.09e+19 6.0 0.0 0.0 -3.783193309077948 -11.618371521876963
116.51801417736284 0.5682944215010206 0.09223575851377366 -2.8296003060838677 2.7432768040792537 -0.7759796369259355 -0.454602071328976 0.16050326562884695 53.0 0.05 0.1 1.0 0.0 3.09e+19 6.0 0.0 0.0 -3.771539429983954 -11.84874035980078
116.51801417736284 0.5682944215010206 0.09223575851377366 -2.8296003060838677 2.7432768040792537 -0.7759796369259355 -0.454602071328976 0.16050326562884695 53.0 0.05 0.1 1.0 0.0 3.09e+19 6.0 0.0 0.0 -3.771539429983954 -11.84874035980078
196.64778130305513 -0.5809463365249441 0.1205937443720219 -2.7461555996971394 2.682484141653362 -0.21604221061023798 -0.7185721537668694 0.12702336223976474 53.0 0.05 0.1 1.0 0.0 3.09e+19 6.0 0.0 0.0 -3.761012610379961 -11.503519887921511
196.64778130305513 -0.5809463365249441 0.1205937443720219 -2.7461555996971394 2.682484141653362 -0.21604221061023798 -0.7185721537668694 0.12702336223976474 53.0 0.05 0.1 1.0 0.0 3.09e+19 6.0 0.0 0.0 -3.761012610379961 -11.503519887921511
128.99029980197466 -0.666415322165089 0.0814765095371743 -1.3196267472607894 2.8866128678637035 -0.2889702086064876 -1.376896709097884 0.3281410005030749 53.0 0.05 0.1 1.0 0.0 3.09e+19 6.0 0.0 0.0 -3.7511569689161224 -12.49500537727456
121.7127257815767 -0.3468416351803989 0.03785216375361297 -2.897387200534149 2.9231536606171167 -0.542302817878415 -0.7176115207586768 0.23327000100911718 53.0 0.05 0.1 1.0 0.0 3.09e+19 6.0 0.0 0.0 -3.7416867689561206 -12.932609769195487
104.32178103580775 -0.8934204295970365 0.16459887056703232 -1.5358971235282675 2.631239074637981 -0.43615708210713233 -0.9280293383993117 0.021182356722202377 53.0 0.05 0.1 1.0 0.0 3.09e+19 6.0 0.0 0.0 -3.7404141091068572 -10.981321011623631
167.14181807741969 0.2688050384653966 0.15520135535713453 0.2508297420080492 2.767859158684579 -0.347076722074247 -0.9574237511169486 0.02657738508257813 53.0 0.05 0.1 1.0 0.0 3.09e+19 6.0 0.0 0.0 -3.734048787996131 -11.049443039134951
195.50054379407663 0.39105810210161884 0.1646785862064369 0.7166213940131652 2.8149880916955863 -0.10595694734925676 -0.966838754486349 0.1159234841498951 53.0 0.05 0.1 1.0 0.0 3.09e+19 6.0 0.0 0.0 -3.7306047948738152 -11.169433682323442
195.50054379407663 0.39105810210161884 0.1646785862064369 0.7166213940131652 2.8149880916955863 -0.10595694734925676 -0.966838754486349 0.1159234841498951 53.0 0.05 0.1 1.0 0.0 3.09e+19 6.0 0.0 0.0 -3.7306047948738152 -11.169433682323442
169.78552094389752 -0.07041388986212871 0.16818390532203192 0.4001295107705669 2.9391234274694744 -0.13828356176435896 -1.734551486092086 0.06740994375896782 53.0 0.05 0.1 1.0 0.0 3.09e+19 6.0 0.0 0.0 -3.7232089815949125 -11.047564580163208
183.75307078717202 0.7241335198740728 0.10853735686191565 -2.298262402968727 2.4967861042124224 -0.38351143543262634 -0.011651440894961507 0.004960511107621997 53.0 0.05 0.1 1.0 0.0 3.09e+19 6.0 0.0 0.0 -3.7135971600052335 -11.366178248352359
168.0870116446456 -0.6504095964715546 0.09169949761586743 -0.48246353654349683 2.391202270563797 -0.057711959116170775 -0.968940339756406 0.0908509257202227 53.0 0.05 0.1 1.0 0.0 3.09e+19 6.0 0.0 0.0 -3.697796747265027 -11.698319429612642
168.0870116446456 -0.6504095964715546 0.09169949761586743 -0.48246353654349683 2.391202270563797 -0.057711959116170775 -0.968940339756406 0.0908509257202227 53.0 0.05 0.1 1.0 0.0 3.09e+19 6.0 0.0 0.0 -3.697796747265027 -11.698319429612642
179.1675327658744 -0.1953171436045067 0.14416914397376776 -0.6675215660598188 2.745569179908927 -0.3656596373489025 -1.0426163032273565 0.06664836881850987 53.0 0.05 0.1 1.0 0.0 3.09e+19 6.0 0.0 0.0 -3.695211346504251 -11.198876220962584
179.1675327658744 -0.1953171436045067 0.14416914397376776 -0.6675215660598188 2.745569179908927 -0.3656596373489025 -1.0426163032273565 0.06664836881850987 53.0 0.05 0.1 1.0 0.0 3.09e+19 6.0 0.0 0.0 -3.695211346504251 -11.198876220962584
132.20640950925048 0.41744828080298735 0.12175617174341909 -0.7069471359332589 2.7855303538480225 -0.3341716239214776 -1.8529992523477552 0.0866024145578113 53.0 0.05 0.1 1.0 0.0 3.09e+19 6.0 0.0 0.0 -3.6856850332604325 -11.407102100660321
134.56646811119393 0.9045822156994232 0.1396063335297557 -0.6617536515665954 2.469592490722997 -0.25493031432147273 -1.5148756895607756 0.23232310576010748 53.0 0.05 0.1 1.0 0.0 3.09e+19 6.0 0.0 0.0 -3.6806260073052246 -11.627694740919752
134.56646811119393 0.9045822156994232 0.1396063335297557 -0.6617536515665954 2.469592490722997 -0.25493031432147273 -1.5148756895607756 0.23232310576010748 53.0 0.05 0.1 1.0 0.0 3.09e+19 6.0 0.0 0.0 -3.6806260073052246 -11.627694740919752
119.20821071721278 -1.428042678988376 0.10696588661745236 -2.8222968207502612 2.5747068184927313 -0.08154165865281815 -1.5054204065417818 0.06755740781514463 53.0 0.05 0.1 1.0 0.0 3.09e+19 6.0 0.0 0.0 -3.673676604575006 -11.49759364554248
119.20821071721278 -1.428042678988376 0.10696588661745236 -2.8222968207502612 2.5747068184927313 -0.08154165865281815 -1.5054204065417818 0.06755740781514463 53.0 0.05 0.1 1.0 0.0 3.09e+19 6.0 0.0 0.0 -3.673676604575006 -11.49759364554248
119.43867290737495 -1.0094579923360512 0.1607334451190403 0.18212723379533724 2.7379656094165554 -0.15044020066233266 -1.512283347289281 0.13745259016782277 53.0 0.05 0.1 1.0 0.0 3.09e+19 6.0 0.0 0.0 -3.662698312948787 -11.24177970479085
185.03425960869083 -0.47780958197233736 0.09157087334287313 -2.798353559531184 2.726750419878113 -0.2567250016230771 -0.03592272083160797 0.12962907332550633 53.0 0.05 0.1 1.0 0.0 3.09e+19 6.0 0.0 0.0 -3.6603477175210024 -11.78367475961865
103.28102359151003 -1.4254640903436355 0.17430334366057995 -1.222396844357841 2.4808189615645007 -0.01722215845735331 -0.46523071088573476 0.3473893770214429 53.0 0.05 0.1 1.0 0.0 3.09e+19 6.0 0.0 0.0 -3.6575083551480656 -11.820566613760638
103.28102359151003 -1.4254640903436355 0.17430334366057995 -1.222396844357841 2.4808189615645007 -0.01722215845735331 -0.46523071088573476 0.3473893770214429 53.0 0.05 0.1 1.0 0.0 3.09e+19 6.0 0.0 0.0 -3.6575083551480656 -11.820566613760638
110.19267116227948 -1.7791269446317948 0.1337869306604422 -1.9436207925261169 2.6390155363370322 -0.049806967677432645 -0.13802154061124527 0.2542372195731141 53.0 0.05 0.1 1.0 0.0 3.09e+19 6.0 0.0 0.0 -3.654093678826042 -11.736615950896471
110.19267116227948 -1.7791269446317948 0.1337869306604422 -1.9436207925261169 2.6390155363370322 -0.049806967677432645 -0.13802154061124527 0.2542372195731141 53.0 0.05 0.1 1.0 0.0 3.09e+19 6.0 0.0 0.0 -3.654093678826042 -11.736615950896471
175.28428513271928 -1.379968065623295 0.1616711581970467 -0.8082449576586823 2.7410209341105 -0.1876901483518001 -1.2420319358699277 0.03212162072837451 53.0 0.05 0.1 1.0 0.0 3.09e+19 6.0 0.0 0.0 -3.6478552526356296 -11.019153770422442
121.84495973429655 0.33234127207230424 0.10792376696444007 -0.8765000911142331 2.4920785833292256 -0.5014063852771424 -1.7335915112670655 0.16933582196146968 53.0 0.05 0.1 1.0 0.0 3.09e+19 6.0 0.0 0.0 -3.6287227157494772 -11.71386371098769
130.2650097297815 -0.1850473188372126 0.1712330158824213 -0.20016895579053173 2.5918386119087966 -0.13353134506299913 -0.13685459678662726 0.38049403035772295 53.0 0.05 0.1 1.0 0.0 3.09e+19 6.0 0.0 0.0 -3.628235761810571 -11.99730338708216
130.2650097297815 -0.1850473188372126 0.1712330158824213 -0.20016895579053173 2.5918386119087966 -0.13353134506299913 -0.13685459678662726 0.38049403035772295 53.0 0.05 0.1 1.0 0.0 3.09e+19 6.0 0.0 0.0 -3.628235761810571 -11.99730338708216
106.61527164815836 0.01901430984367103 0.08495688220085136 -1.4154790034023708 2.70978246415468 -0.4613836847818096 -1.7868458113883237 0.18943917586693299 53.0 0.05 0.1 1.0 0.0 3.09e+19 6.0 0.0 0.0 -3.6248287850049747 -12.003569294787654
106.61527164815836 0.01901430984367103 0.08495688220085136 -1.4154790034023708 2.70978246415468 -0.4613836847818096 -1.7868458113883237 0.18943917586693299 53.0 0.05 0.1 1.0 0.0 3.09e+19 6.0 0.0 0.0 -3.6248287850049747 -12.003569294787654
178.42461121133695 -1.163679354478957 0.08278688893768862 -1.7928712015742527 2.9196005202942947 -0.11875174159407687 -1.3272715636636947 0.05066472609213924 53.0 0.05 0.1 1.0 0.0 3.09e+19 6.0 0.0 0.0 -3.6181064333379966 -11.720155131994868
178.42461121133695 -1.163679354478957 0.08278688893768862 -1.7928712015742527 2.9196005202942947 -0.11875174159407687 -1.3272715636636947 0.05066472609213924 53.0 0.05 0.1 1.0 0.0 3.09e+19 6.0 0.0 0.0 -3.6181064333379966 -11.720155131994868
121.65552067525527 -0.6050315149943781 0.16054240654679802 -2.321021892532319 2.902604316459028 -0.18895436037267288 -0.8176545299817004 0.0633655847919196 53.0 0.05 0.1 1.0 0.0 3.09e+19 6.0 0.0 0.0 -3.6145850630562686 -11.08566820664112
128.01987799843027 -0.6212692304665 0.11683735877901688 -0.09933726054818903 2.5430648746939157 -0.07594866803380107 -0.12103591064300145 0.3399565909307501 53.0 0.05 0.1 1.0 0.0 3.09e+19 6.0 0.0 0.0 -3.611109690531597 -12.185289148796281
128.01987799843027 -0.6212692304665 0.11683735877901688 -0.09933726054818903 2.5430648746939157 -0.07594866803380107 -0.12103591064300145 0.3399565909307501 53.0 0.05 0.1 1.0 0.0 3.09e+19 6.0 0.0 0.0 -3.611109690531597 -12.185289148796281
166.90775612628516 -1.5213797934499445 0.0538462041544686 -2.1821666578455083 2.5580003889721405 -0.11542529801237622 -1.6788598820773815 0.024459956749942523 53.0 0.05 0.1 1.0 0.0 3.09e+19 6.0 0.0 0.0 -3.6062039611154066 -12.100628116200609
166.90775612628516 -1.5213797934499445 0.0538462041544686 -2.1821666578455083 2.5580003889721405 -0.11542529801237622 -1.6788598820773815 0.024459956749942523 53.0 0.05 0.1 1.0 0.0 3.09e+19 6.0 0.0 0.0 -3.6062039611154066 -12.100628116200609
185.7006557731516 0.8622702019414952 0.0947330714439232 -1.9137597041686452 2.6980594205222523 -0.2286498576277487 -0.881606706058204 0.2784512367602485 53.0 0.05 0.1 1.0 0.0 3.09e+19 6.0 0.0 0.0 -3.591063205674125 -12.159470150126703
167.49008836453277 0.32296566059060217 0.19029483361368588 0.18430501074400008 2.8363429635979207 -0.14164949143011718 -0.3622180052663735 0.07122274642739451 53.0 0.05 0.1 1.0 0.0 3.09e+19 6.0 0.0 0.0 -3.5776107877099936 -10.93295080907832
167.49008836453277 0.32296566059060217 0.19029483361368588 0.18430501074400008 2.8363429635979207 -0.14164949143011718 -0.3622180052663735 0.07122274642739451 53.0 0.05 0.1 1.0 0.0 3.09e+19 6.0 0.0 0.0 -3.5776107877099936 -10.93295080907832
117.51766204833984 -1.2736311554908752 0.1564038300062784 -1.797289252281189 2.828117311000824 -0.15800607204437256 -1.160364031791687 0.2706560106039047 53.0 0.05 0.1 1.0 0.0 3.09e+19 6.0 0.0 0.0 -3.5725737908915103 -11.63450271555625
101.56555907711788 -0.4982739760568078 0.11578103857316104 -2.791645064548545 2.673741416618921 -0.2490260266920803 -1.5266831384587167 0.0036768150737801638 53.0 0.05 0.1 1.0 0.0 3.09e+19 6.0 0.0 0.0 -3.5721902211979994 -11.299583193310436
117.75869686582578 0.0030609268867531902 0.10319130280398359 -1.8202048656722145 2.581903410893989 -0.5317978501364995 -0.45744554468711085 0.07634963328842746 53.0 0.05 0.1 1.0 0.0 3.09e+19 6.0 0.0 0.0 -3.5658287009921246 -11.550955946081492
125.4566306846739 -0.41265223611193536 0.11707134653622829 -1.5133161717627337 2.5661263979879987 -0.3406736439670337 -1.005022567607904 0.010268862125114634 53.0 0.05 0.1 1.0 0.0 3.09e+19 6.0 0.0 0.0 -3.5489704323212132 -11.300209231958766
125.4566306846739 -0.41265223611193536 0.11707134653622829 -1.5133161717627337 2.5661263979879987 -0.3406736439670337 -1.005022567607904 0.010268862125114634 53.0 0.05 0.1 1.0 0.0 3.09e+19 6.0 0.0 0.0 -3.5489704323212132 -11.300209231958766
159.4939596997436 -0.43349646881529713 0.0632605849565269 -1.758309713765747 2.352867155838609 -0.4382874114832669 -1.3450089354812773 0.09591112525381335 53.0 0.05 0.1 1.0 0.0 3.09e+19 6.0 0.0 0.0 -3.5467704002697404 -12.07940284952049
104.16973750526824 -0.41939529286715516 0.14777347119617515 -1.8780988335740298 2.292527468752124 -0.24600794910972645 -0.6163437318459564 0.1747706180337873 53.0 0.05 0.1 1.0 0.0 3.09e+19 6.0 0.0 0.0 -3.5391499436807288 -11.414883897723268
117.73594801031587 0.05190743088394045 0.10970314617192008 -1.910288728001823 2.2921977538833898 -0.28772727132129106 -1.1144486184321547 0.04751032839105186 53.0 0.05 0.1 1.0 0.0 3.09e+19 6.0 0.0 0.0 -3.5333343665311663 -11.433483080716593
117.73594801031587 0.05190743088394045 0.10970314617192008 -1.910288728001823 2.2921977538833898 -0.28772727132129106 -1.1144486184321547 0.04751032839105186 53.0 0.05 0.1 1.0 0.0 3.09e+19 6.0 0.0 0.0 -3.5333343665311663 -11.433483080716593
153.29362223241847 -0.5149982273660045 0.0728472192796557 -2.589737728647336 2.407790027128411 -0.0909478629347884 -1.6969777794500756 0.09217161587085093 53.0 0.05 0.1 1.0 0.0 3.09e+19 6.0 0.0 0.0 -3.532565782124909 -11.930701073547366
155.69761857184204 -1.933432558572147 0.061906970091252934 -2.123684257878854 2.660851112776405 -0.1554060675476956 -1.4848660700278815 0.10857427492372831 53.0 0.05 0.1 1.0 0.0 3.09e+19 6.0 0.0 0.0 -3.527491456076123 -12.127939778734504
124.80735217785484 -0.2752329859945335 0.10619750258539558 -1.3167448886634414 2.832657300174939 -0.4034252195496739 -1.8615701147669363 0.0992887542117702 53.0 0.05 0.1 1.0 0.0 3.09e+19 6.0 0.0 0.0 -3.522162687175669 -11.569691830135847
124.80735217785484 -0.2752329859945335 0.10619750258539558 -1.3167448886634414 2.832657300174939 -0.4034252195496739 -1.8615701147669363 0.0992887542117702 53.0 0.05 0.1 1.0 0.0 3.09e+19 6.0 0.0 0.0 -3.522162687175669 -11.569691830135847
169.19672693780058 -0.04932891393404626 0.1458964419471259 -0.6058151729311212 2.8939837036784666 -0.3324864375354424 -0.586811400353529 0.22072921160660489 53.0 0.05 0.1 1.0 0.0 3.09e+19 6.0 0.0 0.0 -3.506803559590371 -11.550400219728795
125.48552109775704 -0.21020533427199206 0.11526496055223479 -0.4288935096113198 2.574440559160084 -0.03250887943105063 -2.359800516170456 0.23142063442309035 53.0 0.05 0.1 1.0 0.0 3.09e+19 6.0 0.0 0.0 -3.499375095669722 -11.81560248629367
124.45212499071674 0.0785158734190663 0.07754261653608516 -2.144786780112341 2.31077547826257 -0.37653893247963177 -1.7134614223641353 0.06493563950526617 53.0 0.05 0.1 1.0 0.0 3.09e+19 6.0 0.0 0.0 -3.4979911420562586 -11.813190801579577
136.95964794762784 0.5817470333958852 0.1526089307249031 -0.6339107605022232 2.8020171691016698 -0.22977935138824845 -1.269508156731391 0.019019938036582248 53.0 0.05 0.1 1.0 0.0 3.09e+19 6.0 0.0 0.0 -3.49685654302636 -11.052403535998483
130.98549389970393 -1.1622222887593767 0.1946875171551878 -0.6907916017791251 2.544553550350444 -0.10459388262252256 -0.3116458510798723 0.04860733612421486 53.0 0.05 0.1 1.0 0.0 3.09e+19 6.0 0.0 0.0 -3.4890566248983594 -10.866276098661269
141.96248663483584 -0.26222695410857755 0.09534941499502872 -2.9198637026696765 2.528346451922803 -0.1672625162591479 -1.3406833649225178 0.10439598732588179 53.0 0.05 0.1 1.0 0.0 3.09e+19 6.0 0.0 0.0 -3.482173732205419 -11.687933261215925
141.96248663483584 -0.26222695410857755 0.09534941499502872 -2.9198637026696765 2.528346451922803 -0.1672625162591479 -1.3406833649225178 0.10439598732588179 53.0 0.05 0.1 1.0 0.0 3.09e+19 6.0 0.0 0.0 -3.482173732205419 -11.687933261215925
188.33321757632058 0.17017995521004847 0.10534364557069684 -1.2572797415858283 2.416680051341868 -0.18306791190367733 -1.6932063295399975 0.21254443632319683 53.0 0.05 0.1 1.0 0.0 3.09e+19 6.0 0.0 0.0 -3.4691372354280032 -11.851362288460924
188.33321757632058 0.17017995521004847 0.10534364557069684 -1.2572797415858283 2.416680051341868 -0.18306791190367733 -1.6932063295399975 0.21254443632319683 53.0 0.05 0.1 1.0 0.0 3.09e+19 6.0 0.0 0.0 -3.4691372354280032 -11.851362288460924
113.44955943247405 -0.5146147029200105 0.1281001636522327 -0.6484324639910763 2.5532715690007888 -0.31423129531355265 -0.9596979841720574 0.307766030007604 53.0 0.05 0.1 1.0 0.0 3.09e+19 6.0 0.0 0.0 -3.4634600680692156 -11.964018943802355
123.10501755292564 -1.1925982067083 0.11277842998255887 -1.7003569454491152 2.9993356345397775 -0.21736337052098964 -1.3684045630148138 0.10080045275042433 53.0 0.05 0.1 1.0 0.0 3.09e+19 6.0 0.0 0.0 -3.4592334184368516 -11.513008039239764
154.46514161332453 -0.405627079334542 0.15259080851043735 -1.6066251457784322 2.819324199306446 -0.3063743968820627 -1.2852724222769067 0.013630583163219008 53.0 0.05 0.1 1.0 0.0 3.09e+19 6.0 0.0 0.0 -3.4509265940159892 -11.042829511803637
134.97333292847122 -1.2387388089003104 0.08782182282063208 -1.602984243065555 2.6021729067647907 -0.04231620553461335 -1.4662089797343512 0.18142780042233228 53.0 0.05 0.1 1.0 0.0 3.09e+19 6.0 0.0 0.0 -3.436245603116584 -11.949781914769929
188.83923880573872 -0.030013190839794035 0.054582246262666494 -2.210529335595668 2.808286514595629 -0.22745846816717608 -1.3468244507681304 0.2086707808513672 53.0 0.05 0.1 1.0 0.0 3.09e+19 6.0 0.0 0.0 -3.433233967525368 -12.496820845622786
113.31923100429894 -0.25151694318763607 0.18275975455067722 -0.3346026986229518 2.6806828128887044 -0.45504688623880885 -0.1568510621604795 0.08509621292067077 53.0 0.05 0.1 1.0 0.0 3.09e+19 6.0 0.0 0.0 -3.4158485805893184 -11.00095548732838
113.31923100429894 -0.25151694318763607 0.18275975455067722 -0.3346026986229518 2.6806828128887044 -0.45504688623880885 -0.1568510621604795 0.08509621292067077 53.0 0.05 0.1 1.0 0.0 3.09e+19 6.0 0.0 0.0 -3.4158485805893184 -11.00095548732838
100.87079207146101 -0.0707939961177293 0.1941796760615481 -0.4252501552844312 2.776553423383117 -0.04391694736442009 -1.8438657340915996 0.10905064362384492 53.0 0.05 0.1 1.0 0.0 3.09e+19 6.0 0.0 0.0 -3.413830579019829 -10.991469610441786
174.67776030812485 -0.7648835420416782 0.138988669734931 -2.564523630172796 2.660346079105004 -0.04652885184071387 -0.5658734381875274 0.16104069642925453 53.0 0.05 0.1 1.0 0.0 3.09e+19 6.0 0.0 0.0 -3.4006916437943175 -11.441804866435294
174.67776030812485 -0.7648835420416782 0.138988669734931 -2.564523630172796 2.660346079105004 -0.04652885184071387 -0.5658734381875274 0.16104069642925453 53.0 0.05 0.1 1.0 0.0 3.09e+19 6.0 0.0 0.0 -3.4006916437943175 -11.441804866435294
138.13554867314767 -1.550567497230245 0.13331283336581196 -1.7905380305511074 2.5119005673182433 -0.1376387064879041 -0.1170937644028931 0.2930514248135216 53.0 0.05 0.1 1.0 0.0 3.09e+19 6.0 0.0 0.0 -3.3927455285038013 -11.870247552946594
113.17410367997036 0.391208773524895 0.15361443572824918 -1.1093958741486158 2.8673162364297973 -0.24991366003967475 -0.4091510470537214 0.205270730054298 53.0 0.05 0.1 1.0 0.0 3.09e+19 6.0 0.0 0.0 -3.3860599361883663 -11.456218794788905
108.94300829890692 -1.9433389236947305 0.11295231789427974 -1.887591439917777 2.4567601702957185 -0.029636658291209983 -1.0162091872184154 0.24496835711733309 53.0 0.05 0.1 1.0 0.0 3.09e+19 6.0 0.0 0.0 -3.3823825953599647 -11.876324819239134
129.8435811087413 -0.5702168869158717 0.09426092604930147 -1.8017951623998956 2.9740260291671525 -0.3202498987575 -0.9979913229814183 0.2459605054634155 53.0 0.05 0.1 1.0 0.0 3.09e+19 6.0 0.0 0.0 -3.3749571880710447 -12.059612547064622
102.50620458189994 -1.567419577479611 0.0996361323159588 -2.1217421886002814 2.6259672102880423 -0.6026285445481836 -0.5096509320442224 0.1582993415439523 53.0 0.05 0.1 1.0 0.0 3.09e+19 6.0 0.0 0.0 -3.3698984131212653 -11.76646377055432
102.50620458189994 -1.567419577479611 0.0996361323159588 -2.1217421886002814 2.6259672102880423 -0.6026285445481836 -0.5096509320442224 0.1582993415439523 53.0 0.05 0.1 1.0 0.0 3.09e+19 6.0 0.0 0.0 -3.3698984131212653 -11.76646377055432
125.60144807175371 -0.9977049384276562 0.12385750876446915 -0.6952307033410587 2.538289215480897 -0.11760623975681161 -1.5243837180221265 0.02709982042229154 53.0 0.05 0.1 1.0 0.0 3.09e+19 6.0 0.0 0.0 -3.365547084438127 -11.274532492457084
115.32515478013411 -0.8559879402511057 0.10614933246960077 -0.4441624042381598 2.3471594016753095 -0.06249810169744974 -1.3238957832972011 0.2245770772887856 53.0 0.05 0.1 1.0 0.0 3.09e+19 6.0 0.0 0.0 -3.3644407454790843 -11.87778086216624
139.99556525023394 -1.4005066730312445 0.12352729549194703 -2.709124850391951 2.419933973105227 -0.1431054334232038 -0.12609498297951216 0.01988965772549541 53.0 0.05 0.1 1.0 0.0 3.09e+19 6.0 0.0 0.0 -3.3566946734272083 -11.264052776790802
122.9908976589342 0.2867404860637368 0.03969937487168229 -2.8260200714304755 2.190915702824153 -0.6453296603036103 -0.9972446382894287 0.06004044290831173 53.0 0.05 0.1 1.0 0.0 3.09e+19 6.0 0.0 0.0 -3.3432831228329007 -12.472343224001092
135.18344895698556 -0.8482288408859937 0.1469527189369256 0.30547016353210266 2.5953118398347335 -0.11413631025326998 -0.3553132972116684 0.03505710009322839 53.0 0.05 0.1 1.0 0.0 3.09e+19 6.0 0.0 0.0 -3.3400725012195975 -11.119297061374791
135.18344895698556 -0.8482288408859937 0.1469527189369256 0.30547016353210266 2.5953118398347335 -0.11413631025326998 -0.3553132972116684 0.03505710009322839 53.0 0.05 0.1 1.0 0.0 3.09e+19 6.0 0.0 0.0 -3.3400725012195975 -11.119297061374791
180.1741470080754 -0.5691105114514907 0.07576205506497001 -1.6466300246733532 2.8539507405246534 -0.29844135806364047 -0.7095285424557618 0.180806164426858 53.0 0.05 0.1 1.0 0.0 3.09e+19 6.0 0.0 0.0 -3.339530270432223 -12.095576704461225
181.93536492284505 -0.41676347799035973 0.09061741557988462 -1.7333871536496959 2.8791255763306225 -0.11312258900233729 -0.7904775890204094 0.2960119187613993 53.0 0.05 0.1 1.0 0.0 3.09e+19 6.0 0.0 0.0 -3.33459972725648 -12.265359188326997
181.93536492284505 -0.41676347799035973 0.09061741557988462 -1.7333871536496959 2.8791255763306225 -0.11312258900233729 -0.7904775890204094 0.2960119187613993 53.0 0.05 0.1 1.0 0.0 3.09e+19 6.0 0.0 0.0 -3.33459972725648 -12.265359188326997
142.20565239325424 -0.840285054598426 0.12125827497829852 -1.4959381835495282 2.756352120422508 -0.4146090158252167 -0.08584927327093883 0.2392189037809456 53.0 0.05 0.1 1.0 0.0 3.09e+19 6.0 0.0 0.0 -3.330974732844866 -11.7882854642864
146.194491199354 0.8421177050237247 0.11959373501636769 -1.1773058223989545 2.636627102619432 -0.11413987236210676 -1.144730525825151 0.3030268870234496 53.0 0.05 0.1 1.0 0.0 3.09e+19 6.0 0.0 0.0 -3.330854545434688 -12.014629618025651
135.6655472841205 -0.9716196324254884 0.13629060970807402 -2.0034583026032955 2.915518083582421 -0.28423148395404185 -0.46647293463568085 0.02489156887602455 53.0 0.05 0.1 1.0 0.0 3.09e+19 6.0 0.0 0.0 -3.327772682954642 -11.175373087838723
104.50541591409929 0.3616050565507303 0.09749200318965688 -2.6745425942308056 2.592130450449969 -0.5595029578002291 -0.5589926323976844 0.2647137937078113 53.0 0.05 0.1 1.0 0.0 3.09e+19 6.0 0.0 0.0 -3.326073809931416 -12.085176424920649
108.46741214713937 -0.9130021069232328 0.14399601595143113 -0.8994073848306114 2.5993577146330145 -0.4065904761343626 -1.2414058622993056 0.1194641397152583 53.0 0.05 0.1 1.0 0.0 3.09e+19 6.0 0.0 0.0 -3.3208312443268757 -11.31036465815331
111.76248674959798 -0.8155536165766115 0.11479133175566313 -1.861685340716724 2.195018112178687 -0.03076345642103906 -1.2925202775363276 0.32004284351861734 53.0 0.05 0.1 1.0 0.0 3.09e+19 6.0 0.0 0.0 -3.3169583486426983 -12.120678411592587
110.67627578825505 -0.07994351484181106 0.12807001316684816 -0.2926694908849856 2.3162239201146018 -0.05814734159113888 -0.9613658882547704 0.44061285947958156 53.0 0.05 0.1 1.0 0.0 3.09e+19 6.0 0.0 0.0 -3.3136369752904447 -12.661412626003411
124.90385642832561 0.6411837186556744 0.12899455159906995 0.044420434147177446 2.4323589212093992 -0.11098710381011756 -0.6458947899096241 0.46391205384202894 53.0 0.05 0.1 1.0 0.0 3.09e+19 6.0 0.0 0.0 -3.3126476450831497 -12.848808182842111
115.7535098110406 -0.3845279083287996 0.14117153335053756 -1.0950596915080997 2.8011964975234456 -0.304569768166719 -0.22896308474850668 0.1507556499892687 53.0 0.05 0.1 1.0 0.0 3.09e+19 6.0 0.0 0.0 -3.312597595139196 -11.401628507129063
121.70831545959878 -1.1917843455158699 0.04546249503626221 -2.5064631929820687 2.561779884252716 -0.6655973516531066 -0.10944848783209737 0.17747394263473693 53.0 0.05 0.1 1.0 0.0 3.09e+19 6.0 0.0 0.0 -3.3085053054314115 -12.597200861432341
131.11485602814545 -0.036567593197343484 0.12240453332232416 -0.6365964053825719 2.3740830023119153 -0.20403656911101864 -1.1438728966725544 0.29647672470797964 53.0 0.05 0.1 1.0 0.0 3.09e+19 6.0 0.0 0.0 -3.307116291969738 -11.96748676454399
175.7264275602926 -1.4904569871269466 0.10752319317970524 -2.4833533719907357 2.766208242516581 -0.0710884016957869 -1.2160877681380864 0.14531566519448819 53.0 0.05 0.1 1.0 0.0 3.09e+19 6.0 0.0 0.0 -3.297227535615719 -11.659682158611536
156.18191677883334 -0.04474940982253939 0.04605764021029132 -2.688930210424662 2.2054247730232404 -0.1940723728258673 -1.3054993547219436 0.14132808619348117 53.0 0.05 0.1 1.0 0.0 3.09e+19 6.0 0.0 0.0 -3.2870987067350024 -12.496627602930992
156.85839164910473 0.13781262831503582 0.05301326204778002 -2.3730804140800292 2.455198526482444 -0.09740402609177679 -1.5930588666744478 0.231250728722488 53.0 0.05 0.1 1.0 0.0 3.09e+19 6.0 0.0 0.0 -3.285686279261964 -12.590048824715181
113.50648687305159 -0.08757361647298678 0.14003163776519714 -1.1548220201952804 2.4452202093736473 -0.5126809826952101 -1.1680434810739029 0.06027283608771357 53.0 0.05 0.1 1.0 0.0 3.09e+19 6.0 0.0 0.0 -3.2819800292416907 -11.215271556329526
108.94949316654821 -0.703659795624368 0.14806738228905217 -0.8866620626876296 2.6610649615912503 -0.42716294531172316 -1.5738216301526962 0.06657946838198302 53.0 0.05 0.1 1.0 0.0 3.09e+19 6.0 0.0 0.0 -3.276521702404584 -11.17224990058908
134.27912008966467 0.6662555384139024 0.12046521871356453 -1.6656895298846761 2.5319608438758605 -0.100022955381049 -1.460911010208783 0.2493664623304566 53.0 0.05 0.1 1.0 0.0 3.09e+19 6.0 0.0 0.0 -3.273806438976229 -11.825745212941419
114.33039511705562 -1.549185302860295 0.1605291793580606 -1.3691460321550042 2.4622448135554964 -0.002193051539078894 -1.516282818883652 0.0696026689160783 53.0 0.05 0.1 1.0 0.0 3.09e+19 6.0 0.0 0.0 -3.270623438218501 -11.098078350670937
142.60850559052963 -0.059279369828628026 0.1633539801847783 0.4499160608089854 2.591857917738106 -0.28995989293764435 -0.21975118956752215 0.02366755271337287 53.0 0.05 0.1 1.0 0.0 3.09e+19 6.0 0.0 0.0 -3.2584016178209843 -10.993363518785777
157.77307151410582 -0.8817378796140574 0.09490049655549097 -2.4230301228055113 2.407639083014097 -0.2343971725493712 -0.5970170556505754 0.06299906784308075 53.0 0.05 0.1 1.0 0.0 3.09e+19 6.0 0.0 0.0 -3.2581034295710065 -11.607879754362871
135.7703306595831 -0.8229345477704326 0.05709501164614978 -2.2075505727884135 2.6950398636182316 -0.18380943441899555 -0.6305211191048086 0.46983516467772796 53.0 0.05 0.1 1.0 0.0 3.09e+19 6.0 0.0 0.0 -3.257448140582774 -13.717774092888483
119.5126463187399 -0.525745626657232 0.10361544188844793 -1.0108778071728048 2.860113486199155 -0.0663618365616272 -0.7888583072185922 0.4708351282414984 53.0 0.05 0.1 1.0 0.0 3.09e+19 6.0 0.0 0.0 -3.2569007669396486 -13.132848520704169
109.2663650846173 0.14701862506857388 0.09979519143147353 -2.2392233224252758 2.5255514258101983 -0.7738005246067421 -0.2537732805506683 0.04597530005378527 53.0 0.05 0.1 1.0 0.0 3.09e+19 6.0 0.0 0.0 -3.256746110363471 -11.524874713249666
147.0743221258523 -0.7792818777255646 0.14116215370029883 -2.028092454682085 2.5583197013103214 -0.016072262996037256 -0.3363450081690518 0.19032211519800857 53.0 0.05 0.1 1.0 0.0 3.09e+19 6.0 0.0 0.0 -3.256263294631099 -11.50023222037303
147.0743221258523 -0.7792818777255646 0.14116215370029883 -2.028092454682085 2.5583197013103214 -0.016072262996037256 -0.3363450081690518 0.19032211519800857 53.0 0.05 0.1 1.0 0.0 3.09e+19 6.0 0.0 0.0 -3.256263294631099 -11.50023222037303
111.30151725197965 -1.29465433127685 0.14508054596040346 -1.5280594372603762 2.2698105513709086 -0.12677405770651795 -1.3801810103787253 0.0861679427128386 53.0 0.05 0.1 1.0 0.0 3.09e+19 6.0 0.0 0.0 -3.2548421993683956 -11.231978070333636
158.79935418747186 -1.1364972574398875 0.151336719299301 -1.0537354439817879 2.904026858217461 -0.20198418749130775 -0.8682810741418909 0.17258538983814853 53.0 0.05 0.1 1.0 0.0 3.09e+19 6.0 0.0 0.0 -3.253949359944984 -11.385754420277518
125.1276114428489 -0.6432900754170827 0.08132140858203377 -2.45886827489458 2.3045353651826197 -0.33444475533358764 -0.8437315202431068 0.34855051937944137 53.0 0.05 0.1 1.0 0.0 3.09e+19 6.0 0.0 0.0 -3.24829757451161 -12.584161880349342
140.9513656853606 0.014871529034883313 0.15456280507327938 -0.4066186767179203 2.916952937651922 -0.2705253585162337 -0.5956974868597205 0.03886580003707257 53.0 0.05 0.1 1.0 0.0 3.09e+19 6.0 0.0 0.0 -3.2473744232827606 -11.076303709515011
140.9513656853606 0.014871529034883313 0.15456280507327938 -0.4066186767179203 2.916952937651922 -0.2705253585162337 -0.5956974868597205 0.03886580003707257 53.0 0.05 0.1 1.0 0.0 3.09e+19 6.0 0.0 0.0 -3.2473744232827606 -11.076303709515011
180.77985122005438 -0.56412488280565 0.09633624773992923 -2.954011700519359 2.981416176794895 -0.42705793533996284 -0.08259192390349224 0.059658807202934684 53.0 0.05 0.1 1.0 0.0 3.09e+19 6.0 0.0 0.0 -3.241736747762127 -11.586374001403708
145.14049127505496 -0.031146887346111818 0.11409447868719708 -1.2677302773135257 2.242641504412888 -0.20743529931391258 -0.9899552584110634 0.22022250609214414 53.0 0.05 0.1 1.0 0.0 3.09e+19 6.0 0.0 0.0 -3.239813569342124 -11.793450992324942
145.14049127505496 -0.031146887346111818 0.11409447868719708 -1.2677302773135257 2.242641504412888 -0.20743529931391258 -0.9899552584110634 0.22022250609214414 53.0 0.05 0.1 1.0 0.0 3.09e+19 6.0 0.0 0.0 -3.239813569342124 -11.793450992324942
172.31227423938353 -1.396855548979158 0.04909596099745247 -2.306773079539191 2.969951903074698 -0.30702500294660195 -0.9790238360177583 0.07768888463334256 53.0 0.05 0.1 1.0 0.0 3.09e+19 6.0 0.0 0.0 -3.237353481046286 -12.295093626875218
120.98389835124547 -0.22361367498861529 0.15523206624310648 -0.47157255190141667 2.260609730143087 -0.05936645265486451 -0.3096885060654708 0.2807117214915137 53.0 0.05 0.1 1.0 0.0 3.09e+19 6.0 0.0 0.0 -3.2359320647104415 -11.675855121692022
145.64236468024848 -0.3610027042819337 0.09614356487312209 -0.7813241991879121 2.501574518592727 -0.14080462245803504 -0.11943465994033131 0.22806401191817824 53.0 0.05 0.1 1.0 0.0 3.09e+19 6.0 0.0 0.0 -3.23135709446866 -11.986523257021545
111.1840806827101 -0.527530232318274 0.14108618528244457 0.07941379194010256 2.609601633442148 -0.06026319831358995 -0.6670390604544485 0.24289868743386206 53.0 0.05 0.1 1.0 0.0 3.09e+19 6.0 0.0 0.0 -3.2289549248651843 -11.64881108832118
153.18206769194245 -1.0382581658462382 0.0961137098464937 -1.4072998939608734 2.5344601138771155 -0.05527805318415524 -0.7292850602639529 0.1989774029826495 53.0 0.05 0.1 1.0 0.0 3.09e+19 6.0 0.0 0.0 -3.2247615260091003 -11.905740017541842
161.15537036981644 -0.3319075346891738 0.13230115138923854 -2.223231761160612 2.583516900094714 -0.2127053791463549 -0.10330428992198604 0.02442653942792672 53.0 0.05 0.1 1.0 0.0 3.09e+19 6.0 0.0 0.0 -3.222725251049239 -11.204053956231755
106.09566598889087 0.32296374889382395 0.093837469323247 -2.677667163652246 2.185227255422042 -0.5163018956652157 -0.4113746082069065 0.1376932440636262 53.0 0.05 0.1 1.0 0.0 3.09e+19 6.0 0.0 0.0 -3.221726730509028 -11.777674710558816
151.23223830341024 -0.3443878464850034 0.15253828259910637 -1.0465838289713518 2.6613013802096894 -0.00042266241789690184 -0.22897247670840404 0.3134161978254151 53.0 0.05 0.1 1.0 0.0 3.09e+19 6.0 0.0 0.0 -3.217103900102491 -11.812142498879448
166.97963499970774 -0.09892902684922045 0.09281190015424857 -1.4924678645504075 2.7776315634791535 -0.16411359802833836 -1.6957565983915113 0.2823676986669531 53.0 0.05 0.1 1.0 0.0 3.09e+19 6.0 0.0 0.0 -3.2165020789023537 -12.193311537168348
120.45468938052203 -0.0975016531718329 0.17101180329546906 -0.7270583440946639 2.592740051128877 -0.10880052068481039 -0.38624895959555294 0.24674277698141098 53.0 0.05 0.1 1.0 0.0 3.09e+19 6.0 0.0 0.0 -3.210807738803429 -11.469743605451756
121.04740601801717 -1.2837622485253641 0.131248126597639 -0.5602202100409674 2.5517433365267785 -0.06745160135394457 -1.2095564236064673 0.30981238340294087 53.0 0.05 0.1 1.0 0.0 3.09e+19 6.0 0.0 0.0 -3.206690572790956 -11.94764084704038
102.28086516214047 -0.7998198176171352 0.10736792203557348 -1.2738493596157876 2.7775032630188643 -0.3846526983507643 -0.787374072843356 0.20214078194687474 53.0 0.05 0.1 1.0 0.0 3.09e+19 6.0 0.0 0.0 -3.1966870104517375 -11.80389985756805
139.99662620673166 -0.31946863546937365 0.12012591327429194 -0.8063411701767009 2.742545168001455 -0.3184479352599481 -1.0709996742751016 0.12548201738425455 53.0 0.05 0.1 1.0 0.0 3.09e+19 6.0 0.0 0.0 -3.189502599209336 -11.50393325000376
146.9039385375612 -0.10221139479070862 0.08755123679167802 -2.85773038819277 2.3264225828960337 -0.315831949944096 -0.590540185988663 0.3137866587783352 53.0 0.05 0.1 1.0 0.0 3.09e+19 6.0 0.0 0.0 -3.1888109311236272 -12.366162239161484
146.9039385375612 -0.10221139479070862 0.08755123679167802 -2.85773038819277 2.3264225828960337 -0.315831949944096 -0.590540185988663 0.3137866587783352 53.0 0.05 0.1 1.0 0.0 3.09e+19 6.0 0.0 0.0 -3.1888109311236272 -12.366162239161484
145.93066453460608 -1.4228778823256554 0.1613508250689484 -1.5650311189018984 2.8044666105729146 -0.09771412621105346 -0.7396451745482504 0.06827871726605401 53.0 0.05 0.1 1.0 0.0 3.09e+19 6.0 0.0 0.0 -3.187490392894092 -11.090387491535296
158.69983235945608 0.1566550272528735 0.1268179255762445 -0.9513267544511379 2.2580317773860488 -0.08362415439905391 -0.1145407960061382 0.26873341924665245 53.0 0.05 0.1 1.0 0.0 3.09e+19 6.0 0.0 0.0 -3.184904372457314 -11.836441792825308
126.16312712918808 -0.1674454173501274 0.09951147474471356 -2.8134373285533307 2.3926514910595 -0.33581656613234934 -0.7312229265687584 0.2574963209285226 53.0 0.05 0.1 1.0 0.0 3.09e+19 6.0 0.0 0.0 -3.1845249309469694 -12.0415538110518
124.39554890904068 -0.4692575367635401 0.04676288375833502 -2.698111747797497 2.6651818075504643 -0.4212820874853449 -0.8879133478405259 0.35667992056471975 53.0 0.05 0.1 1.0 0.0 3.09e+19 6.0 0.0 0.0 -3.179536309522371 -13.173735659488392
180.9064561601104 0.9177387547149181 0.0971537763520858 -1.2778486968572278 2.541860443614005 -0.16820350071461299 -1.490402771187645 0.31178613091700946 53.0 0.05 0.1 1.0 0.0 3.09e+19 6.0 0.0 0.0 -3.1790984227281838 -12.254681325038414
189.6570652246718 -0.045767919745255625 0.14206417498372195 -1.9337525847944206 2.759717388412265 -0.26356450390430375 -0.4978233474046494 0.044641297328732364 53.0 0.05 0.1 1.0 0.0 3.09e+19 6.0 0.0 0.0 -3.1781166293808916 -11.170890518614314
158.6095909325821 -0.6806200877403132 0.10421719903029879 -1.5955851451628018 2.625153293018397 -0.31802820948887867 -0.12547341482629992 0.06753034309579241 53.0 0.05 0.1 1.0 0.0 3.09e+19 6.0 0.0 0.0 -3.1774717536629122 -11.523476012109395
125.44639439402299 -0.04166205905103859 0.10790736741180847 -1.1781537608817065 2.499550370102823 -0.3159839206577617 -1.4009465660138225 0.23189530885129972 53.0 0.05 0.1 1.0 0.0 3.09e+19 6.0 0.0 0.0 -3.177439799122892 -11.882681984375257
135.80688899092908 -0.9534209532906559 0.15534356299494737 -1.0360154517928568 2.477106267383862 -0.1796579565783012 -0.35361421386081027 0.13786191140161785 53.0 0.05 0.1 1.0 0.0 3.09e+19 6.0 0.0 0.0 -3.1749790113065477 -11.276544992741506
123.30127355453634 -0.7994204197293675 0.1564116928512897 -1.5169094217102643 2.8437575664627843 -0.13802615895512726 -1.3520238410876635 0.08483404261696936 53.0 0.05 0.1 1.0 0.0 3.09e+19 6.0 0.0 0.0 -3.1708301651390753 -11.154606216858618
103.46848720865763 -0.36849292973778014 0.15253212208169878 -1.1782024271854161 2.3388507252784487 -0.019722944228170114 -0.3407893026644908 0.28016532298573604 53.0 0.05 0.1 1.0 0.0 3.09e+19 6.0 0.0 0.0 -3.1696497632598097 -11.691390924661862
143.1282326261159 -0.4907900634235307 0.13300895500508472 -1.925333153336851 2.597103600302978 -0.07524339877954489 -0.14984790601588482 0.2691858144538073 53.0 0.05 0.1 1.0 0.0 3.09e+19 6.0 0.0 0.0 -3.1694517804719418 -11.790537025435183
134.0535363473588 0.5497855139410701 0.1357728429427991 -0.7051932747866569 2.2226978150803838 -0.32493836054879655 -0.6265857613065822 0.1105473622181131 53.0 0.05 0.1 1.0 0.0 3.09e+19 6.0 0.0 0.0 -3.167001657414124 -11.34928779302098
185.20035573958745 -0.07356282876751163 0.17183165183865975 -0.1750307276556482 2.9402769480562996 -0.0872452959449097 -0.0772974987724564 0.019139057672750745 53.0 0.05 0.1 1.0 0.0 3.09e+19 6.0 0.0 0.0 -3.1652951860640206 -10.935023502268727
105.82029663175149 0.23429335076459967 0.11599106737672589 -1.9320097738046162 2.2881598419417473 -0.4388764809760479 -1.1855131764769866 0.18225274745147613 53.0 0.05 0.1 1.0 0.0 3.09e+19 6.0 0.0 0.0 -3.165122815657685 -11.67464852306376
135.12324929682148 0.08616129779937465 0.14338624173134032 0.20418509443686528 2.393077192263009 -0.059549158985023 -0.01811814180897553 0.30188009759625833 53.0 0.05 0.1 1.0 0.0 3.09e+19 6.0 0.0 0.0 -3.1618748866525452 -11.829983918161876
108.70888829231262 -0.7909674644470215 0.11347514777828492 -2.3681437969207764 2.585983157157898 -0.5135423541069031 -0.9462286233901978 0.08645742137432098 53.0 0.05 0.1 1.0 0.0 3.09e+19 6.0 0.0 0.0 -3.1603251127461744 -11.476915323432463
187.9791884562192 -0.8335976537503658 0.08837683630987578 -2.4677336790061144 2.9814957392932224 -0.26496780590987745 -0.801395469266267 0.13262154392918898 53.0 0.05 0.1 1.0 0.0 3.09e+19 6.0 0.0 0.0 -3.160199632936581 -11.825863706067715
176.13742915534414 -0.1929676387792698 0.12765848957177056 -2.0451141030123976 2.555949867739352 -0.1122584258189665 -1.2132429640711404 0.005869583830993835 53.0 0.05 0.1 1.0 0.0 3.09e+19 6.0 0.0 0.0 -3.1527588997488047 -11.20627079004279
133.7870051532985 -0.6202951424081788 0.08600417269275916 -1.1460031583941492 2.343674549081747 -0.10839869748973241 -0.7214531842106395 0.28858741564919344 53.0 0.05 0.1 1.0 0.0 3.09e+19 6.0 0.0 0.0 -3.150025623745396 -12.290965786143119
166.23573225405465 -1.7275855927615047 0.10741275018588697 -1.4607867253600697 2.837554030598921 -0.13098781365722445 -1.2327899451994262 0.010945745657003354 53.0 0.05 0.1 1.0 0.0 3.09e+19 6.0 0.0 0.0 -3.144260764898374 -11.387157080878707
191.3688899144127 -0.04033641272674959 0.16290224984696136 -0.05319266450519633 2.825348096800436 -0.2506665239768755 -0.6342756963274798 0.05182541353450862 53.0 0.05 0.1 1.0 0.0 3.09e+19 6.0 0.0 0.0 -3.1435872483648013 -11.048785890449704
160.84610136409933 -0.6418948287534656 0.127432035700537 -2.506745930514836 2.7285342919256563 -0.05416847976274841 -0.564279822542959 0.25583931417783895 53.0 0.05 0.1 1.0 0.0 3.09e+19 6.0 0.0 0.0 -3.1427043971429756 -11.790052437694516
146.21835056904737 -0.20242837065918495 0.12952717084968746 -1.674852761110527 2.726105962307515 -0.18313503724926417 -1.2373178327837833 0.12453459537813799 53.0 0.05 0.1 1.0 0.0 3.09e+19 6.0 0.0 0.0 -3.1411326260979466 -11.42685697287492
168.13106378843173 -0.22440783113383755 0.12171565645528515 -2.9940717603448688 2.995273436097028 -0.20635955765811254 -0.04281090448501246 0.3233982252166846 53.0 0.05 0.1 1.0 0.0 3.09e+19 6.0 0.0 0.0 -3.138670640513078 -12.07576529012826
151.95807797652776 -0.1248374369911025 0.14696493326888854 -1.5797387584314904 2.495911331197525 -0.06790528527933093 -1.11331615087638 0.18594672982685057 53.0 0.05 0.1 1.0 0.0 3.09e+19 6.0 0.0 0.0 -3.13412990849779 -11.448840029032816
109.24539712092343 -0.7537698468689702 0.08114259072639536 -1.8531171883182505 2.6489483373358205 -0.512908242380592 -0.1972421115093166 0.22946667498896417 53.0 0.05 0.1 1.0 0.0 3.09e+19 6.0 0.0 0.0 -3.133208069706469 -12.15979618395471
125.40884398569693 0.432347313265121 0.14305695704104826 -0.8931059971874191 2.5919887491065916 -0.36135402869288447 -1.439549212858536 0.20952673662863705 53.0 0.05 0.1 1.0 0.0 3.09e+19 6.0 0.0 0.0 -3.1326966046121663 -11.538559340066309
137.56766319274902 -0.14838260412216187 0.12221182063947313 -1.0989593267440796 2.436786949634552 -0.2995870113372803 -0.16390138864517212 0.08015281183719636 53.0 0.05 0.1 1.0 0.0 3.09e+19 6.0 0.0 0.0 -3.1257262391742646 -11.390196365997696
135.86118907846435 -1.995823346250306 0.1363434488980193 -0.9334353256684405 2.8939595353125793 -0.23479689679976934 -0.248056946656237 0.208668412809099 53.0 0.05 0.1 1.0 0.0 3.09e+19 6.0 0.0 0.0 -3.1236906974292586 -11.583949534985589
168.7858918123572 -1.0013264519188798 0.10792770069316622 -0.9278554378470965 2.732271862601496 -0.1580984247503019 -0.7586299265654466 0.07047618727387708 53.0 0.05 0.1 1.0 0.0 3.09e+19 6.0 0.0 0.0 -3.1218729160098286 -11.494474863424188
117.64423222033848 0.845022883077907 0.14398375814507017 -0.45837817186630314 2.537419823583491 -0.46953203673071053 -0.5795084614306973 0.08706891111695451 53.0 0.05 0.1 1.0 0.0 3.09e+19 6.0 0.0 0.0 -3.121015034037977 -11.241368409798339
116.97098692385877 -0.8519713887139433 0.13958063712370422 -1.4300790211626138 2.539040466314397 -0.30218627073605386 -0.024630271427773742 0.2401981995629759 53.0 0.05 0.1 1.0 0.0 3.09e+19 6.0 0.0 0.0 -3.120582069919932 -11.651306758613867
104.61396598791615 -0.43660993468155196 0.17873051434648146 0.4902745986700192 2.6529072977752524 -0.1877969411936804 -1.0465075778172876 0.10828619992811042 53.0 0.05 0.1 1.0 0.0 3.09e+19 6.0 0.0 0.0 -3.1195513552122733 -11.071763450864072
127.30292533708138 -1.458386964362203 0.15595929779637124 -0.8086852767432195 2.663006974838856 -0.03566846321768402 -1.0894382672288652 0.314296545460877 53.0 0.05 0.1 1.0 0.0 3.09e+19 6.0 0.0 0.0 -3.1184442835799637 -11.793544239448295
145.00501717142944 -1.9073331723384614 0.11393795112693243 -2.227787649566962 2.7884043741103453 -0.2722060481478148 -0.01450097871077638 0.10463043314038308 53.0 0.05 0.1 1.0 0.0 3.09e+19 6.0 0.0 0.0 -3.117607871061704 -11.510977388402027
167.4181835588863 -1.005908410980406 0.13386601363023617 -1.558729257572057 2.4758451574193403 -0.10124608604266783 -0.2467515563885625 0.03927064912497525 53.0 0.05 0.1 1.0 0.0 3.09e+19 6.0 0.0 0.0 -3.116368079986363 -11.219827606880703
117.7531798938835 -0.7239818368842568 0.1652076480740812 -1.2203771520387385 2.901722017457285 -0.1673368067529375 -0.6279096124320223 0.2335492334033559 53.0 0.05 0.1 1.0 0.0 3.09e+19 6.0 0.0 0.0 -3.116226225297673 -11.464232740359973
143.8521727559542 -1.7056330908393051 0.15202284115187062 -1.3600732767915051 2.9083325082851843 -0.16249353928813726 -0.5737306582298451 0.17861696893733023 53.0 0.05 0.1 1.0 0.0 3.09e+19 6.0 0.0 0.0 -3.1115784473381924 -11.396466556967788
119.72987701183054 0.00832306105128744 0.13785336475821414 -0.24504373586623585 2.507303551835009 -0.08980299617395726 -2.3601003254830726 0.22730997315501 53.0 0.05 0.1 1.0 0.0 3.09e+19 6.0 0.0 0.0 -3.1114889068822733 -11.625616007300454
132.23829624846786 0.38089794831683843 0.1385852323168318 -0.39122323849241436 2.846814967090251 -0.21570599063415585 -1.1261068676230808 0.32797042978988045 53.0 0.05 0.1 1.0 0.0 3.09e+19 6.0 0.0 0.0 -3.108513114561137 -11.965232902951854
117.68751184459063 -0.5513492530491257 0.07544703455224741 -1.8578226202527803 2.634424136141533 -0.3944843264644753 -1.3858185894757014 0.16211565419077606 53.0 0.05 0.1 1.0 0.0 3.09e+19 6.0 0.0 0.0 -3.107952419731412 -12.053110179187405
130.5374390569158 0.5910542766875699 0.1284923024966177 -0.5685260542501025 2.797424870710682 -0.33764937016999985 -2.1407652009171283 0.05955185532956082 53.0 0.05 0.1 1.0 0.0 3.09e+19 6.0 0.0 0.0 -3.107638041723092 -11.299347057671858
153.66028186869968 0.113974259876088 0.16621877533446386 -0.2282704593561129 2.952704357956045 -0.23479307269490235 -1.8026168410043701 0.07801937870491628 53.0 0.05 0.1 1.0 0.0 3.09e+19 6.0 0.0 0.0 -3.0620912889845284 -11.080441091727534
138.68267043370642 -0.18832053938357385 0.17153937342245373 -0.7944748240532702 2.878941638432586 -0.146027318176289 -1.6312222009577277 0.16532388966107048 53.0 0.05 0.1 1.0 0.0 3.09e+19 6.0 0.0 0.0 -3.083676445941494 -11.243538734638582
178.88217282274462 0.19827417649118928 0.16489862455382867 -0.46506521889655206 2.933795795103273 -0.10084255267652953 -1.6164791857936525 0.1995619512883032 53.0 0.05 0.1 1.0 0.0 3.09e+19 6.0 0.0 0.0 -3.0567556837002567 -11.370503629388784
184.36924472588686 0.23248965833432544 0.14452974103537714 -0.2716425760516037 2.857500773011366 -0.1038568288289996 -0.9341142609707527 0.23939534723631847 53.0 0.05 0.1 1.0 0.0 3.09e+19 6.0 0.0 0.0 -2.893656801393252 -11.614284749443962
183.77973781126727 0.18568072028788407 0.15499975215120593 -0.0495725078028757 2.8545412589507833 -0.00462447893296325 -0.7646405517814543 0.2375953843858477 53.0 0.05 0.1 1.0 0.0 3.09e+19 6.0 0.0 0.0 -2.813935765040455 -11.539479339399048
118.1399857893648 0.6927860635402316 0.13863181281015932 -0.09102963629121019 2.7770044904162186 -0.17025080195874853 -0.4953902673934967 0.4288675045321578 53.0 0.05 0.1 1.0 0.0 3.09e+19 6.0 0.0 0.0 -2.762014271404943 -12.497264752131485
118.1399857893648 0.6927860635402316 0.13863181281015932 -0.09102963629121019 2.7770044904162186 -0.17025080195874853 -0.4953902673934967 0.4288675045321578 53.0 0.05 0.1 1.0 0.0 3.09e+19 6.0 0.0 0.0 -2.762014271404943 -12.497264752131485
114.5769670826538 -0.7802864802076139 0.1662116291343938 -0.46499491209809163 2.929333762003001 -0.2384412197280712 -0.5411196246269805 0.21737167099681262 53.0 0.05 0.1 1.0 0.0 3.09e+19 6.0 0.0 0.0 -2.876749876036327 -11.411591811386865
113.98042853613887 -0.854734060929951 0.17397075455495697 0.09378089517934418 2.8656949129552145 -0.06114576343450562 -1.4481409041579891 0.19624105042944004 53.0 0.05 0.1 1.0 0.0 3.09e+19 6.0 0.0 0.0 -2.9533281964716522 -11.308593019195218
110.87833178762445 0.2025052711758457 0.13249112738196697 -1.2848706279817037 2.8916559963648636 -0.37398400898302286 -0.398648525059365 0.30139558782848985 53.0 0.05 0.1 1.0 0.0 3.09e+19 6.0 0.0 0.0 -3.0963864630321596 -11.90671919833469
153.87600401625173 -1.4555194219521894 0.15219370256356965 -0.8029046572714247 2.9300196257751967 -0.15360052468515795 -0.9659119765154327 0.05200132136186489 53.0 0.05 0.1 1.0 0.0 3.09e+19 6.0 0.0 0.0 -2.902851770534987 -11.11655681281313
158.92118703098112 0.7812847342442546 0.12414978599773813 -1.0738835625374918 2.547032335356956 -0.23532872030983398 -1.6583807597359523 0.18991068876531442 53.0 0.05 0.1 1.0 0.0 3.09e+19 6.0 0.0 0.0 -2.9272953048348103 -11.626823302643817
161.82763937118057 -0.21359871188517632 0.13532681504928343 -1.505792062217084 2.7517703770057604 -0.12477187285709235 -1.7040354188511224 0.07268156034494275 53.0 0.05 0.1 1.0 0.0 3.09e+19 6.0 0.0 0.0 -3.0834611280515802 -11.273759182214418
181.74542717110876 0.241258987661785 0.12140835309448243 -0.7728553208707982 2.5690195030835046 -0.1015901525662124 -1.246544849531459 0.20830706758796103 53.0 0.05 0.1 1.0 0.0 3.09e+19 6.0 0.0 0.0 -3.1052159115448306 -11.698331662943218
174.28012949108467 0.1034726246742026 0.13577441514027203 -0.6351219479784733 2.59028442395579 -0.05562035572225987 -1.922578613220841 0.08629804016746007 53.0 0.05 0.1 1.0 0.0 3.09e+19 6.0 0.0 0.0 -2.993878841696547 -11.298103763283589
163.49981825026262 -0.49080906551966663 0.12646190545068378 -1.5475004370077725 2.8907998648919757 -0.4058505924252769 -1.0383871056279268 0.030702033369133835 53.0 0.05 0.1 1.0 0.0 3.09e+19 6.0 0.0 0.0 -3.104402168097516 -11.260459765419114
172.6095493424063 0.22181042898995074 0.09905021888207081 -1.7607080997652935 2.316057855894123 -0.24624158878772562 -1.5150939607014298 0.02832379400185059 53.0 0.05 0.1 1.0 0.0 3.09e+19 6.0 0.0 0.0 -3.0560545079237897 -11.49936200475345
173.09593156803209 -0.026156770453878098 0.10081068117674273 -1.474025911163039 2.635874855320578 -0.20233878186546006 -1.6615446824093971 0.13676715054207658 53.0 0.05 0.1 1.0 0.0 3.09e+19 6.0 0.0 0.0 -3.0231939569658675 -11.70409287538046
192.85802095177812 -0.4239865283566202 0.09948803535878979 -1.4602645125197649 2.4283346598158717 -0.31033739380332426 -0.8059204352822933 0.001970081966820989 53.0 0.05 0.1 1.0 0.0 3.09e+19 6.0 0.0 0.0 -3.0521745885040614 -11.447665098077994
191.9981092392656 0.27778721304542753 0.10761103765350231 -2.7346330995105568 2.616106202517723 -0.2694804904794039 -0.866966600082419 0.015408579606296002 53.0 0.05 0.1 1.0 0.0 3.09e+19 6.0 0.0 0.0 -3.0398880953758827 -11.393300325246228
154.16657273214233 0.43103037467336547 0.11825830763806616 -2.1058662522603315 2.6960842648247585 -0.21869160708682633 -1.3133916519956181 0.17233221820809227 53.0 0.05 0.1 1.0 0.0 3.09e+19 6.0 0.0 0.0 -3.077238575139745 -11.630269274995886
191.9611155919209 0.450309355520051 0.11517790370452917 -1.9965787380122761 2.6675444452155155 -0.17500888469102094 -1.0127485501364248 0.25004911747312386 53.0 0.05 0.1 1.0 0.0 3.09e+19 6.0 0.0 0.0 -2.9480842683293034 -11.872536015402195
196.65359058915232 0.9246050588554571 0.10950211959840597 -2.8006514372016054 2.6398098618182857 -0.42639591133727084 -0.14001042068898917 0.08542832904255154 53.0 0.05 0.1 1.0 0.0 3.09e+19 6.0 0.0 0.0 -2.9246944692294417 -11.510292011317874
184.47305927080882 0.7943391356797855 0.0933887368364536 -1.4602116226845796 2.6736537969799183 -0.018666823692684353 -1.9379169073146367 0.32365826660194497 53.0 0.05 0.1 1.0 0.0 3.09e+19 6.0 0.0 0.0 -2.9861039314248554 -12.340710725160967
186.02333897935847 -0.34143241252423095 0.13689420942738997 -1.5703861792559206 2.8645815717911574 -0.20775825418629612 -0.8633388197497007 0.04207552739931105 53.0 0.05 0.1 1.0 0.0 3.09e+19 6.0 0.0 0.0 -2.9986456464885736 -11.202870442139394
172.84757636718672 -0.569274302406066 0.12793525381272305 -1.0693169758713852 2.539504376465577 -0.2317617978300932 -0.8740791222420583 0.033580308144799606 53.0 0.05 0.1 1.0 0.0 3.09e+19 6.0 0.0 0.0 -2.9575046660844695 -11.254266713447569
115.70224230450609 0.43517713646604594 0.16579673602308373 -0.2959175418148865 2.3799146440510293 -0.29344384146315106 -0.3284382375289421 0.06439546392067168 53.0 0.05 0.1 1.0 0.0 3.09e+19 6.0 0.0 0.0 -3.0586309600314276 -11.055775314993321
113.44350778061879 -0.09735748565056346 0.14219637076471162 -0.7755587392496213 2.4398662078320457 -0.40857082323748006 -0.39365164702761524 0.15062836293620152 53.0 0.05 0.1 1.0 0.0 3.09e+19 6.0 0.0 0.0 -3.0258212644413893 -11.394141840657744
143.76480158151588 -0.15616915523950148 0.16462421070136374 -0.46513283809371675 2.4001886403163275 -0.08935724032184655 -0.8665504097270609 0.08910756999507664 53.0 0.05 0.1 1.0 0.0 3.09e+19 6.0 0.0 0.0 -2.9584452979144817 -11.11267627802484
110.94511491821301 -0.746682293329727 0.16652548497973058 -0.13720467339734732 2.5856903877260544 -0.16125750104851821 -0.724884946040925 0.0593068517885073 53.0 0.05 0.1 1.0 0.0 3.09e+19 6.0 0.0 0.0 -3.1065618660637497 -11.041462921037187
122.57323208895605 -0.43964982707657474 0.1733641425021539 0.09902148962829216 2.6005406361532026 -0.23062681076209923 -0.7135601273998793 0.018994512112135736 53.0 0.05 0.1 1.0 0.0 3.09e+19 6.0 0.0 0.0 -2.906642439998453 -10.925971595930413
123.85059123816048 -0.36629644070086065 0.18283556750914728 0.6228170727193731 2.614887831340506 -0.15411751200602586 -0.2117001832123564 0.05664594405613143 53.0 0.05 0.1 1.0 0.0 3.09e+19 6.0 0.0 0.0 -2.9389832887471483 -10.943803085384667
154.05895754057744 0.4431659573493669 0.16137575896386852 0.234402580055598 2.9006087237013407 -0.3101926826702206 -0.19192239946978207 0.09449522818624888 53.0 0.05 0.1 1.0 0.0 3.09e+19 6.0 0.0 0.0 -2.79663131335008 -11.143639703735486
146.65709983727123 0.4193676892732414 0.16891862634349528 0.6584263653753637 2.845818614593661 -0.25537263245789843 -0.13056627788642583 0.09980205058233281 53.0 0.05 0.1 1.0 0.0 3.09e+19 6.0 0.0 0.0 -2.9913898063510276 -11.109540607790104
174.1118357952032 -0.9281252037278167 0.17538057630758883 0.35133526492013933 2.9218880696672898 -0.04468009722324062 -0.24031160747965252 0.08395309600466432 53.0 0.05 0.1 1.0 0.0 3.09e+19 6.0 0.0 0.0 -2.9389169688610837 -11.0393851658929
163.13352714467 -0.9127099340055915 0.15054857093699786 -0.039704311429462624 2.8256323566484323 -0.0445224564215807 -0.8921084583916055 0.013338556248077876 53.0 0.05 0.1 1.0 0.0 3.09e+19 6.0 0.0 0.0 -3.093289528644148 -11.055677806287731
164.78342490225427 -0.1945310920242913 0.16120321785838362 0.10341980540425766 2.5547790007470774 -0.14836574367624422 -0.23410832399004367 0.04451754478762104 53.0 0.05 0.1 1.0 0.0 3.09e+19 6.0 0.0 0.0 -2.876513508729154 -11.045238026019586
157.42275869701086 0.7776182978802879 0.1379527343697726 -0.2358853963212284 2.481197316732875 -0.2143596594393209 -0.012802065961647457 0.16702111033794786 53.0 0.05 0.1 1.0 0.0 3.09e+19 6.0 0.0 0.0 -2.9422960700928096 -11.463883175546293
124.7450805592584 0.30389693429044806 0.16883331039531033 0.175985503263151 2.6667142168909197 -0.32901937115441626 -0.43750382295888857 0.022609561548397387 53.0 0.05 0.1 1.0 0.0 3.09e+19 6.0 0.0 0.0 -2.9436649560697083 -10.958748836091655
109.03429749719199 -0.4624897334307825 0.16423886465400842 -0.9672499454611847 2.6041363991985493 -0.26945910472539136 -1.0046613819091548 0.12124029731158624 53.0 0.05 0.1 1.0 0.0 3.09e+19 6.0 0.0 0.0 -3.028672845941776 -11.183799155218363
123.77022205351442 -0.38506736657200547 0.14353873644542856 -0.022968980535677197 2.700253607037149 -0.12678102772169364 -0.21496476562277866 0.27707292861637633 53.0 0.05 0.1 1.0 0.0 3.09e+19 6.0 0.0 0.0 -2.962764802203694 -11.741190474930875
169.71692113139312 -1.0387550637933591 0.14216462846004513 -0.6483394556844511 2.8929600836663756 -0.32612455594695255 -0.06104921208090275 0.04764390196831221 53.0 0.05 0.1 1.0 0.0 3.09e+19 6.0 0.0 0.0 -3.030382748888491 -11.175894031522795
103.74061846295844 -0.48917716175537906 0.12176600489597296 -1.1544599730493643 2.242947299296912 -0.21960735589664981 -1.1205248853618737 0.18518547862531498 53.0 0.05 0.1 1.0 0.0 3.09e+19 6.0 0.0 0.0 -2.970801772653795 -11.633834930430229
105.80307392323928 -0.43263585204949595 0.1352468862382746 -1.1947073922582967 2.505197484902866 -0.11363461253588936 -1.3978514430325117 0.332838335117093 53.0 0.05 0.1 1.0 0.0 3.09e+19 6.0 0.0 0.0 -3.001448403476834 -12.009580345284004
113.69990728776638 -1.2999453528068803 0.14645375329339863 -0.16351986753095105 2.6558612285164145 -0.031007070636910328 -0.6616596483072796 0.31623798292582617 53.0 0.05 0.1 1.0 0.0 3.09e+19 6.0 0.0 0.0 -3.013310520451168 -11.863500134594748
124.45243299678562 -1.8102881738217602 0.15554863200242655 -0.5042088812452361 2.676492427631221 -0.03981475315990268 -1.2474970525695694 0.20709638603693709 53.0 0.05 0.1 1.0 0.0 3.09e+19 6.0 0.0 0.0 -2.980678041741779 -11.448791181112231
100.89306872271301 -0.525013444352227 0.11841738361043787 -1.992091675380661 2.326185759290713 -0.21446148631569706 -0.49626890597850704 0.3922571062437551 53.0 0.05 0.1 1.0 0.0 3.09e+19 6.0 0.0 0.0 -3.072975664291449 -12.426814899905287
109.82684938152873 -0.6494133448409836 0.07460852615577894 -1.8384001804811687 2.162222927657523 -0.0960060998196921 -1.1326396614084833 0.268878437889451 53.0 0.05 0.1 1.0 0.0 3.09e+19 6.0 0.0 0.0 -3.0947457755404457 -12.365663082348966
135.98307464888308 -0.40524227124704293 0.12040319625646109 -1.6016590082650506 2.4903298813208767 -0.009410140628381747 -0.13792130677957548 0.42976756109210734 53.0 0.05 0.1 1.0 0.0 3.09e+19 6.0 0.0 0.0 -3.0305483421129527 -12.643742896731057
113.3852405762143 -1.4619877558381993 0.10078323541724495 -1.7202734862816773 2.224224987697797 -0.031073719137123756 -0.6672844789145538 0.36623986346304366 53.0 0.05 0.1 1.0 0.0 3.09e+19 6.0 0.0 0.0 -3.081019188235084 -12.452510811747704
126.74145319343019 -1.6487311380322562 0.12847532495010844 -1.1192938364318987 2.751048782183266 -0.22211744258544153 -0.20822905131957548 0.22681426750680422 53.0 0.05 0.1 1.0 0.0 3.09e+19 6.0 0.0 0.0 -2.9153793169149163 -11.694217501665936
125.09674962052117 -0.17295726909128528 0.11400754436945296 -0.7449722879255138 2.351669726265516 -0.06847110194505346 -0.12315015976203458 0.3427252637325353 53.0 0.05 0.1 1.0 0.0 3.09e+19 6.0 0.0 0.0 -2.9647045932209517 -12.221681099860213
136.81896128844485 -1.549191218809327 0.10164168931084465 -1.0418899868349278 2.5675913974789513 -0.055972644913553804 -1.290740600131044 0.1968309858292088 53.0 0.05 0.1 1.0 0.0 3.09e+19 6.0 0.0 0.0 -3.0352837708152833 -11.844269022860681
132.28443340216137 -1.0975381338412749 0.1164852435497404 -0.8332525891069738 2.48542516527255 -0.06506221147089075 -0.010879069986611256 0.23344267397172355 53.0 0.05 0.1 1.0 0.0 3.09e+19 6.0 0.0 0.0 -2.933004545276727 -11.811066291267904
132.93754358766088 -0.11520218727639131 0.13645352442947128 -1.4258734713614822 2.749878207161275 -0.2427976432249075 -0.6882399645418458 0.3091535878304931 53.0 0.05 0.1 1.0 0.0 3.09e+19 6.0 0.0 0.0 -2.974543509223122 -11.90647320741845
119.16883586935413 -1.3867264498296232 0.13031246019064607 -0.8961573550577713 2.5907772556934625 -0.2231227296684808 -0.3515307436738251 0.17058922498842358 53.0 0.05 0.1 1.0 0.0 3.09e+19 6.0 0.0 0.0 -2.9114711813504495 -11.529358067851016
135.243155916283 -1.0549082648811052 0.14426884613482646 -1.0271186403929802 2.544397942876021 -0.01908788119322935 -0.9141649167231165 0.2802436694861408 53.0 0.05 0.1 1.0 0.0 3.09e+19 6.0 0.0 0.0 -2.979579123931491 -11.746946359662099
100.6211013682947 -0.417221668832513 0.10244753141228245 -1.321723446643059 2.4071072323125384 -0.2856380389612436 -1.047648985035539 0.3204430668205972 53.0 0.05 0.1 1.0 0.0 3.09e+19 6.0 0.0 0.0 -3.076211045885244 -12.235583526733986
100.07268660914004 -1.2082111325484564 0.13507027541898106 -1.4109746639806466 2.33297293338963 -0.05138254024004407 -1.336424910675679 0.25208789072090526 53.0 0.05 0.1 1.0 0.0 3.09e+19 6.0 0.0 0.0 -3.063138303394991 -11.720394067465083
106.31483241289973 -1.6909829980727649 0.10162100187352748 -1.7766576135728478 2.214397335116827 -0.13883744181158786 -0.7783249867835766 0.11039958723946555 53.0 0.05 0.1 1.0 0.0 3.09e+19 6.0 0.0 0.0 -3.0940352940611495 -11.637348337802104
115.8159471104624 -1.8329274526023425 0.10877864881779283 -0.7974556101007293 2.3027834426536287 -0.03544195127341876 -1.2951428087811492 0.14861403013009214 53.0 0.05 0.1 1.0 0.0 3.09e+19 6.0 0.0 0.0 -3.0550260728042797 -11.65587191501651
120.17189703789042 -0.8372139193916059 0.13605988489178308 -0.9156712693728672 2.2975816975018 -0.09078793252581718 -0.521213661624802 0.21643656602599437 53.0 0.05 0.1 1.0 0.0 3.09e+19 6.0 0.0 0.0 -2.9769161967178457 -11.607606773862296
119.68256230200852 -1.1771700130249427 0.1259047485018532 -1.2224312960619999 2.665408323853815 -0.10125045612123618 -1.4295103369746496 0.25582872719351696 53.0 0.05 0.1 1.0 0.0 3.09e+19 6.0 0.0 0.0 -2.9900480839719914 -11.802011951404983
114.28669688335903 -1.340629705867907 0.09967687011035012 -1.0807355494346402 2.5514645129434554 -0.24398460780287667 -1.0779232894475128 0.15591127091544227 53.0 0.05 0.1 1.0 0.0 3.09e+19 6.0 0.0 0.0 -3.0666984382939564 -11.760306023022448
112.8133828199673 0.498926667368913 0.13163863662113057 -1.2589849858293252 2.245285651821339 -0.2916740222617653 -0.1583014411869943 0.1311042568976116 53.0 0.05 0.1 1.0 0.0 3.09e+19 6.0 0.0 0.0 -2.9966602602341084 -11.425556571337948
102.35137792701195 0.8387919063382911 0.14581069634744379 -0.18594962089883627 2.323963490814036 -0.5301952925341156 -0.41286069589197805 0.011707479854787548 53.0 0.05 0.1 1.0 0.0 3.09e+19 6.0 0.0 0.0 -2.833379905605079 -11.084506748196302
119.47983813347687 0.49907351672618017 0.13210628657881712 -0.9820203919536126 2.1601245784637153 -0.19088508965197581 -0.788926296750831 0.15219711327273908 53.0 0.05 0.1 1.0 0.0 3.09e+19 6.0 0.0 0.0 -3.004928862043623 -11.471008530820434
119.67183206045748 0.02825752735790177 0.14968427590962294 -0.4870223005368226 2.4235804991824996 -0.13774161173844846 -1.45525444364606 0.2623251802963818 53.0 0.05 0.1 1.0 0.0 3.09e+19 6.0 0.0 0.0 -2.967250604361529 -11.650837769058
108.31611797209129 -0.6240605905361949 0.15746181212757657 -0.6862927550291551 2.409604271082858 -0.03386552047493696 -1.8347556889015475 0.19316518204823 53.0 0.05 0.1 1.0 0.0 3.09e+19 6.0 0.0 0.0 -2.982043170705444 -11.399239855804725
129.20412201864787 0.15194056377837972 0.13791048948356682 -0.44617374824064227 2.2717477147247824 -0.11486054345740992 -1.3954604529350738 0.15986374239961937 53.0 0.05 0.1 1.0 0.0 3.09e+19 6.0 0.0 0.0 -3.006825648440448 -11.44668556559752
116.66773228883969 -0.034220842287984166 0.125781233969516 -0.8184948249506712 2.4846968328795187 -0.12800982371828074 -1.9841683390333589 0.1809988818661062 53.0 0.05 0.1 1.0 0.0 3.09e+19 6.0 0.0 0.0 -3.048343871797553 -11.59080375703197
120.43273264038375 -0.16460574421931407 0.13268446677829374 -0.7482461500276223 2.3676019472609897 -0.16393839998078086 -2.1293031959833675 0.02732212879733639 53.0 0.05 0.1 1.0 0.0 3.09e+19 6.0 0.0 0.0 -2.916526477110966 -11.206475988323742
113.80093250743447 0.5386619707366918 0.1566798391398779 -0.01615820542682478 2.708472607411541 -0.34836632243014387 -2.2843132753029387 0.007109507266593718 53.0 0.05 0.1 1.0 0.0 3.09e+19 6.0 0.0 0.0 -2.8112777521979853 -11.004993170869138
139.41826747872145 -0.6181315106022707 0.1584964487878434 -0.8014370583146415 2.7389801564406433 -0.11604198062053328 -1.8560422613899952 0.0016368188733988155 53.0 0.05 0.1 1.0 0.0 3.09e+19 6.0 0.0 0.0 -3.020003071438666 -10.983926414701637
129.39227869150648 -0.053479044115360086 0.15648571939209815 -0.6709185399424515 2.588697185859169 -0.2786473633523654 -1.2399870030057252 0.07504306122288472 53.0 0.05 0.1 1.0 0.0 3.09e+19 6.0 0.0 0.0 -2.9377319723335296 -11.134254538975524
107.46212343780353 0.1094910613941038 0.12906731994787127 -2.1415850629384994 2.884383521688703 -0.41046172953210114 -1.0562530624075763 0.10654759759033902 53.0 0.05 0.1 1.0 0.0 3.09e+19 6.0 0.0 0.0 -3.081563995405413 -11.391017576175441
101.99818966917607 -0.008471787100785111 0.13935382398703436 -1.3201605531695066 2.6602353212135545 -0.47663602548578243 -0.8465867598048598 0.2220991947453038 53.0 0.05 0.1 1.0 0.0 3.09e+19 6.0 0.0 0.0 -3.1073377954362797 -11.599872871530367
105.85458874702454 0.2502732276916504 0.11499086645500448 -2.3313302993774414 2.491730034351349 -0.5611985921859741 -1.0182888507843018 0.0023215729236602785 53.0 0.05 0.1 1.0 0.0 3.09e+19 6.0 0.0 0.0 -3.073633155868026 -11.304020759519691
136.44434940854697 -0.13007916578472623 0.1078782081632382 -1.9662950051850872 2.491337798357106 -0.502704447975594 -0.8746479620169438 0.01017783352571445 53.0 0.05 0.1 1.0 0.0 3.09e+19 6.0 0.0 0.0 -3.076207556893455 -11.381483013144875
128.1785571465938 -0.3020245446454317 0.11745635219279965 -1.6354197836159565 2.676563869362658 -0.2909996965562591 -1.4225317491439489 0.20360751217892578 53.0 0.05 0.1 1.0 0.0 3.09e+19 6.0 0.0 0.0 -2.96636619510225 -11.718442091244667
131.63476194632955 -0.03863332693941457 0.15089289815376716 -1.1008363431803978 2.5010261799284352 -0.3272720243738183 -0.8879559868684721 0.029459743631493257 53.0 0.05 0.1 1.0 0.0 3.09e+19 6.0 0.0 0.0 -2.994476379378204 -11.082670688427926
159.7037272637515 -1.0592102107445105 0.08142645408658618 -2.4656109832256834 2.3970519051746613 -0.09385747491824503 -0.7101658016862307 0.3120224995583321 53.0 0.05 0.1 1.0 0.0 3.09e+19 6.0 0.0 0.0 -2.9944573244731028 -12.431715193726154
154.80414693959654 -0.8757107369737973 0.0910980079059064 -2.257799707992507 2.6503889137065917 -0.26788401645846793 -0.6392443709072015 0.3485136249074889 53.0 0.05 0.1 1.0 0.0 3.09e+19 6.0 0.0 0.0 -3.074514039487939 -12.470751534557143
141.9439475575547 -0.40396508343157467 0.10121168742440505 -1.557949557395096 2.7566300243083797 -0.2796940410780011 -0.9974268101927892 0.32068446353705 53.0 0.05 0.1 1.0 0.0 3.09e+19 6.0 0.0 0.0 -3.0878645824971196 -12.248636635965985
174.39413623721185 -1.1060786690689361 0.06315611984522237 -2.2497929446087195 2.6582558667225813 -0.10456356720810112 -1.1198349303236568 0.3398212725551528 53.0 0.05 0.1 1.0 0.0 3.09e+19 6.0 0.0 0.0 -3.0200868791847846 -12.798268953432403
151.31890734296772 0.42823944239148526 0.09723115475249262 -2.0411191565706615 2.4693710995163407 -0.09295582053521567 -1.0511156235383272 0.43889547607503193 53.0 0.05 0.1 1.0 0.0 3.09e+19 6.0 0.0 0.0 -2.969480469665358 -12.922792216393695
180.49048289817435 -0.07461001779974796 0.09822108081544949 -2.1318788995954847 2.771007674383799 -0.03793743871798361 -0.8356062003528004 0.4361220076206628 53.0 0.05 0.1 1.0 0.0 3.09e+19 6.0 0.0 0.0 -3.0653897642626404 -12.892133305080453
176.92809918222434 0.1559956695492195 0.10428440824989808 -1.7517627661240796 2.6843429862584753 -0.09180737489728719 -0.9309525753361703 0.479318285539635 53.0 0.05 0.1 1.0 0.0 3.09e+19 6.0 0.0 0.0 -3.011459309126145 -13.21365619487787
194.2784291493116 -0.2929982744796389 0.10976209201447806 -1.558068868119934 2.8623303053623506 -0.03082963091698243 -0.22311244984502565 0.42883891956011155 53.0 0.05 0.1 1.0 0.0 3.09e+19 6.0 0.0 0.0 -2.976760736844298 -12.729375560387835
167.85442813820762 -0.8042980354440528 0.11297919759602285 -2.462082234646688 2.6485861268477167 -0.16808386925854002 -0.27444964901056235 0.2970256197993622 53.0 0.05 0.1 1.0 0.0 3.09e+19 6.0 0.0 0.0 -3.0834567621737032 -12.049235641584714
161.3262912899658 -0.9479025852558662 0.11460458696645179 -1.2819952095938998 2.8481932478870107 -0.004988949607294124 -0.2462125952657086 0.3873724303286819 53.0 0.05 0.1 1.0 0.0 3.09e+19 6.0 0.0 0.0 -2.9832104656374447 -12.432639942395303
191.14167655590418 -0.8292848969328324 0.10139649939911631 -1.3188135332459545 2.568590826837238 -0.019451033645680127 -0.3395613868815297 0.3055106779541425 53.0 0.05 0.1 1.0 0.0 3.09e+19 6.0 0.0 0.0 -2.9346645739854313 -12.188284129736918
124.5571333346141 -0.8670536173529353 0.11629709283682307 -2.3573837158301725 2.9769286204630068 -0.438309993753367 -0.317919462590063 0.25050552859210273 53.0 0.05 0.1 1.0 0.0 3.09e+19 6.0 0.0 0.0 -3.0473772481548336 -11.864325977290127
151.56312506601776 -1.5911531207543175 0.09289410099173157 -1.453297723901582 2.725596509711758 -0.15059557488201758 -0.5482032851460557 0.22050784434952067 53.0 0.05 0.1 1.0 0.0 3.09e+19 6.0 0.0 0.0 -2.961288290942469 -11.999096351514753
126.57868275411413 -1.9302275735117724 0.10913127139130897 -1.782103324919418 2.73188458138923 -0.0827149037058601 -1.3310445697659024 0.24164242062480545 53.0 0.05 0.1 1.0 0.0 3.09e+19 6.0 0.0 0.0 -2.9930838326956515 -11.900491143486256
122.61986490203091 -1.2574405764029628 0.10130797213999589 -1.3305121957747421 2.879377203676781 -0.29545391695819134 -0.6304154074063129 0.2842306689212208 53.0 0.05 0.1 1.0 0.0 3.09e+19 6.0 0.0 0.0 -3.0655825551241334 -12.112440384060845
159.54460002093063 -1.3360355222415654 0.08235980056624369 -1.7078249246960748 2.895053427565972 -0.11173310446810758 -1.5002172261593616 0.23922593697974015 53.0 0.05 0.1 1.0 0.0 3.09e+19 6.0 0.0 0.0 -3.0961085423745462 -12.173810869247731
141.73811450480144 -1.7556067411673397 0.14296919643507291 -1.398696027953505 2.8689158948792346 -0.1350136991405968 -1.0802979565830007 0.11863098086286064 53.0 0.05 0.1 1.0 0.0 3.09e+19 6.0 0.0 0.0 -2.9773597535997416 -11.315634141577151
179.35656665632655 -1.4750720611335346 0.11171448622374577 -2.2422643745055604 2.8833517842794727 -0.17594903496244507 -0.8067608485222331 0.16307180767897902 53.0 0.05 0.1 1.0 0.0 3.09e+19 6.0 0.0 0.0 -2.9771719368831953 -11.664059856827057
164.99184758222373 -1.1975958255875856 0.12077984391369224 -1.0331593029009847 2.558904505575607 -0.08582420618013131 -1.4283221422662913 0.10323465354393296 53.0 0.05 0.1 1.0 0.0 3.09e+19 6.0 0.0 0.0 -2.960779694136951 -11.449950421082875
133.1841823518208 -0.32996248872029277 0.11557506689737294 -2.5813162270469285 2.489885635220631 -0.4249328734051767 -0.15758111353105875 0.16139347553411873 53.0 0.05 0.1 1.0 0.0 3.09e+19 6.0 0.0 0.0 -3.1005704839841335 -11.626140537014006
129.39772806488855 -0.8324567581950897 0.06378963502553854 -2.7801282903430695 2.4813909057929386 -0.6735630501555865 -0.04588216515291643 0.06048121727581173 53.0 0.05 0.1 1.0 0.0 3.09e+19 6.0 0.0 0.0 -3.057544526970008 -11.999364193149392
148.72820702535824 -0.4379212506324226 0.08786860797193242 -2.1168681732326493 2.1728935691014666 -0.21828826838832782 -1.132872618311425 0.058337659883010526 53.0 0.05 0.1 1.0 0.0 3.09e+19 6.0 0.0 0.0 -3.011706822435847 -11.675542613450286
134.51190249022332 -1.9517761360882155 0.07820286454167624 -2.0859513106028738 2.5183508682057067 -0.29012063200598304 -0.5110094886295276 0.15461783867597728 53.0 0.05 0.1 1.0 0.0 3.09e+19 6.0 0.0 0.0 -2.938335542272073 -11.999195676418088
139.39214242639108 -1.2128124630084578 0.04547935981605026 -2.8278617194657385 2.534001279421772 -0.2303128971419799 -1.120152417032874 0.21919175913610492 53.0 0.05 0.1 1.0 0.0 3.09e+19 6.0 0.0 0.0 -3.082611343373596 -12.70847097596977
142.57178977853113 -1.621247846623612 0.10061239364712175 -1.3782663032216265 2.5515320217080455 -0.27486014316936025 -0.5787189867821372 0.12320391617429034 53.0 0.05 0.1 1.0 0.0 3.09e+19 6.0 0.0 0.0 -3.0500140449004274 -11.67539537645077
125.48689715198283 -0.8075476991600175 0.07414495389330955 -2.2605296151909515 2.4547643944067694 -0.2176090236424315 -1.42323151124637 0.17423431776815596 53.0 0.05 0.1 1.0 0.0 3.09e+19 6.0 0.0 0.0 -2.9973147769292883 -12.100468810985248
153.74105403154545 -1.3293854558777376 0.09200827291753276 -1.3165647051911213 2.3955330677346156 -0.11113989205400321 -0.44408453586293417 0.1896737291952939 53.0 0.05 0.1 1.0 0.0 3.09e+19 6.0 0.0 0.0 -3.0058528142545358 -11.924655403271778
187.3485069478541 -1.0146833025499258 0.07244803590482847 -2.6594287298616033 2.725590009395479 -0.12467210497616987 -1.4565430371249137 0.005400401551219711 53.0 0.05 0.1 1.0 0.0 3.09e+19 6.0 0.0 0.0 -3.057788131618289 -11.770089401744748
106.18023906360366 -1.7898143876474029 0.03683635486912701 -2.3909389507996632 2.4184563261170013 -0.45641813008248766 -0.9789805345045846 0.08464728720929297 53.0 0.05 0.1 1.0 0.0 3.09e+19 6.0 0.0 0.0 -3.006853852714763 -12.596374976749381
