 F
        8183       16313           3        1024
   -0.140383311595799238E+02   -0.954793709006832714E+01
 T
   2
    0.200000000000000000E+01    0.300000000000000000E+01    0.916015625000000000E+00    0.839843750000000000E-01
   0
   0
 T T     0           0
    0.000000000000000000E+00   -0.100000000000000002+101    0.000000000000000000E+00
 T F     1         938
    0.842524597085963231E-03   -0.140849544840629868E+02   -0.949928705320237476E+01
 T F     1          86
    0.792287017148239235E-04   -0.171272065888798721E+02   -0.105672710078948402E+02
