    0.299252940714359283E+03    0.494830608367919922E+00    0.391436517238616943E+01    0.556218555521965086E+00   -0.923804685343384477E+02   -0.485202009141426682E+01    1
    0.289665612578392029E+03    0.710868775844573975E+00    0.358856916427612305E+01    0.399893034338951125E+00   -0.719241560643467608E+02   -0.485983259141427482E+01    1
    0.172153596580028534E+03   -0.155356955528259277E+01   -0.435067772865295410E+01    0.301451361894607528E+00   -0.699122838343831177E+02   -0.486764509141427837E+01    1
    0.282098537683486938E+03    0.813546061515808105E+00    0.361395597457885742E+01    0.338001618361473077E+00   -0.687087682697285089E+02   -0.487545759141427837E+01    1
    0.214884082973003387E+03    0.693317651748657227E+00    0.403800070285797119E+01    0.431142526316642793E+00   -0.673611683525689955E+02   -0.488327009141427215E+01    1
    0.194850516319274902E+03    0.483321249485015869E+00    0.446262776851654053E+01    0.440076928067207329E+00   -0.672931799309377965E+02   -0.489108259141427038E+01    1
    0.254583968222141266E+03    0.674565792083740234E+00    0.391900539398193359E+01    0.331153548002243059E+00   -0.655289138618696256E+02   -0.489889509141427659E+01    1
    0.215450592339038849E+03   -0.187191736698150635E+01   -0.413024246692657471E+01    0.165004893136024483E+00   -0.646082992495480966E+02   -0.490670759141427038E+01    1
    0.209451282024383545E+03   -0.144727772474288940E+01    0.473685383796691895E+01    0.431009706115722646E+00   -0.641394047610564542E+02   -0.491452009141427393E+01    1
    0.303534068167209625E+03    0.195546865463256836E+00    0.310391485691070557E+01    0.490120154356956494E+00   -0.609143988528788682E+02   -0.492233259141426949E+01    1
    0.180468954145908356E+03    0.490760803222656250E-01   -0.388320147991180420E+01    0.187134758377075189E+00   -0.566503555991222427E+02   -0.493014509141426949E+01    1
    0.294512605667114258E+03   -0.169725441932678223E+01   -0.453371405601501465E+01    0.174372794365882877E+00   -0.554322387421511849E+02   -0.493795759141427482E+01    1
    0.192590647935867310E+03    0.883223235607147217E+00    0.423136413097381592E+01    0.189646981000900272E+00   -0.519603717647255650E+02   -0.494577009141427482E+01    1
    0.148310180008411407E+03   -0.809545159339904785E+00    0.456778466701507568E+01    0.527243895220756542E+00   -0.518440700283872644E+02   -0.495358259141427215E+01    1
    0.316646207869052887E+03   -0.547633171081542969E-01   -0.489956915378570557E+01    0.183913228797912609E+00   -0.515293437154221436E+02   -0.496139509141427393E+01    1
    0.204064789414405823E+03   -0.635315299034118652E+00    0.463771581649780273E+01    0.271560095500946064E+00   -0.510633093361093060E+02   -0.496920759141427215E+01    1
    0.127392289042472839E+03    0.623948037624359131E+00   -0.267389774322509766E+01    0.757583840131759723E-01   -0.502611610359555101E+02   -0.497702009141426860E+01    1
    0.197935070097446442E+03   -0.829560160636901855E-01   -0.466736555099487305E+01    0.462301606392860442E+00   -0.502453831363053354E+02   -0.498483259141426771E+01    1
    0.345929305255413055E+03    0.415662527084350586E-01    0.286090910434722900E+01    0.350438884234428427E+00   -0.494819719055873435E+02   -0.499264509141426949E+01    1
    0.270144455134868622E+03   -0.745544433593750000E-01   -0.472800970077514648E+01    0.286724320793151854E+00   -0.483119925306479772E+02   -0.500045759141427038E+01    1
    0.249979366362094879E+03   -0.176583886146545410E+01    0.406800210475921631E+01    0.298941322803497334E+00   -0.471818089173780351E+02   -0.500827009141427038E+01    1
    0.163520477712154388E+03    0.351837217807769775E+00   -0.426153063774108887E+01    0.496765906763076803E+00   -0.452273327695450007E+02   -0.501608259141426771E+01    1
    0.195900614559650421E+03    0.452427387237548828E+00   -0.462301254272460938E+01    0.481409632945060728E+00   -0.438620505554246947E+02   -0.502389509141427126E+01    1
    0.224864582717418671E+03    0.823709845542907715E+00   -0.409127712249755859E+01    0.183305114936828606E+00   -0.421499431051914684E+02   -0.503170759141427926E+01    1
    0.260751238465309143E+03   -0.367305040359497070E+00   -0.407623350620269775E+01    0.245730302309989934E+00   -0.413310232281369636E+02   -0.503952009141427748E+01    1
    0.197904264926910400E+03   -0.100372135639190674E+00   -0.338347852230072021E+01    0.224641948056221008E+00   -0.410781532327833787E+02   -0.504733259141427748E+01    1
    0.346764612197875977E+03   -0.674247741699218750E-01    0.228216409683227539E+01    0.403450657367706300E+00   -0.409048713215766782E+02   -0.505514509141427215E+01    1
    0.186489748954772949E+03   -0.139641284942626953E+00   -0.283049464225769043E+01    0.103895795989036560E+00   -0.406698502610663368E+02   -0.506295759141426593E+01    1
    0.318309070169925690E+03   -0.699851036071777344E+00    0.256301164627075195E+01    0.405038256239891092E+00   -0.401677515019839433E+02   -0.507077009141427304E+01    1
    0.251731278002262115E+03   -0.103341788053512573E+01    0.340747177600860596E+01    0.344586334204673772E+00   -0.400556966858103394E+02   -0.507858259141427304E+01    1
    0.149349576234817505E+03   -0.717883527278900146E+00    0.393261313438415527E+01    0.523907218408584563E+00   -0.394762401455167691E+02   -0.508639509141426860E+01    1
    0.264377236366271973E+03   -0.758976221084594727E+00   -0.365611135959625244E+01    0.168376950001716624E+00   -0.393753172194029375E+02   -0.509420759141426771E+01    1
    0.251964160799980164E+03   -0.104772067070007324E+01    0.273590743541717529E+01    0.523895277214050270E+00   -0.392585109560341934E+02   -0.510202009141427126E+01    1
    0.302488180994987488E+03   -0.188144940137863159E+01   -0.330179274082183838E+01    0.454155698776245106E-01   -0.386467364917550924E+02   -0.510983259141427748E+01    1
    0.263162410259246826E+03    0.279692411422729492E-01   -0.370931267738342285E+01    0.145159241938591005E+00   -0.386384796080025339E+02   -0.511764509141427038E+01    1
    0.180476450920104980E+03   -0.522017002105712891E+00    0.354942798614501953E+01    0.470864056992530866E+00   -0.386105854214037052E+02   -0.512545759141426505E+01    1
    0.345768144726753235E+03   -0.267052650451660156E+00   -0.383772790431976318E+01    0.494834230899810837E-01   -0.373974943056252087E+02   -0.513327009141426593E+01    1
    0.259889176487922668E+03    0.242750167846679688E+00   -0.310835540294647217E+01    0.237674124240875272E-02   -0.359821447051058527E+02   -0.514108259141427038E+01    1
    0.253354483842849731E+03   -0.132449084520339966E+01    0.347156286239624023E+01    0.259255786299705526E+00   -0.351668811374086445E+02   -0.514889509141427304E+01    1
    0.188436120748519897E+03   -0.130969166755676270E+01   -0.273754894733428955E+01    0.228670156502723709E+00   -0.349935600421671893E+02   -0.515670759141427038E+01    1
    0.329428006708621979E+03   -0.135392898321151733E+01   -0.328661561012268066E+01    0.195786802053451552E-01   -0.349423376832602059E+02   -0.516452009141426771E+01    1
    0.213370861113071442E+03    0.348511993885040283E+00   -0.321447193622589111E+01    0.174252870655059816E+00   -0.349260032579291320E+02   -0.517233259141426593E+01    1
    0.348774619400501251E+03    0.550628602504730225E+00    0.292952120304107666E+01    0.259383898258209247E-01   -0.347551644972584697E+02   -0.518014509141426593E+01    1
    0.148360350728034973E+03    0.259562969207763672E+00   -0.366691052913665771E+01    0.568897545289993256E+00   -0.344251521728858663E+02   -0.518795759141426949E+01    1
    0.238495783507823944E+03   -0.992922782897949219E-01    0.399277389049530029E+01    0.686277849912643456E-01   -0.344084603163691867E+02   -0.519577009141427038E+01    1
    0.140910877287387848E+03   -0.477226257324218750E+00   -0.173133969306945801E+01    0.100754067707061773E+00   -0.343781588015385680E+02   -0.520358259141426593E+01    1
    0.317829625308513641E+03   -0.157334208488464355E-01   -0.374810934066772461E+01    0.103311359810829173E+00   -0.343186035841746815E+02   -0.521139509141426771E+01    1
    0.334318505227565765E+03    0.862719893455505371E+00    0.144457638263702393E+01    0.344713081455230719E+00   -0.341835195462894958E+02   -0.521920759141426860E+01    1
    0.257064220309257507E+03   -0.169231057167053223E+01   -0.264418721199035645E+01    0.327693331003189106E-01   -0.340630042471973269E+02   -0.522702009141426593E+01    1
    0.184703062474727631E+03   -0.123495727777481079E+01    0.438230812549591064E+01    0.177644101667404186E+00   -0.340057086401468496E+02   -0.523483259141426860E+01    1
    0.141609632968902588E+03   -0.986450254917144775E+00   -0.140717446804046631E+01    0.394639420509338423E-01   -0.338884394917456007E+02   -0.524264509141427393E+01    1
    0.272373732924461365E+03   -0.105665349960327148E+01   -0.406279981136322021E+01    0.367819156408309922E+00   -0.337577691251539918E+02   -0.525045759141427482E+01    1
    0.214522628486156464E+03    0.743683278560638428E+00    0.358226299285888672E+01    0.453296273946762127E-01   -0.318092486628245155E+02   -0.525827009141427659E+01    1
    0.327308873832225800E+03   -0.195897936820983887E+00   -0.319956243038177490E+01    0.984223959445953457E-02   -0.305564202998777077E+02   -0.526608259141428015E+01    1
    0.295982201397418976E+03   -0.102343595027923584E+01   -0.374363780021667480E+01    0.297231650805473313E+00   -0.294881369716555959E+02   -0.527389509141427659E+01    1
    0.282609806954860687E+03    0.441906332969665527E+00   -0.304324924945831299E+01    0.312344801902771016E-01   -0.285304357531276338E+02   -0.528170759141427126E+01    1
    0.342678789794445038E+03   -0.101669269800186157E+01    0.284800767898559570E+01    0.105670325732231146E+00   -0.284776052051603941E+02   -0.528952009141427393E+01    1
    0.274512647092342377E+03    0.628530323505401611E+00   -0.393319606781005859E+01    0.266973550915718061E+00   -0.282519263850012372E+02   -0.529733259141427126E+01    1
    0.312197710573673248E+03   -0.122350817918777466E+01   -0.378302156925201416E+01    0.301596942114830013E+00   -0.281759463376998660E+02   -0.530514509141426416E+01    1
    0.294781228899955750E+03   -0.776798427104949951E+00   -0.272966206073760986E+01    0.353769829273223868E-01   -0.276244517810582089E+02   -0.531295759141427038E+01    1
    0.220696362853050232E+03    0.948727607727050781E+00   -0.449605584144592285E+01    0.547711239123344407E+00   -0.275991117520223561E+02   -0.532077009141427038E+01    1
    0.242020997405052185E+03    0.181063294410705566E+00   -0.335590600967407227E+01    0.280300231075286899E+00   -0.272259748281102674E+02   -0.532858259141426416E+01    1
    0.210961084067821503E+03   -0.192743855714797974E+01   -0.194626629352569580E+01    0.109761310744285592E+00   -0.266698300521876561E+02   -0.533639509141427304E+01    1
    0.165851947665214539E+03   -0.103532528877258301E+01    0.324502527713775635E+01    0.440808343291282656E+00   -0.263555320773432271E+02   -0.534420759141427837E+01    1
    0.160399150848388672E+03   -0.999983429908752441E+00    0.358663320541381836E+01    0.359955402159690852E+00   -0.263337323309996414E+02   -0.535202009141427126E+01    1
    0.322774854302406311E+03   -0.186920762062072754E+00   -0.301769673824310303E+01    0.477739899158477824E-01   -0.261673907031832584E+02   -0.535983259141427126E+01    1
    0.275330613553524017E+03    0.840737044811248779E+00   -0.459367632865905762E+01    0.459830325007438701E+00   -0.261549187901669882E+02   -0.536764509141427837E+01    1
    0.187099951505661011E+03   -0.183267450332641602E+01    0.265960395336151123E+01    0.553575662112236078E+00   -0.260904022251789911E+02   -0.537545759141427215E+01    1
    0.209587511420249939E+03   -0.583336949348449707E-01   -0.235492467880249023E+01    0.142331874132156366E+00   -0.260350801507193808E+02   -0.538327009141427126E+01    1
    0.323820620775222778E+03   -0.151184421777725220E+01   -0.434633135795593262E+01    0.505408329248428378E+00   -0.253406417201705452E+02   -0.539108259141427482E+01    1
    0.231056328117847443E+03   -0.763472497463226318E+00    0.299042940139770508E+01    0.237119370460510265E+00   -0.246288629169844064E+02   -0.539889509141427748E+01    1
    0.265540108084678650E+03    0.680938363075256348E+00    0.247224092483520508E+01    0.952996712207794250E-01   -0.244064237561173272E+02   -0.540670759141427926E+01    1
    0.252018448710441589E+03    0.364786386489868164E-02   -0.406003057956695557E+01    0.529146843981742832E+00   -0.243969583113706570E+02   -0.541452009141427926E+01    1
    0.224754357337951660E+03   -0.183825796842575073E+01   -0.325003981590270996E+01    0.486457789993286149E+00   -0.240728300928616221E+02   -0.542233259141428015E+01    1
    0.173101489245891571E+03   -0.154396545886993408E+01   -0.116417348384857178E+01    0.481771587610244773E-01   -0.239777991589320010E+02   -0.543014509141427837E+01    1
    0.182083469629287720E+03    0.357845187187194824E+00   -0.315821349620819092E+01    0.456177445363998402E+00   -0.239120624907042192E+02   -0.543795759141427748E+01    1
    0.169677166640758514E+03   -0.165610986948013306E+01   -0.167072236537933350E+01    0.227618921971321109E+00   -0.234546019364742442E+02   -0.544577009141427748E+01    1
    0.184732258319854736E+03    0.292967379093170166E+00    0.379017651081085205E+01    0.387783127784728995E-01   -0.233596226860658405E+02   -0.545358259141427038E+01    1
    0.335138295590877533E+03    0.441492915153503418E+00   -0.458088040351867676E+01    0.458112737703323392E+00   -0.228465923798196400E+02   -0.546139509141426327E+01    1
    0.166688635945320129E+03    0.351289868354797363E+00   -0.215037465095520020E+01    0.264398074078559864E+00   -0.225898410081251235E+02   -0.546920759141426149E+01    1
    0.290242421627044678E+03   -0.189096552133560181E+01    0.280527412891387939E+01    0.148499432873725884E+00   -0.223506244360196646E+02   -0.547702009141426238E+01    1
    0.201245224475860596E+03    0.578020572662353516E+00   -0.236289978027343750E+01    0.173455676507949824E+00   -0.218722003252203123E+02   -0.548483259141427393E+01    1
    0.239240780472755432E+03    0.777775228023529053E+00   -0.401049196720123291E+01    0.496149468183517461E+00   -0.217338486601087020E+02   -0.549264509141427659E+01    1
    0.184807440638542175E+03   -0.197531545162200928E+01    0.290153324604034424E+01    0.401756986570358299E+00   -0.216077263144220311E+02   -0.550045759141427482E+01    1
    0.309179635345935822E+03   -0.176100963354110718E+01    0.292992413043975830E+01    0.426650351285934454E-01   -0.215349181546714767E+02   -0.550827009141427482E+01    1
    0.329701055586338043E+03   -0.109415256977081299E+01   -0.245995640754699707E+01    0.245224029779434229E-01   -0.214167296446234587E+02   -0.551608259141426771E+01    1
    0.247794224321842194E+03   -0.180348438024520874E+01    0.216843187808990479E+01    0.403868257999420166E+00   -0.211574764791850285E+02   -0.552389509141426327E+01    1
    0.311580252647399902E+03   -0.153060555458068848E-01   -0.399480164051055908E+01    0.429928140950202931E+00   -0.211488908250847913E+02   -0.553170759141427304E+01    1
    0.215848203003406525E+03   -0.106023728847503662E+01   -0.261808037757873535E+01    0.362783008790016182E+00   -0.210423929638899203E+02   -0.553952009141427837E+01    1
    0.319234083592891693E+03    0.433629751205444336E-02   -0.310919463634490967E+01    0.170942055058479314E+00   -0.208989235098602073E+02   -0.554733259141427215E+01    1
    0.256262145936489105E+03   -0.177906054258346558E+01   -0.314915478229522705E+01    0.434829898953437821E+00   -0.208489636535870666E+02   -0.555514509141427126E+01    1
    0.343731395900249481E+03    0.446379184722900391E+00    0.301253199577331543E+00    0.532640462207794263E+00   -0.205454245586691258E+02   -0.556295759141427038E+01    1
    0.321604137122631073E+03   -0.138009786605834961E-01   -0.428684115409851074E+01    0.516452774190902741E+00   -0.201043674924076328E+02   -0.557077009141426682E+01    1
    0.342930461466312408E+03    0.411484181880950928E+00   -0.434832990169525146E+01    0.453323875164985679E+00   -0.198574410224080822E+02   -0.557858259141426949E+01    1
    0.340840604901313782E+03    0.575102686882019043E+00   -0.406253755092620850E+01    0.353187133097648653E+00   -0.194865987174551840E+02   -0.558639509141427038E+01    1
    0.266951982676982880E+03    0.581465959548950195E-01    0.187775850296020508E+01    0.284859140324592586E+00   -0.193691452073163646E+02   -0.559420759141427038E+01    1
    0.340911227464675903E+03   -0.907011806964874268E+00    0.994227528572082520E+00    0.422139377403259297E+00   -0.188133414143811173E+02   -0.560202009141427748E+01    1
    0.214716994762420654E+03   -0.375367581844329834E+00    0.239548504352569580E+01    0.310476857900619518E+00   -0.187705032403082299E+02   -0.560983259141427482E+01    1
    0.334929338097572327E+03   -0.104040521383285522E+01   -0.392245233058929443E+01    0.479496141815185573E+00   -0.187633726402259029E+02   -0.561764509141427304E+01    1
    0.236415663361549377E+03   -0.112515854835510254E+01    0.196592688560485840E+01    0.385711978769302355E+00   -0.180076225855714220E+02   -0.562545759141427126E+01    1
    0.289259231090545654E+03   -0.411978662014007568E+00   -0.288606286048889160E+01    0.275710138249397274E+00   -0.180034908172363330E+02   -0.563327009141427126E+01    1
    0.318268233537673950E+03   -0.958755373954772949E+00    0.136471569538116455E+01    0.345152005648612981E+00   -0.179882857738691193E+02   -0.564108259141427304E+01    1
    0.287512549757957458E+03   -0.848244607448577881E+00    0.198097407817840576E+01    0.223888185739517215E+00   -0.173954339265477493E+02   -0.564889509141427038E+01    1
    0.290809400379657745E+03   -0.216480851173400879E+00    0.258577585220336914E+01    0.562863557338714581E-02   -0.172184581609725491E+02   -0.565670759141426860E+01    1
    0.130095352232456207E+03    0.732440352439880371E+00   -0.152410924434661865E+01    0.320996402049064655E+00   -0.169949366946507823E+02   -0.566452009141426682E+01    1
    0.309259162843227386E+03    0.812873899936676025E+00   -0.366017758846282959E+01    0.342153025817871104E+00   -0.166316252620198242E+02   -0.567233259141426682E+01    1
    0.193659977614879608E+03   -0.161502933502197266E+01    0.186616837978363037E+01    0.539040908360481241E+00   -0.165037986689132659E+02   -0.568014509141426771E+01    1
    0.146067611873149872E+03   -0.182760834693908691E+00    0.235112607479095459E+01    0.512093487596511854E+00   -0.163967222003094015E+02   -0.568795759141426771E+01    1
    0.139306795597076416E+03    0.636200726032257080E+00   -0.465127229690551758E+00    0.869967198371887195E-03   -0.161050105346334043E+02   -0.569577009141426771E+01    1
    0.132383893430233002E+03    0.692331850528717041E+00   -0.509061813354492188E+00    0.439254452705383283E-01   -0.160009540507868309E+02   -0.570358259141427038E+01    1
    0.143928469717502594E+03    0.711362123489379883E+00    0.234721302986145020E+01    0.330757305049896255E+00   -0.159479276461582042E+02   -0.571139509141427126E+01    1
    0.169931936264038086E+03    0.129081726074218750E+00   -0.246889650821685791E+01    0.531801439762115469E+00   -0.158116339385966249E+02   -0.571920759141427038E+01    1
    0.185730294883251190E+03   -0.131601202487945557E+01   -0.224932372570037842E+01    0.494627921175956720E+00   -0.157028227236941973E+02   -0.572702009141427482E+01    1
    0.152071388065814972E+03   -0.102014309167861938E+01    0.322724759578704834E+01    0.254545872116088867E+00   -0.156210093188472641E+02   -0.573483259141427482E+01    1
    0.253724843263626099E+03   -0.876918315887451172E+00   -0.256363749504089355E+01    0.359856017303466835E+00   -0.155762159935582467E+02   -0.574264509141427038E+01    1
    0.231238315999507904E+03   -0.174423849582672119E+01   -0.266970515251159668E+01    0.494550917530059808E+00   -0.155738077220250783E+02   -0.575045759141426860E+01    1
    0.306257489323616028E+03    0.129699707031250000E+00   -0.273724496364593506E+01    0.215957219624519359E+00   -0.152709529281401899E+02   -0.575827009141427304E+01    1
    0.254141376912593842E+03   -0.788016676902770996E+00    0.266185283660888672E+01    0.520201422214508075E-01   -0.152654671782305211E+02   -0.576608259141427304E+01    1
    0.155503877997398376E+03    0.360984086990356445E+00   -0.182013809680938721E+01    0.394795133686065669E+00   -0.152058177228415765E+02   -0.577389509141427215E+01    1
    0.198420523107051849E+03   -0.793279170989990234E+00   -0.161855340003967285E+01    0.265784446763992321E+00   -0.151248939674364209E+02   -0.578170759141427126E+01    1
    0.215932504832744598E+03   -0.100384777784347534E+01   -0.186342120170593262E+01    0.294348807621002184E+00   -0.149803063420797784E+02   -0.578952009141427215E+01    1
    0.266808444261550903E+03   -0.149443703889846802E+01    0.235779881477355957E+01    0.130005763721466078E+00   -0.149556619593071556E+02   -0.579733259141427038E+01    1
    0.284087918698787689E+03   -0.686721622943878174E+00   -0.209200084209442139E+01    0.170061101961135858E+00   -0.144846930983254119E+02   -0.580514509141426771E+01    1
    0.283100356161594391E+03    0.145952641963958740E+00    0.222978770732879639E+01    0.952688970565795934E-02   -0.143787196652003431E+02   -0.581295759141427393E+01    1
    0.158513034880161285E+03   -0.181857573986053467E+01    0.382261931896209717E+01    0.450410940170288127E-01   -0.140895935510581705E+02   -0.582077009141427482E+01    1
    0.320105305314064026E+03   -0.614661574363708496E+00    0.133229434490203857E+01    0.227355021572113042E+00   -0.139946259019086021E+02   -0.582858259141427570E+01    1
    0.148508542776107788E+03   -0.992337524890899658E+00    0.287431478500366211E+01    0.321878344559669516E+00   -0.138772560661083624E+02   -0.583639509141427126E+01    1
    0.244500270485877991E+03   -0.187748348712921143E+01   -0.183471679687500000E+01    0.275311336469650281E+00   -0.138542896758709624E+02   -0.584420759141426860E+01    1
    0.248601046204566956E+03   -0.151083928346633911E+01    0.115839838981628418E+01    0.482648412466049226E+00   -0.135801903768913270E+02   -0.585202009141427393E+01    1
    0.259136563318949641E+03   -0.493087853817329114E+00    0.993084132133228437E+00    0.444886020071271426E+00   -0.134807592009741448E+02   -0.585983259141427748E+01    1
    0.210843053460121155E+03   -0.114203929901123047E+00   -0.196011543273925781E+01    0.339265133213996872E+00   -0.132155295679268683E+02   -0.586764509141427215E+01    1
    0.282952606678009033E+03   -0.526978194713592529E+00    0.143050849437713623E+01    0.254347341227531443E+00   -0.131759530216330312E+02   -0.587545759141427215E+01    1
    0.166453902423381805E+03   -0.169883406162261963E+01    0.334341824054718018E+01    0.117413808202743539E+00   -0.130735293264677033E+02   -0.588327009141427304E+01    1
    0.340295673906803131E+03    0.928085505962371826E+00   -0.300949871540069580E+01    0.209886213970184338E+00   -0.130244780908649478E+02   -0.589108259141427215E+01    1
    0.221397358179092407E+03   -0.190446794033050537E+01   -0.118336141109466553E+01    0.186201809906959531E+00   -0.129223223111440113E+02   -0.589889509141427570E+01    1
    0.127998991310596466E+03   -0.190142560005187988E+01    0.426002204418182373E+01    0.251008003234863275E-01   -0.127541900585260404E+02   -0.590670759141427304E+01    1
    0.309178227186203003E+03   -0.112767124176025391E+01   -0.340805709362030029E+01    0.554605811905860890E+00   -0.127421910332111459E+02   -0.591452009141427748E+01    1
    0.286192286014556885E+03   -0.187844532728195190E+01    0.181463479995727539E+01    0.190799067449569704E+00   -0.126962856555393948E+02   -0.592233259141427659E+01    1
    0.202552962303161621E+03   -0.156185668706893921E+01   -0.163573324680328369E+01    0.370896265769004807E+00   -0.126497715415297218E+02   -0.593014509141427659E+01    1
    0.152717424929141998E+03   -0.171999830007553101E+01   -0.107049942016601562E-02    0.985446737766265957E-01   -0.124467532935958438E+02   -0.593795759141427748E+01    1
    0.307548285041015333E+03    0.792097787221329508E+00   -0.293338065268090809E+00    0.410242436612795303E+00   -0.123031795312249539E+02   -0.594577009141426949E+01    1
    0.161877182126045227E+03   -0.170956397056579590E+01   -0.760673880577087402E+00    0.287232538032531737E+00   -0.122308899796020984E+02   -0.595358259141426593E+01    1
    0.185841593146324158E+03   -0.188394117355346680E+01   -0.107997536659240723E+01    0.291051912045478811E+00   -0.121359726977221989E+02   -0.596139509141426860E+01    1
    0.269510903954505920E+03    0.354690551757812500E+00    0.164973139762878418E+00    0.528911909508705147E+00   -0.121037710701318435E+02   -0.596920759141426593E+01    1
    0.349412073194980621E+03   -0.138405734300613403E+01   -0.183482050895690918E+01    0.759610772609710660E-01   -0.119995175886872651E+02   -0.597702009141426682E+01    1
    0.315358452498912811E+03    0.505239009857177734E+00    0.903194546699523926E+00    0.163855809044837958E+00   -0.118819699320290191E+02   -0.598483259141427570E+01    1
    0.215247532726930046E+03    0.511154884443615565E+00    0.533081498300452594E+00    0.530187552361535586E+00   -0.117756846326822320E+02   -0.599264509141427126E+01    1
    0.146718423386052962E+03    0.588498683250426424E+00    0.134530930088494749E+01    0.519896245513719157E+00   -0.115834977108462844E+02   -0.600045759141427215E+01    1
    0.172530460357666016E+03    0.389511704444885254E+00    0.141462981700897217E+01    0.456354277396202102E+00   -0.115174765530416074E+02   -0.600827009141427126E+01    1
    0.133816246688365936E+03   -0.944782495498657227E+00   -0.383684039115905762E+00    0.302531528234481817E+00   -0.112594311262280069E+02   -0.601608259141427038E+01    1
    0.309457418322563171E+03    0.767002403736114502E+00   -0.203395485877990723E+01    0.651281961679458649E-01   -0.112036908969243640E+02   -0.602389509141427926E+01    1
    0.223616832494735718E+03   -0.432872712612152100E+00    0.189563035964965820E+01    0.208673500370979315E+00   -0.111417402157198637E+02   -0.603170759141427570E+01    1
    0.348419991135597229E+03    0.663328588008880615E+00   -0.303868234157562256E+01    0.286946085834503206E+00   -0.110741050478080290E+02   -0.603952009141427215E+01    1
    0.341209100186824799E+03   -0.115978068113327026E+01   -0.201780676841735840E+01    0.160678871297836312E+00   -0.110615710766596678E+02   -0.604733259141427837E+01    1
    0.260796624579579486E+03   -0.842041341476106764E+00    0.591068948827278895E+00    0.491137894015542698E+00   -0.109612419843817577E+02   -0.605514509141427748E+01    1
    0.141972951591014862E+03   -0.168415594100952148E+01   -0.505436062812805176E+00    0.346529030084610001E+00   -0.109428195048314247E+02   -0.606295759141427126E+01    1
    0.170454779267311096E+03    0.851292788982391357E+00    0.932247042655944824E+00    0.383657752132415764E+00   -0.108926272657922016E+02   -0.607077009141427482E+01    1
    0.193763819336891174E+03   -0.177407431602478027E+01   -0.827165246009826660E+00    0.240370548319816607E+00   -0.107896571644503627E+02   -0.607858259141427482E+01    1
    0.145892289280891418E+03    0.835478305816650391E-03   -0.474688410758972168E+00    0.234729800963401791E+00   -0.105548692221893869E+02   -0.608639509141426860E+01    1
    0.330265499651432037E+03   -0.194584155082702637E+01   -0.207193255424499512E+01    0.251065866851806652E+00   -0.105368809163188555E+02   -0.609420759141427393E+01    1
    0.267373263835906982E+03    0.443569302558898926E+00    0.567036867141723633E-01    0.488572916722297690E+00   -0.105054920616289742E+02   -0.610202009141427393E+01    1
    0.314890447258949280E+03   -0.577814280986785889E+00   -0.155594348907470703E+00    0.530038339447975182E+00   -0.102629146037937282E+02   -0.610983259141426860E+01    1
    0.342760801692490418E+03   -0.161126881846997749E+01   -0.237526213774789419E+01    0.309307306629223511E+00   -0.102589675669290639E+02   -0.611764509141427482E+01    1
    0.223200942575931549E+03   -0.627201616764068604E+00   -0.475124120712280273E+00    0.603736560344696107E-02   -0.102316328067755116E+02   -0.612545759141427215E+01    1
    0.319487822910164709E+03   -0.141085227042114791E+00   -0.249817727614371154E+01    0.311470219861411546E+00   -0.101575116790823792E+02   -0.613327009141427215E+01    1
    0.216503708064556122E+03    0.389004051685333252E+00    0.951006412506103516E+00    0.384989127087593086E+00   -0.101062218313022125E+02   -0.614108259141427126E+01    1
    0.255883136391639709E+03   -0.427946746349334717E+00   -0.178526401519775391E+01    0.281522190570831332E+00   -0.100913136361864328E+02   -0.614889509141426327E+01    1
    0.317254774272441864E+03   -0.166233491897583008E+01   -0.305144786834716797E+01    0.559729642009735073E+00   -0.998347667448475384E+01   -0.615670759141427038E+01    1
    0.294125852864563740E+03   -0.156497858636407705E+01    0.178068920175484458E+01    0.746221033029518810E-01   -0.998029171443719676E+01   -0.616452009141426771E+01    1
    0.325061397254467010E+03   -0.228271484375000000E-01   -0.231830120086669922E+01    0.252495569014549281E+00   -0.981879363361495550E+01   -0.617233259141426593E+01    1
    0.128444170951843262E+03   -0.789509415626525879E-01    0.356698274612426758E+01    0.222120547771453881E-01   -0.979689963927889806E+01   -0.618014509141427659E+01    1
    0.250874459708473751E+03   -0.109327037190775611E+01   -0.757286219105701264E+00    0.528067830260461404E-01   -0.976603891428521287E+01   -0.618795759141427215E+01    1
    0.236436718702316284E+03   -0.778353214263916016E+00    0.966634750366210938E+00    0.400144822955131541E+00   -0.972907334642204091E+01   -0.619577009141426949E+01    1
    0.217578013241291046E+03   -0.129861342906951904E+01   -0.208146512508392334E+01    0.544709461641311621E+00   -0.964486777454300181E+01   -0.620358259141426771E+01    1
    0.213484103977680206E+03    0.632042586803436279E+00    0.177896142005920410E+01    0.342614024162292488E-01   -0.941676846271172785E+01   -0.621139509141426327E+01    1
    0.270622969229435114E+03    0.976447209164282182E+00    0.439136762490964117E+00    0.442628874835427136E-01   -0.940437106776561826E+01   -0.621920759141426949E+01    1
    0.247706167399883270E+03    0.199441432952880859E+00   -0.256538927555084229E+01    0.508265618276596109E+00   -0.928494955271622757E+01   -0.622702009141427304E+01    1
    0.222613324224948883E+03   -0.136207771301269531E+01   -0.192075192928314209E+01    0.504162657952308635E+00   -0.917594960897420187E+01   -0.623483259141427393E+01    1
    0.138272508978843689E+03   -0.130486565828323364E+01   -0.115305185317993164E-01    0.273318453454971300E+00   -0.913944226696442108E+01   -0.624264509141427482E+01    1
    0.295322512090206146E+03   -0.194317150115966797E+01    0.184036910533905029E+01    0.354429665565490701E-01   -0.910297974358182671E+01   -0.625045759141427126E+01    1
    0.241019215437491567E+03    0.274917780577506043E+00    0.167122848678768854E+01    0.762390525464258645E-01   -0.910295571770546275E+01   -0.625827009141426860E+01    1
    0.224573348462581635E+03    0.991149425506591797E+00   -0.154256820678710938E-01    0.264295482158660888E+00   -0.901193346045938704E+01   -0.626608259141427304E+01    1
    0.329909785091876984E+03    0.739494740962982178E+00   -0.240239441394805908E+01    0.231324922871589678E+00   -0.892015682980979108E+01   -0.627389509141427126E+01    1
    0.337038560211658478E+03    0.829187631607055664E+00   -0.205607175827026367E+01    0.127138546442985528E+00   -0.891379487842561602E+01   -0.628170759141427304E+01    1
    0.191089831292629242E+03    0.990242838859558105E+00    0.189995765686035156E+00    0.305591612863540640E+00   -0.890924899662421410E+01   -0.628952009141427304E+01    1
    0.212528825090717163E+03   -0.799351510738551152E+00   -0.153987334254989072E+01    0.410759125917488754E+00   -0.889806935308342695E+01   -0.629733259141426682E+01    1
    0.180816519732754216E+03    0.469089530170023750E-01    0.211149888663074492E+01    0.151980350764641725E+00   -0.888503176281528262E+01   -0.630514509141426771E+01    1
    0.185715931653976440E+03   -0.866280853748321533E+00    0.159394145011901855E+01    0.346323641538619997E+00   -0.884725677949482048E+01   -0.631295759141427393E+01    1
    0.339138488471508026E+03   -0.174103826284408569E+01   -0.168740034103393555E+01    0.187971324348449709E+00   -0.877701451830291468E+01   -0.632077009141427393E+01    1
    0.166974038012233507E+03    0.879218615029298878E+00   -0.546406137127783964E-01    0.466478320897373080E-01   -0.869158378513325580E+01   -0.632858259141427215E+01    1
    0.248909473419189453E+03    0.452733159065246582E+00    0.970449447631835938E+00    0.199588161921501167E+00   -0.862818590107486827E+01   -0.633639509141427126E+01    1
    0.238726190860440283E+03    0.847779792057478332E+00    0.908569346119239896E+00    0.388255776167393263E-01   -0.857724658113814797E+01   -0.634420759141426949E+01    1
    0.226050508022308350E+03   -0.191951370239257812E+01   -0.448948144912719727E+00    0.124952045488357547E+00   -0.854544093335723787E+01   -0.635202009141426949E+01    1
    0.184875558548488755E+03   -0.884840011283372085E-02   -0.163733009321848666E+01    0.489547149862194497E+00   -0.850638604449232716E+01   -0.635983259141426771E+01    1
    0.239957980181974278E+03   -0.480147540929198202E+00    0.131140656363053054E+01    0.221367356949326827E+00   -0.845686569954247958E+01   -0.636764509141426682E+01    1
    0.289794211089611053E+03   -0.373421370983123779E+00    0.249379873275756836E-01    0.451785132837295544E+00   -0.836052823802461731E+01   -0.637545759141426593E+01    1
    0.232968694900879484E+03    0.794731998076111612E+00   -0.197118207010318613E+01    0.380379975856840247E+00   -0.835348591853099975E+01   -0.638327009141426771E+01    1
    0.342184887826442719E+03   -0.182545489072799683E+01   -0.281393766403198242E+01    0.524834571576118458E+00   -0.826396818883141648E+01   -0.639108259141427304E+01    1
    0.196152611441285273E+03   -0.182399857092628803E+01   -0.289741999165835651E-01    0.110483855379805665E+00   -0.826325513018368518E+01   -0.639889509141427215E+01    1
    0.234635816514492035E+03   -0.142505043745040894E+01    0.976019501686096191E+00    0.370047690367698690E+00   -0.825539724088146976E+01   -0.640670759141427126E+01    1
    0.144246346592130465E+03   -0.149028241901550018E+01    0.205049173581054411E+01    0.394686284808666465E+00   -0.823227852737824684E+01   -0.641452009141427126E+01    1
    0.144624653227034429E+03   -0.113571860402734215E+01   -0.577414697313807679E+00    0.441984793295486345E+00   -0.822396698624803335E+01   -0.642233259141426949E+01    1
    0.305851256686048430E+03   -0.101516760902986247E+01    0.615504603786682480E+00    0.268014327669867547E+00   -0.815724359788761966E+01   -0.643014509141427215E+01    1
    0.322729002425471435E+03   -0.648482224096142090E+00   -0.205326701751888052E+00    0.442975493957228184E+00   -0.809828203214813058E+01   -0.643795759141427748E+01    1
    0.173096768558025360E+03    0.467616915702819824E+00    0.553585290908813477E+00    0.531750433802604672E+00   -0.803857944183032380E+01   -0.644577009141427570E+01    1
    0.195039032772837714E+03   -0.123966421739033872E+01   -0.801939149428568143E+00    0.322777600323140734E+00   -0.797318491705912979E+01   -0.645358259141426771E+01    1
    0.216150400194655674E+03    0.827151846167826665E+00   -0.726660665260037142E+00    0.111763268331559584E+00   -0.795031291155762787E+01   -0.646139509141426860E+01    1
    0.189330041652212799E+03    0.842658668952781298E+00    0.734585095841059577E+00    0.178398982471518114E+00   -0.765855045907511744E+01   -0.646920759141426949E+01    1
    0.198645941337769983E+03    0.974454243356331240E+00   -0.844676010549170186E+00    0.340561853779108026E+00   -0.761033816706038913E+01   -0.647702009141426327E+01    1
    0.241762103713752509E+03   -0.169399143065442392E+01   -0.152123825300626514E+01    0.422277465792911200E+00   -0.760139240452440035E+01   -0.648483259141426416E+01    1
    0.235523614287376404E+03   -0.114728552103042603E+01   -0.576993227005004883E+00    0.141386029171943678E+00   -0.759540057456637108E+01   -0.649264509141426593E+01    1
    0.133461149036884308E+03   -0.953080356121063232E+00   -0.303468704223632812E+00    0.440627007722854624E+00   -0.757844659738638793E+01   -0.650045759141426771E+01    1
    0.235639257729053497E+03    0.438801407814025879E+00    0.160570383071899414E+01    0.232157292366027852E-02   -0.754095801397351018E+01   -0.650827009141426682E+01    1
    0.285513324553103871E+03   -0.188104846093895439E+01   -0.196964626608175841E+01    0.450469824646948125E+00   -0.752978194739051254E+01   -0.651608259141426682E+01    1
    0.284337532563577327E+03   -0.984535016757038139E+00   -0.223156440364653186E+01    0.483211062762322507E+00   -0.750808308945699032E+01   -0.652389509141426860E+01    1
    0.317743687331676483E+03   -0.169203162193298340E+00   -0.177663505077362061E+01    0.231101997828483591E+00   -0.748179805332358328E+01   -0.653170759141427215E+01    1
    0.230198504818753690E+03    0.870898874027224768E+00   -0.108915095724763988E+01    0.510661916303731367E+00   -0.733317875302155375E+01   -0.653952009141427570E+01    1
    0.340481394395997427E+03   -0.144928738477693830E+00    0.191213814192281006E+00    0.226669170241502405E+00   -0.728126982563266534E+01   -0.654733259141427926E+01    1
    0.272375123927519667E+03   -0.156583293372619270E+01    0.606790374705066249E+00    0.325024336199158159E+00   -0.718636874721953234E+01   -0.655514509141427837E+01    1
    0.201344790922473692E+03   -0.452229826188471407E+00    0.641514227313894736E+00    0.465051765544085005E+00   -0.708806022002604674E+01   -0.656295759141427215E+01    1
    0.278100450336933136E+03   -0.370758652687072754E+00   -0.227407157421112061E+01    0.495864585399627689E+00   -0.707687203430106671E+01   -0.657077009141427215E+01    1
    0.254507552087306976E+03   -0.154448956251144409E+01   -0.569626092910766602E+00    0.140085906028747570E+00   -0.705802972803652828E+01   -0.657858259141427482E+01    1
    0.258921864628791809E+03    0.897809088230133057E+00   -0.919882059097290039E+00    0.283207980179786711E+00   -0.704472567902627489E+01   -0.658639509141427038E+01    1
    0.309475102288911785E+03   -0.960507419253026740E+00   -0.377271942836726382E+00    0.475126213166255862E+00   -0.699106709253584846E+01   -0.659420759141426860E+01    1
    0.246005915105342865E+03    0.848750948905944824E+00   -0.135262012481689453E+01    0.318495438265800512E+00   -0.692489044635649709E+01   -0.660202009141426860E+01    1
    0.317210987210273743E+03   -0.924512147903442383E+00    0.110844016075134277E+01    0.368354463100433391E-01   -0.691649751111498112E+01   -0.660983259141427215E+01    1
    0.282743481193689263E+03   -0.157077500072696630E+01    0.138472412958278213E+01    0.649170462112096114E-01   -0.687906106816745311E+01   -0.661764509141427659E+01    1
    0.255871813255116734E+03   -0.764906258206439427E+00   -0.223940332414789722E+00    0.118943925456820900E-01   -0.680159946583408281E+01   -0.662545759141427837E+01    1
    0.311351099041504881E+03   -0.744690166544873966E+00   -0.267772944609831098E+01    0.572065045130666250E+00   -0.673279257144701049E+01   -0.663327009141427837E+01    1
    0.256341311335563660E+03   -0.802284955978393555E+00    0.363928079605102539E-01    0.467344509315490764E+00   -0.672136454533303684E+01   -0.664108259141427570E+01    1
    0.237555213272571564E+03   -0.125937342643737793E+01    0.153553485870361328E-01    0.291232087612152100E-01   -0.661261032273259808E+01   -0.664889509141427126E+01    1
    0.219282127916812897E+03    0.471400797367095947E+00   -0.161737501621246338E+01    0.434368627667427065E+00   -0.660053202102539238E+01   -0.665670759141426949E+01    1
    0.346862981708935877E+03   -0.188195911872363841E+01   -0.892660013049351164E-02    0.319682090935134278E+00   -0.659802619771326970E+01   -0.666452009141427482E+01    1
    0.185387052595615387E+03   -0.667017757892608643E+00    0.155088841915130615E+01    0.228080909729003911E+00   -0.656553476876843778E+01   -0.667233259141427837E+01    1
    0.282569101712403835E+03   -0.104856874410086598E+01   -0.937393240021391350E-01    0.438028929993743932E+00   -0.653738839426713358E+01   -0.668014509141427837E+01    1
    0.290202133197959483E+03    0.221081860799129615E+00   -0.563752118782765876E+00    0.461869268044622527E+00   -0.652324963248911160E+01   -0.668795759141427659E+01    1
    0.293301875947410053E+03   -0.120105299124466214E+01   -0.151135458337845385E+01    0.336770973704048016E+00   -0.640223257015025737E+01   -0.669577009141427304E+01    1
    0.128547650575637817E+03   -0.153673386573791504E+01    0.182334959506988525E+01    0.436587983965873727E+00   -0.637055375283529379E+01   -0.670358259141426682E+01    1
    0.285736228126168839E+03    0.754606477528325215E+00   -0.547431791218043529E+00    0.145490908316756994E-01   -0.635378955074578222E+01   -0.671139509141426149E+01    1
    0.135355605670721189E+03   -0.343034332628281202E+00    0.256423348968472453E+01    0.119733861519435963E+00   -0.635127849428773850E+01   -0.671920759141426238E+01    1
    0.244121431800079620E+03   -0.116481351414387735E+01    0.911266112152282481E+00    0.244484058849797570E+00   -0.634261533134330868E+01   -0.672702009141426149E+01    1
    0.162023043017487907E+03   -0.781918453882797015E+00    0.162145429884789749E+00    0.236811940854364994E+00   -0.634192781768185032E+01   -0.673483259141427038E+01    1
    0.313521626687413800E+03   -0.117420675228285409E+01    0.101471937726920647E+01    0.438767876571609233E-01   -0.631049990698083541E+01   -0.674264509141428192E+01    1
    0.183594539617447651E+03   -0.162967673523620138E+01   -0.889929690148933972E-01    0.264895534529650867E+00   -0.629825869297895569E+01   -0.675045759141427837E+01    1
    0.301415806475303270E+03    0.529670267671762396E+00   -0.130701816648612024E+00    0.207978904654690488E+00   -0.628304298781674042E+01   -0.675827009141426771E+01    1
    0.289020697310246135E+03   -0.128288987795846987E+01   -0.415412903658879173E+00    0.506045944377518042E+00   -0.622423543620518238E+01   -0.676608259141426949E+01    1
    0.240273307669562911E+03    0.482445631193589186E+00   -0.185157326975245695E+01    0.462584326914725785E+00   -0.622316867729345091E+01   -0.677389509141427126E+01    1
    0.348023212000814169E+03   -0.147793942237405984E+01   -0.262606321486015482E+00    0.345194165362538163E+00   -0.620659895381231586E+01   -0.678170759141426238E+01    1
    0.275879362762338928E+03   -0.169233049704805261E+01    0.858490724710758712E-01    0.407581381348233740E+00   -0.620393310758738625E+01   -0.678952009141426061E+01    1
    0.156332921981811523E+03    0.772443711757659912E+00    0.843881368637084961E+00    0.148239319539070130E+00   -0.620355338710374404E+01   -0.679733259141426327E+01    1
    0.335811489820480347E+03   -0.192535877227783203E+00   -0.162279427051544189E+01    0.230437248587608334E+00   -0.619054027001046592E+01   -0.680514509141427482E+01    1
    0.210625325143337250E+03    0.571359932422637939E+00   -0.564771890640258789E-01    0.404128473687171974E+00   -0.617820477545253333E+01   -0.681295759141427570E+01    1
    0.249530142848088360E+03    0.414700123663728881E+00   -0.559176460015508248E+00    0.505583509021296229E+00   -0.615653090024061278E+01   -0.682077009141426860E+01    1
    0.308949325524371488E+03    0.752852735577262067E+00   -0.686236767077977206E+00    0.133682569265528212E+00   -0.612646818320737463E+01   -0.682858259141427482E+01    1
    0.241188790505300744E+03    0.713057250248576580E+00   -0.116732516842186218E+01    0.489890918404606801E+00   -0.603497458197024272E+01   -0.683639509141427926E+01    1
    0.215124138374705097E+03   -0.680067223127000631E+00    0.166611278560576803E+01    0.682248735233523251E-01   -0.602870071803066399E+01   -0.684420759141426682E+01    1
    0.274277886748313904E+03   -0.150019913911819458E+01   -0.109274148941040039E+01    0.301105135488510145E+00   -0.602008721981406403E+01   -0.685202009141426238E+01    1
    0.226475699892591678E+03   -0.163713299100183329E+01   -0.693103978846909996E+00    0.329383460827821439E+00   -0.598290405053051977E+01   -0.685983259141427304E+01    1
    0.199956691265106201E+03   -0.137780886888504028E+01    0.332951545715332031E+00    0.531850023365020741E+00   -0.598000246401476332E+01   -0.686764509141426860E+01    1
    0.167105068530405390E+03   -0.251873455358713194E-01    0.151573541541805579E+01    0.230622180217796069E+00   -0.594644300730427489E+01   -0.687545759141427038E+01    1
    0.198740125930015694E+03   -0.536088853115264996E+00   -0.656911566902929955E+00    0.356518752276467177E+00   -0.591529491788540795E+01   -0.688327009141427482E+01    1
    0.255424919047823295E+03    0.289315547747959201E-01   -0.608011956848331536E+00    0.540643300059857168E+00   -0.590679585886809200E+01   -0.689108259141427215E+01    1
    0.311808141308307768E+03   -0.941521930402006157E+00    0.152320864125554678E+00    0.248129419399585438E+00   -0.590448808180572549E+01   -0.689889509141426771E+01    1
    0.241400481760501862E+03    0.337888479232788086E+00   -0.489748120307922363E+00    0.110394330525398252E+00   -0.587756801203044255E+01   -0.690670759141425794E+01    1
    0.168051499501768205E+03   -0.502465089740797843E+00    0.128897656440763342E+00    0.242906666625123280E+00   -0.587201991675515789E+01   -0.691452009141426860E+01    1
    0.294693502842228213E+03   -0.122758254348279472E+01   -0.248377166704109698E+00    0.413596435763783521E+00   -0.584522278667098849E+01   -0.692233259141427748E+01    1
    0.170153549729403721E+03   -0.151363679035833498E+01    0.306348098538506974E+00    0.242136860862544018E+00   -0.583103186639025672E+01   -0.693014509141427659E+01    1
    0.296074295043945312E+03    0.180451214313507080E+00    0.832400918006896973E+00    0.502683348655700701E-02   -0.580194395682759367E+01   -0.693795759141427570E+01    1
    0.292566818705587650E+03   -0.617445098213971200E+00   -0.155401833949850632E+01    0.364496084018953614E+00   -0.578450893227286578E+01   -0.694577009141427482E+01    1
    0.180353739857673645E+03    0.224246144294738770E+00    0.127238929271697998E+01    0.192019150471687328E+00   -0.578362687931792507E+01   -0.695358259141427304E+01    1
    0.296014496165405205E+03   -0.175228867326019722E+01    0.156853242695613737E+00    0.313300918582337107E+00   -0.578046911853671830E+01   -0.696139509141427038E+01    1
    0.162585432827472687E+03    0.698036193847656250E+00    0.684873461723327637E+00    0.117642362666130068E+00   -0.577558986009111130E+01   -0.696920759141427393E+01    1
    0.178776478355159952E+03   -0.363972487566771363E+00   -0.799140695909390963E+00    0.460811662951292889E+00   -0.576507387292370765E+01   -0.697702009141427038E+01    1
    0.210600206255912781E+03   -0.449279785156250000E+00    0.673264861106872559E+00    0.333824588513374321E+00   -0.576277972173968145E+01   -0.698483259141426505E+01    1
    0.143904705345630646E+03   -0.861845552921295166E+00    0.210082948207855225E+01    0.193767000174522419E+00   -0.572599826614885465E+01   -0.699264509141427038E+01    1
    0.346773988238480001E+03    0.361002186420508853E+00   -0.193112347426672715E+01    0.291151784387633727E+00   -0.572152241054068345E+01   -0.700045759141427126E+01    1
    0.155467487070624031E+03   -0.176507858191221656E+01    0.174058050175983059E+01    0.284580901400163400E+00   -0.569789635261657068E+01   -0.700827009141426593E+01    1
    0.241184487711174313E+03   -0.139644277770903291E+01    0.209143767428399130E-01    0.935418227977091732E-01   -0.569757089502032343E+01   -0.701608259141426682E+01    1
    0.254631422052062561E+03    0.261187093356947120E+00   -0.166077546110942986E+01    0.431742999835154628E+00   -0.568453101821471218E+01   -0.702389509141426949E+01    1
    0.275355061888694763E+03   -0.852156162261962891E+00    0.105935692787170410E+01    0.512381304502487200E-01   -0.566351832000623912E+01   -0.703170759141427393E+01    1
    0.289585728781088278E+03   -0.739047401060919817E+00   -0.413231513075142942E-01    0.328773444175097906E+00   -0.566247185174092849E+01   -0.703952009141427126E+01    1
    0.287289280890458258E+03   -0.126222105153661168E+01   -0.105995272534278273E+01    0.283483787942289511E+00   -0.565361466090329046E+01   -0.704733259141426593E+01    1
    0.210522596423484885E+03    0.519721511330335062E+00    0.398718151672998289E+00    0.249603261041936197E+00   -0.564121879325885889E+01   -0.705514509141426505E+01    1
    0.197030899320162376E+03    0.118662854727900058E+00    0.118091048165926971E+01    0.172778623047962543E+00   -0.563569318728295343E+01   -0.706295759141427038E+01    1
    0.210657954216003418E+03   -0.490715086460113525E+00    0.108837187290191650E+01    0.204911921739578257E+00   -0.562893465965069062E+01   -0.707077009141427748E+01    1
    0.276826642453670502E+03    0.277164340019226074E+00    0.872455835342407227E+00    0.392592358589172359E-02   -0.561672206549172692E+01   -0.707858259141427659E+01    1
    0.263839247944034810E+03   -0.334620977048529333E+00   -0.201223003116784760E+00    0.405150111522466216E+00   -0.560589248128346274E+01   -0.708639509141427038E+01    1
    0.309767181293249678E+03   -0.154829942782661911E+01    0.205344396260757733E+00    0.240109861195297286E+00   -0.559649608335895721E+01   -0.709420759141427215E+01    1
    0.338411913898203352E+03   -0.715771687768892217E+00   -0.834951283014431667E+00    0.431525893772335856E+00   -0.555189527571248398E+01   -0.710202009141427038E+01    1
    0.234123065447149315E+03   -0.162356960112969539E+01    0.614328558467345687E+00    0.311675879498340247E+00   -0.554740563685017740E+01   -0.710983259141426949E+01    1
    0.172736386954784393E+03   -0.418756783008575439E+00   -0.416243076324462891E+00    0.405239243602752708E+00   -0.553186200782024073E+01   -0.711764509141427482E+01    1
    0.242990589141845703E+03   -0.118091773986816406E+01   -0.124794423580169678E+01    0.456375566840171831E+00   -0.552200906262002711E+01   -0.712545759141426949E+01    1
    0.196052269982606731E+03   -0.155320033061625162E+01   -0.343013382680109835E+00    0.365537485165718101E+00   -0.552107114261576637E+01   -0.713327009141426505E+01    1
    0.303752044784945269E+03   -0.124192699058653222E+01   -0.208715634886881007E+01    0.541173481219043184E+00   -0.552073431092493205E+01   -0.714108259141426771E+01    1
    0.306877270809411129E+03   -0.901267846521680571E-01   -0.110882770653272722E+01    0.530678812401171540E+00   -0.550534585641168128E+01   -0.714889509141426682E+01    1
    0.255057352265828229E+03   -0.841585701481917914E+00   -0.561558926071662690E+00    0.211020126900503813E+00   -0.550456386212946214E+01   -0.715670759141426238E+01    1
    0.251458460113273674E+03   -0.723767796812228026E+00   -0.914255781895382924E+00    0.315375788463212237E+00   -0.550033185954024351E+01   -0.716452009141426149E+01    1
    0.245068015266814200E+03   -0.177776850166929612E+01    0.129267927324366028E+01    0.911857708208758388E-01   -0.549597960769484395E+01   -0.717233259141426416E+01    1
    0.330711565876695886E+03   -0.270427971399245237E+00   -0.145740777417379697E+01    0.255937751836750660E+00   -0.548321403431093568E+01   -0.718014509141426682E+01    1
    0.152624630342426769E+03    0.334876559335933521E+00    0.134011148065322061E+01    0.249248123500287078E+00   -0.548091481621215149E+01   -0.718795759141426505E+01    1
    0.266717940884669019E+03   -0.416096751851864344E+00   -0.416438645074418190E+00    0.450985360904263777E+00   -0.547620292425541777E+01   -0.719577009141426505E+01    1
    0.194651809166800092E+03    0.496920497788934323E+00    0.983816534077934790E-01    0.375578299815014227E+00   -0.541747784469843729E+01   -0.720358259141426771E+01    1
    0.257035480439662933E+03    0.167410671710968018E+00   -0.761472582817077637E+00    0.202616073560714732E+00   -0.540946119492917532E+01   -0.721139509141426771E+01    1
    0.162706561569952498E+03   -0.180874096082129188E+01    0.168294004508255579E+01    0.241436418430055699E+00   -0.538379396716025038E+01   -0.721920759141426682E+01    1
    0.304175665974617004E+03   -0.197950309514999390E+01   -0.182146191596984863E+01    0.517282721328735318E+00   -0.537336980464774339E+01   -0.722702009141426416E+01    1
    0.221464467048645020E+03   -0.173339915275573730E+01    0.570587515830993652E+00    0.468594991207122794E-01   -0.534325543637625344E+01   -0.723483259141426949E+01    1
    0.278256405991518534E+03    0.591825823934652551E+00   -0.174542531114372590E+01    0.519672461588907009E+00   -0.530022661824209695E+01   -0.724264509141427215E+01    1
    0.319178706178108314E+03    0.502416663120989426E+00   -0.142494287164040401E+01    0.247465815869484101E+00   -0.529554953596811817E+01   -0.725045759141426771E+01    1
    0.285269324481487274E+03    0.583582222461700439E+00   -0.288847684860229492E+00    0.114047994875907902E+00   -0.529245292986258953E+01   -0.725827009141427038E+01    1
    0.247080789463435622E+03   -0.916466785646529392E+00    0.130603763993864419E+00    0.621786626961278316E-01   -0.528419879291167582E+01   -0.726608259141427482E+01    1
    0.196176399290561676E+03   -0.570239365100860596E+00    0.810378789901733398E+00    0.302532347059249862E+00   -0.527815034616189127E+01   -0.727389509141427393E+01    1
    0.331109311356597345E+03   -0.146818911593838242E+01   -0.110375779364059845E+01    0.246065985800647147E+00   -0.526136744809950141E+01   -0.728170759141427215E+01    1
    0.237073758808112359E+03   -0.193771234551418292E+01    0.394482363589904850E+00    0.682492629862778977E-01   -0.526059797571568399E+01   -0.728952009141427304E+01    1
    0.270881897374252105E+03   -0.171298374787797059E+01   -0.120107917383126583E+01    0.421018173436173482E+00   -0.525869866618929027E+01   -0.729733259141427304E+01    1
    0.224378177523612976E+03    0.403063833713531494E+00   -0.423200726509094238E+00    0.201088828897476202E+00   -0.525282844654018000E+01   -0.730514509141427570E+01    1
    0.214506877803175144E+03   -0.569173597502076634E+00   -0.426054788253512839E+00    0.302836356434108778E+00   -0.524653357053487301E+01   -0.731295759141427038E+01    1
    0.304364195559806262E+03   -0.125082149667114884E+01   -0.643616729508362795E+00    0.441999608396951071E+00   -0.523675588224214295E+01   -0.732077009141426949E+01    1
    0.335337749220617695E+03   -0.126008848791980665E+01   -0.159174429258356209E+01    0.366922405208503333E+00   -0.522709737809076103E+01   -0.732858259141427482E+01    1
    0.339752965470550464E+03   -0.221359330414598654E+00   -0.106095990417794495E+01    0.425922121170653201E+00   -0.517442164800169113E+01   -0.733639509141427215E+01    1
    0.258147167017820379E+03   -0.962927255863554210E+00    0.904871022993791740E-01    0.593012759181653359E-01   -0.517079355619184078E+01   -0.734420759141426949E+01    1
    0.259342273495482118E+03    0.468737672952899587E+00   -0.191968808842717609E+01    0.544548137286473555E+00   -0.516794585237168480E+01   -0.735202009141427038E+01    1
    0.294707972904792086E+03    0.681588639932160234E-01   -0.892189132585046174E+00    0.445570840736374763E+00   -0.514907438370888748E+01   -0.735983259141427304E+01    1
    0.265229015795125406E+03   -0.254783048350280872E+00   -0.793083384000404124E+00    0.517138195487822472E+00   -0.514788154833107825E+01   -0.736764509141427038E+01    1
    0.297872594340652086E+03    0.220787290552737936E+00    0.274614374858645149E+00    0.847128681496757963E-01   -0.514560217348062654E+01   -0.737545759141427038E+01    1
    0.177990311384201050E+03   -0.538053929805755615E+00   -0.630041956901550293E+00    0.490287842845916755E+00   -0.513817362801323618E+01   -0.738327009141427215E+01    1
    0.208905859564682316E+03   -0.151292523728023709E+01    0.448511677026226963E+00    0.391271428055414094E+00   -0.513162041058020169E+01   -0.739108259141427570E+01    1
    0.268691061705454047E+03   -0.449117008781508842E+00   -0.147357639953883179E+01    0.449326940105055528E+00   -0.512903703355112572E+01   -0.739889509141427659E+01    1
    0.345955644547939301E+03   -0.145308792591094971E+00   -0.942962765693664551E+00    0.373008970141410823E+00   -0.511869569572215966E+01   -0.740670759141427570E+01    1
    0.198135469319663571E+03   -0.167571092155247348E+00   -0.257287471703376625E+00    0.299603649999487021E+00   -0.511291883472487640E+01   -0.741452009141427482E+01    1
    0.189422795945737676E+03    0.179521034207039243E+00    0.512205441607495260E+00    0.320265312842680228E+00   -0.510450398340827416E+01   -0.742233259141426682E+01    1
    0.285432465232738650E+03   -0.101146918387907059E+01   -0.858117800721961643E+00    0.275156889703053742E+00   -0.509518256053730134E+01   -0.743014509141426416E+01    1
    0.289847915597223619E+03   -0.154612790639297648E+01   -0.164670680613479448E+00    0.100069879331651637E+00   -0.509017399246953772E+01   -0.743795759141426238E+01    1
    0.336501325266650042E+03   -0.413619801263532372E+00   -0.127347368098039704E+01    0.246308716107239811E+00   -0.507513537766230538E+01   -0.744577009141426949E+01    1
    0.178845759411348752E+03   -0.143698670375592430E+01   -0.331602172507125204E+00    0.459600764473289014E+00   -0.507403172534917335E+01   -0.745358259141427304E+01    1
    0.295874344359654629E+03   -0.326408264121437641E+00   -0.101844356886690734E+01    0.259314009748539409E+00   -0.506709480764059705E+01   -0.746139509141426682E+01    1
    0.193915680927168097E+03   -0.847711341807042995E+00    0.593585606602991867E+00    0.116068587678364116E+00   -0.505305937799720439E+01   -0.746920759141426505E+01    1
    0.137444109607309485E+03   -0.794281005287854835E+00    0.208520674478068813E+01    0.152036965987943362E+00   -0.504272254501396500E+01   -0.747702009141426416E+01    1
    0.293662502924746605E+03   -0.998650820329301192E+00   -0.139186399861569221E+01    0.414125742037194822E+00   -0.503832457090517405E+01   -0.748483259141426682E+01    1
    0.349292524271630668E+03    0.384133803949953112E+00   -0.911851748161909725E+00    0.804971412087944205E-01   -0.503270842134590435E+01   -0.749264509141427215E+01    1
    0.269431885277136985E+03   -0.834028055829639348E+00   -0.533420281315112987E+00    0.216707822703820330E+00   -0.502697471104776383E+01   -0.750045759141427659E+01    1
    0.317701245884301898E+03   -0.724936288783866178E+00   -0.408132790655863609E+00    0.294280722107593207E+00   -0.501394865750406193E+01   -0.750827009141427748E+01    1
    0.332247873185716458E+03   -0.839968007970553376E+00   -0.965092092980478711E+00    0.425593530346483673E+00   -0.501159178788278492E+01   -0.751608259141427304E+01    1
    0.218066384502813037E+03   -0.243316206716690298E+00   -0.814208549028025530E+00    0.412521937394453142E+00   -0.501095766668894527E+01   -0.752389509141426505E+01    1
    0.339861092744843631E+03    0.457218864025702665E+00   -0.776556396953564487E+00    0.749830942085905616E-01   -0.499099752532468077E+01   -0.753170759141426505E+01    1
    0.230473190683645555E+03   -0.991035689325857172E+00   -0.226354658228427041E-01    0.410388852368778811E+00   -0.497548627436630841E+01   -0.753952009141426505E+01    1
    0.256833956284775809E+03    0.251005702152796051E+00   -0.977065841249649125E+00    0.315340555527106103E+00   -0.496943613504509507E+01   -0.754733259141426505E+01    1
    0.223167937938115529E+03    0.427481562149689687E+00   -0.548931143643728525E+00    0.437839009218636166E+00   -0.496254859535962911E+01   -0.755514509141427393E+01    1
    0.296408476430961741E+03   -0.767388348364558048E+00   -0.381780354161093349E+00    0.328668768543909251E+00   -0.494490642342980546E+01   -0.756295759141428103E+01    1
    0.213002749386342941E+03    0.380960770176776542E+00   -0.227198893648603573E-01    0.337378006342765657E+00   -0.493946759893667675E+01   -0.757077009141427126E+01    1
    0.198914202339641179E+03   -0.450675816923165051E+00    0.130056622425983370E+01    0.985312242215635736E-01   -0.492574694377346134E+01   -0.757858259141426327E+01    1
    0.283847066424193201E+03    0.190479826017511122E+00   -0.128105709360588538E+01    0.344716155530063739E+00   -0.492534681686530806E+01   -0.758639509141426505E+01    1
    0.306440524513573109E+03   -0.690960737324191943E+00   -0.344246101311120434E+00    0.284253255019082551E+00   -0.492522542957155363E+01   -0.759420759141427126E+01    1
    0.319416253068202991E+03   -0.195314800473758821E+01   -0.845543510957423194E+00    0.452004371017628193E+00   -0.492040619754569075E+01   -0.760202009141427393E+01    1
    0.204168767492230472E+03    0.404222504935527027E+00   -0.601709284708857872E+00    0.373363244904771685E+00   -0.491680938802890743E+01   -0.760983259141427126E+01    1
    0.260400194025321753E+03    0.295384489196469868E+00   -0.120017175505395146E+01    0.543997113180016090E+00   -0.491476405771985725E+01   -0.761764509141427304E+01    1
    0.253534434112176825E+03    0.881702762189644496E-01    0.134463765399491564E+00    0.272359330463218946E-01   -0.491309457597822519E+01   -0.762545759141426949E+01    1
    0.174914757863866129E+03    0.451937781655480819E+00    0.772497536206032009E+00    0.903203822334498335E-01   -0.491162303562967040E+01   -0.763327009141426949E+01    1
    0.293533863665195440E+03    0.445434096423923176E+00   -0.105399524254326948E+01    0.270414893528637679E+00   -0.490920703539679604E+01   -0.764108259141427304E+01    1
    0.174544693273199186E+03   -0.114545040430308442E+01    0.100097861765866991E+01    0.299069033349255164E+00   -0.490633432789309776E+01   -0.764889509141427393E+01    1
    0.335603615712591989E+03   -0.882883595917486774E+00   -0.165695976138896217E+01    0.408587088346369087E+00   -0.489504217569764855E+01   -0.765670759141426949E+01    1
    0.257661862279652269E+03   -0.166956351805102843E+01   -0.739986799636271897E+00    0.376198381470464416E+00   -0.489332411982825644E+01   -0.766452009141426771E+01    1
    0.187312712209147463E+03    0.331086662856623803E+00    0.326689803630950237E+00    0.316155466287537268E+00   -0.489044563237347862E+01   -0.767233259141426682E+01    1
    0.262103285889857148E+03   -0.135055794880157487E+01   -0.642075648423520384E+00    0.501879647398336792E+00   -0.488983650558068916E+01   -0.768014509141426771E+01    1
    0.306040351089636204E+03    0.355638607351154157E-01   -0.109068967832730124E+01    0.252739610867321940E+00   -0.488719188363645785E+01   -0.768795759141427126E+01    1
    0.152806526730971115E+03    0.897077776725176967E-01    0.639998792420896301E+00    0.224397756100999518E+00   -0.488634533768662660E+01   -0.769577009141427393E+01    1
    0.180682792174594738E+03    0.442295751573900997E+00   -0.389208704637386660E+00    0.403704897832641074E+00   -0.488582206999879887E+01   -0.770358259141427570E+01    1
    0.186944919470730383E+03    0.365325294243718623E+00   -0.101344630149783077E+01    0.550919554942250977E+00   -0.488506156125835211E+01   -0.771139509141427304E+01    1
    0.260606077313423157E+03   -0.141762071847915649E+01   -0.303713083267211914E+00    0.232644117808341988E+00   -0.487685275943895125E+01   -0.771920759141427215E+01    1
    0.295176416651287184E+03   -0.541609046560092899E+00    0.252477495797911899E+00    0.129773896038911263E+00   -0.487286167122627578E+01   -0.772702009141426860E+01    1
    0.278403128066119905E+03   -0.138915252561265401E+01   -0.531361828577342266E+00    0.423094465737503644E+00   -0.485494578609996097E+01   -0.773483259141426682E+01    1
    0.204609381364267364E+03    0.410815861554066686E+00   -0.734839943811706142E+00    0.536202326919208661E+00   -0.485113527755982599E+01   -0.774264509141426860E+01    1
    0.321365004092364416E+03   -0.101746634944607872E+01   -0.201702608798460581E+00    0.217242913707504121E+00   -0.484626104403768476E+01   -0.775045759141427126E+01    1
    0.265812983540306107E+03    0.384234404575988453E+00   -0.100010790058455168E+01    0.435037838945387001E+00   -0.484230205146933113E+01   -0.775827009141427570E+01    1
    0.201952918897539774E+03   -0.139179635310825556E+01   -0.109720468530829507E-01    0.330662778591657214E+00   -0.484059725617442727E+01   -0.776608259141427570E+01    1
    0.177211439457507424E+03   -0.136780058047344566E+01    0.129352260994597401E-01    0.404154148902983623E+00   -0.483217989213832144E+01   -0.777389509141427215E+01    1
    0.239218397438526154E+03    0.221003890037536621E+00   -0.100215017795562744E+01    0.397334718704223655E+00   -0.483063502696841773E+01   -0.778170759141426682E+01    1
    0.240808712928069781E+03   -0.354872803762840361E+00   -0.531463794114070964E-01    0.331041508163346931E+00   -0.482227981765137592E+01   -0.778952009141426416E+01    1
    0.154955776961760449E+03   -0.468744157815259577E+00    0.112288645794226127E+01    0.125448749780124297E+00   -0.482109258016197195E+01   -0.779733259141426682E+01    1
    0.187042389342373383E+03   -0.163614098169187216E+01   -0.659373917984220625E-01    0.560794009681405914E+00   -0.481946426973643050E+01   -0.780514509141427038E+01    1
    0.135074869568208072E+03   -0.788871462658581546E+00    0.112523210100688864E+01    0.241986156804664371E+00   -0.480670359423003202E+01   -0.781295759141427038E+01    1
    0.262882518647611732E+03   -0.101922018484062749E+01   -0.826356946095962108E+00    0.365919605255303038E+00   -0.480520964117771854E+01   -0.782077009141427304E+01    1
    0.212158915159349647E+03   -0.417248183756797619E-01    0.475846792436456667E+00    0.241864071687616811E+00   -0.480184750251193382E+01   -0.782858259141427038E+01    1
    0.139852004794823443E+03   -0.132127373203596643E+01    0.171510890123336779E+01    0.229577587739864059E+00   -0.480127717366471796E+01   -0.783639509141426327E+01    1
    0.142149474590163493E+03   -0.904614600257688695E+00    0.133879082262738791E+01    0.152705040067939862E+00   -0.480089706659783388E+01   -0.784420759141426505E+01    1
    0.186846888145358804E+03   -0.172663682907718474E+01    0.737743750439272539E+00    0.326801741005593671E+00   -0.479838534220962742E+01   -0.785202009141426771E+01    1
    0.208346992946216659E+03    0.152516719453887895E+00    0.406633361619512357E+00    0.101801883536612708E+00   -0.479352975542673487E+01   -0.785983259141426682E+01    1
    0.311007480323314667E+03   -0.697330832481384277E+00   -0.520704984664916992E+00    0.299550289607048048E+00   -0.479010020777863943E+01   -0.786764509141426416E+01    1
    0.239552423854675965E+03    0.329447450398112629E+00   -0.251521727958415653E+00    0.291963674080364777E+00   -0.478591006847714251E+01   -0.787545759141426682E+01    1
    0.284155623371342756E+03   -0.166539942543506081E+01   -0.153570514790039958E+01    0.558577650588733765E+00   -0.478099553025129609E+01   -0.788327009141426682E+01    1
    0.175336198508739471E+03   -0.288242638111114502E+00    0.556029081344604492E+00    0.356153018760681173E+00   -0.478059681849945672E+01   -0.789108259141426682E+01    1
    0.176746456023864141E+03   -0.165385873788743276E+01    0.267039368521646558E+00    0.493954675289609291E+00   -0.477776205985534475E+01   -0.789889509141427570E+01    1
    0.345310916578935235E+03    0.217245123138111396E+00   -0.570587534119562534E+00    0.163323966074928995E+00   -0.477439252625488120E+01   -0.790670759141427926E+01    1
    0.133505687117576599E+03   -0.117504870891571045E+01    0.154073476791381836E+01    0.301624372744560276E+00   -0.477391576220956537E+01   -0.791452009141427482E+01    1
    0.253779247689823166E+03   -0.106280454507334854E+01    0.338612091957804395E+00    0.210833509722114981E+00   -0.477292598712536709E+01   -0.792233259141427482E+01    1
    0.165367325441163445E+03   -0.850097369103236966E+00    0.103566229669274712E+01    0.143278188723151650E+00   -0.477174580647996294E+01   -0.793014509141427393E+01    1
    0.309263552233298697E+03    0.151113757595544573E+00   -0.633136892986536637E+00    0.257662297207271185E+00   -0.476999433762958702E+01   -0.793795759141427215E+01    1
    0.272672195732593536E+03   -0.170528709888458252E+00   -0.437142848968505859E+00    0.186206586384773248E+00   -0.476481649904439308E+01   -0.794577009141427126E+01    1
    0.219480264356743191E+03   -0.149123023412667655E+01    0.115589732831224978E+00    0.261453792882528457E+00   -0.476080586234651193E+01   -0.795358259141427304E+01    1
    0.185573922097682953E+03   -0.788888752460479736E+00    0.137714207172393799E+01    0.978564856767654423E-01   -0.475776905294812469E+01   -0.796139509141427748E+01    1
    0.244938542581819064E+03   -0.140935764483636117E+01   -0.613985228917093728E+00    0.514677319962684399E+00   -0.475362049954111043E+01   -0.796920759141427482E+01    1
    0.152162057075862549E+03   -0.138085902443901665E+01    0.568926925623525648E+00    0.374296078858805337E+00   -0.474483659745082509E+01   -0.797702009141426860E+01    1
    0.220248073338677614E+03    0.372434305452835623E+00    0.460439443201998699E-01    0.233081306857739035E+00   -0.474247293508831280E+01   -0.798483259141427126E+01    1
    0.318151824222438449E+03   -0.196197368916263137E+01   -0.134335140339446735E+01    0.451385241792000347E+00   -0.473925223774560855E+01   -0.799264509141426949E+01    1
    0.190470528441215095E+03    0.366818873438461424E+00   -0.397745942549187603E+00    0.419814877051293278E+00   -0.473676059223825874E+01   -0.800045759141426771E+01    1
    0.125789092154435494E+03   -0.756002830430994699E+00    0.654882638079597790E+00    0.444888379975285853E+00   -0.473668866337314931E+01   -0.800827009141427126E+01    1
    0.179156527811858439E+03    0.379230933973627948E+00    0.175110879626885207E+00    0.297700374881440966E+00   -0.473604890356873476E+01   -0.801608259141427482E+01    1
    0.146208211937012663E+03   -0.170783337700757043E+01    0.107531099780797845E+01    0.382368295538262182E+00   -0.473507169979182230E+01   -0.802389509141427659E+01    1
    0.257291172218557108E+03    0.414840602362245292E-01   -0.747679000808337157E+00    0.429678253285158018E+00   -0.473428634074721444E+01   -0.803170759141426949E+01    1
    0.205338892480958123E+03   -0.107196830906367335E+01    0.641554256331482442E+00    0.137431869986554572E+00   -0.473296441711948912E+01   -0.803952009141427126E+01    1
    0.143484749096781826E+03   -0.124004046141697133E+00    0.114757977942726086E+01    0.169567124925164625E+00   -0.473242370389917433E+01   -0.804733259141426949E+01    1
    0.188975660502910614E+03   -0.137733966112136841E+01    0.782680511474609375E-01    0.370177235269546545E+00   -0.472887142492197032E+01   -0.805514509141426593E+01    1
    0.221760247647762299E+03   -0.135404145717620850E+01    0.933238267898559570E+00    0.129853189373016376E+00   -0.472882209327283931E+01   -0.806295759141426949E+01    1
    0.316601634754378665E+03   -0.480649188897621649E-01   -0.181341996948276973E+01    0.473286086196465283E+00   -0.472879402005823390E+01   -0.807077009141426949E+01    1
    0.346737044373203275E+03    0.277099316011502061E+00   -0.649491729871525258E+00    0.862331199575074731E-01   -0.472652795756144073E+01   -0.807858259141426949E+01    1
    0.186284633207686625E+03   -0.153800772923875573E+01    0.106567040315243755E+01    0.206430477990745403E+00   -0.472360380369346977E+01   -0.808639509141426949E+01    1
    0.322647035434894008E+03   -0.180256846473679389E+01   -0.734427134392686476E+00    0.268491228117419878E+00   -0.472287604821741347E+01   -0.809420759141427482E+01    1
    0.187852644695137116E+03   -0.185696124057284218E+01   -0.846096939170664086E-01    0.543402367387571417E+00   -0.472008061146240809E+01   -0.810202009141427482E+01    1
    0.158649882442875935E+03   -0.101310836929036863E+01    0.124256192344961924E+01    0.247394004540988699E+00   -0.471574317020584921E+01   -0.810983259141427482E+01    1
    0.262989836931228638E+03    0.254334986209869385E+00   -0.147442877292633057E+01    0.567428607773780791E+00   -0.471420441309216898E+01   -0.811764509141427126E+01    1
    0.297482079495869925E+03   -0.180270152039085896E+01   -0.366705174972428161E+00    0.313502747027654349E+00   -0.471134945362989832E+01   -0.812545759141427126E+01    1
    0.249654924205250722E+03   -0.155208307996205019E+01    0.827103798094714904E-01    0.200955499057066556E+00   -0.471104755929982755E+01   -0.813327009141427659E+01    1
    0.155641345754934065E+03   -0.596850205875059547E+00    0.450059475187531532E+00    0.353999442042072898E+00   -0.470807184673657453E+01   -0.814108259141426949E+01    1
    0.296678013388369664E+03   -0.104336699070361449E+01   -0.177787057132048787E+00    0.234805611281856896E+00   -0.470716064923188515E+01   -0.814889509141426593E+01    1
    0.239160872094166280E+03    0.265090696033993822E-01   -0.127043273611059204E+01    0.515108398394788614E+00   -0.470522946231325623E+01   -0.815670759141426238E+01    1
    0.210454867087956870E+03   -0.193299735974474918E+01   -0.261644653132502292E+00    0.519451351275699302E+00   -0.470464085292639300E+01   -0.816452009141426949E+01    1
    0.266478143632411957E+03   -0.109389257431030273E+01    0.217177271842956543E+00    0.192797886943817137E+00   -0.470273733871119237E+01   -0.817233259141426949E+01    1
    0.288647971633309737E+03   -0.130713258148471256E+01   -0.996153647732726633E+00    0.494191240520291564E+00   -0.470217402297874365E+01   -0.818014509141426061E+01    1
    0.228896864812697743E+03   -0.111209562279987684E+01    0.313984937851802925E+00    0.167243533471191280E+00   -0.470156378754964432E+01   -0.818795759141426061E+01    1
    0.318347513232634697E+03    0.760015784365388747E-01   -0.194720137893108225E+01    0.508410551208946182E+00   -0.469896900492319070E+01   -0.819577009141427126E+01    1
    0.213998773529818095E+03   -0.739675229614933372E+00   -0.540490827979480670E-01    0.299071043305225603E+00   -0.469742274251059655E+01   -0.820358259141428015E+01    1
    0.266765828963083266E+03   -0.116589314810648093E+01    0.542898609424648626E+00    0.347834061217356001E-02   -0.469518242677056019E+01   -0.821139509141427659E+01    1
    0.173785306804134905E+03   -0.118771023434722012E+01    0.693059274272549430E+00    0.344495909831957159E+00   -0.469483922464801040E+01   -0.821920759141426949E+01    1
    0.288429479671641730E+03   -0.502985698413715543E+00   -0.573825118095482090E+00    0.338469057543657137E+00   -0.469476289994184270E+01   -0.822702009141426061E+01    1
    0.258178049250912238E+03   -0.863437030414055728E+00   -0.276698103134724427E+00    0.241446580087618157E+00   -0.469354859471027375E+01   -0.823483259141425883E+01    1
    0.235109386023332263E+03   -0.748390710545835613E+00    0.698664181695538566E+00    0.120706728139542127E+00   -0.469259353619551600E+01   -0.824264509141426238E+01    1
    0.205534056583233081E+03    0.282108458655507821E+00    0.114916945111334101E-01    0.272351794054321472E+00   -0.469244498612707872E+01   -0.825045759141426593E+01    1
    0.181343983251215661E+03   -0.656626312646690913E+00    0.670654695426108560E+00    0.185560565160202057E+00   -0.469202109189331651E+01   -0.825827009141427126E+01    1
