 F
       16432       37867           3        1024
   -0.394359582171565464E+02   -0.279836572590827402E+02
 T
   2
    0.200000000000000000E+01    0.300000000000000000E+01    0.965820312500000000E+00    0.341796875000000000E-01
   0
   0
 T T     0           0
    0.000000000000000000E+00   -0.100000000000000002+101    0.000000000000000000E+00
 T F     1         989
    0.310146862020160397E-06   -0.394359582171565535E+02   -0.279836572590815251E+02
 T F     1          35
    0.712310166205347845E-09   -0.707294759153890595E+02   -0.535307903343000362E+02
