luminosity_distance KNphi inclination_EM KNtimeshift log10_mej_dyn log10_mej_wind Ebv log_likelihood log_prior
7.101065278053284 17.09494948387146 0.14894798523452968 -1.1750487089157104 -1.6918530464172363 -1.6826328933238983 0.45692247354984283 -7.015739310918262 -11.411326169840065
6.479534685611725 27.529554963111877 0.5751577114836751 -1.211171269416809 -1.3294427394866943 -2.0955330431461334 0.4807617719650269 -6.790722331590999 -10.343561584120948
2.945504903793335 23.879650831222534 0.6922669374262126 -1.4474640488624573 -1.4060885906219482 -0.7256613969802856 0.08042363812923432 -6.623670120038434 -8.503085078068093
1.557279348373413 27.012979388237 0.6701876094170034 -1.7643293142318726 -2.604128360748291 -1.1570449471473694 0.13325711216926575 -6.621639704793395 -8.64392881489731
4.6387850642204285 28.104931116104126 0.30129148577036 -1.7500486969947815 -1.1754177808761597 -2.954867959022522 0.16760258059501648 -6.166573750956827 -9.464009477045273
6.512498497962952 43.10695379972458 0.6635472410038845 -1.0185970664024353 -1.2469764947891235 -1.3066241443157196 0.5568269423246384 -5.756304909727385 -11.991647162134207
2.342152178287506 32.54399925470352 0.5694394631043795 -1.4258606433868408 -1.5012176036834717 -1.4282748401165009 0.26125945050716404 -5.717980300469969 -9.130041736744747
3.1451454758644104 28.359178006649017 0.7207072398325951 -0.43324893712997437 -2.062632441520691 -2.712800532579422 0.26488544540405273 -5.7098564847720805 -8.93966363870457
1.7575024962425232 17.475025355815887 0.552281171622107 -1.0194019079208374 -2.6479592323303223 -1.6266550421714783 0.0933318647146225 -5.68547033018173 -8.725761665270563
2.3405213952064514 17.116616368293762 0.7353567668482475 -1.7639355659484863 -1.2859588861465454 -1.3464445173740387 0.07165822134017945 -5.645405305240097 -8.435660170128632
1.7221381068229675 25.43293446302414 0.7612326366302785 0.9592525959014893 -1.7439768314361572 -2.694492220878601 0.069803071475029 -5.572588480022559 -8.404087873116401
7.282876670360565 28.689878582954407 0.5155909331102396 0.8237098455429077 -2.8182554244995117 -2.1994011402130127 0.00762943389415741 -5.564524077450798 -8.623270706785974
5.731825470924377 49.0622615814209 0.3313780195838793 -0.8641933798789978 -2.765391230583191 -1.454463630914688 0.5563299156904221 -5.533141275448079 -12.598449093808759
2.547975778579712 47.978627383708954 0.6169581505845718 -1.4355992078781128 -1.1676125526428223 -2.7599852085113525 0.4044794424533844 -5.522514110884232 -9.676271246344275
3.81928813457489 23.336718678474426 0.6191597543026277 -0.03103739023208618 -1.7803524732589722 -1.8592857122421265 0.18620658638477325 -5.522209247356 -8.840327358630452
6.584227740764618 17.019528448581696 0.2913158410065046 -0.908415675163269 -1.4860221147537231 -2.9526429176330566 0.39154272758960723 -5.494063693147055 -10.302367104032319
3.214149594306946 40.949538350105286 0.6158444016578175 -0.9936103224754333 -2.6028696298599243 -2.713424891233444 0.19056785180568694 -5.468132355789593 -8.856353136900063
2.885300040245056 21.732069551944733 0.2684307368242379 -1.1283476948738098 -1.9542404413223267 -2.4455796480178833 0.172512424492836 -5.438063865047029 -9.588560725148955
2.725806772708893 24.867841005325317 0.3692329266571703 -1.3212646842002869 -2.2010127305984497 -2.74099799990654 0.22713878359794618 -5.314683850255834 -9.427396294698424
3.936820924282074 29.078409671783447 0.44882002895450035 -0.6069997549057007 -2.1132946014404297 -2.8652149736881256 0.10016772093772888 -5.228463107140355 -8.930007569448144
3.8787843585014343 18.77141684293747 0.71568333484486 -1.6187225580215454 -1.1139456033706665 -0.8891780972480774 0.42242975313663483 -5.213103461612162 -9.66349812924991
3.6163822412490845 15.230068266391754 0.651677430234796 -1.625980257987976 -1.0581343173980713 -2.54584002494812 0.306533363699913 -5.176516735756497 -9.169564884379966
1.5722718238830566 45.755675137043 0.5212916680108611 -1.995440423488617 -2.123405933380127 -1.69406059384346 0.39470588178634647 -5.176049319838979 -9.769633903292046
7.00250643491745 30.838590562343597 0.49516494400623035 -0.18998348712921143 -1.911536693572998 -2.7690583765506744 0.24573030230998993 -5.170872348536382 -9.207662448648804
2.724848687648773 35.91606825590134 0.6255365086875252 -1.747620403766632 -1.19242525100708 -1.1631967425346375 0.33075730504989626 -5.15822837250882 -9.300317457771701
2.389798402786255 38.8817235827446 0.6815440987463685 -1.4988608956336975 -1.2013092041015625 -1.578781634569168 0.11764236266613007 -5.146039336251797 -8.594825737461647
3.456172823905945 30.333470106124878 0.6684269528287275 -1.358074426651001 -1.2119388580322266 -2.2115147411823273 0.04961262681484223 -5.145221233587966 -8.471804335722139
8.732362806797028 30.168404579162598 0.6785486193147111 0.12284201383590698 -2.459185838699341 -2.9032843112945557 0.2243822100162506 -5.132035189857838 -8.866040650460045
8.248283624649048 16.83203876018524 0.601012433108185 -1.9228299856185913 -2.215776562690735 -0.5266566872596741 0.2545834015846253 -5.097128868994648 -9.061153449593892
4.69406558851685 35.4051672441051 0.3856412129721786 -1.6077990369655126 -1.5733166270638936 -1.0842087584431304 0.1287117257373976 -5.095584561185715 -9.135179839176532
5.346318006515503 23.126660883426666 0.5214219905750815 -0.35200250148773193 -1.8190172910690308 -2.6008118987083435 0.028436863017082214 -5.069499277086962 -8.65058915814812
7.147228240966797 18.908794820308685 0.44118941053781013 -0.03501689434051514 -2.3711023330688477 -2.765699952840805 0.3678191564083099 -5.036597966024842 -9.782515906634787
9.611006200313568 47.23888248205185 0.7778758579542556 0.04156625270843506 -1.4278181791305542 -1.469431847333908 0.2789135172128677 -5.027438273446917 -8.924864840062423
5.478917300701141 44.611314833164215 0.7145154568259818 -0.22904163599014282 -2.4274779558181763 -2.956815540790558 0.5459931741714478 -5.0268886085182745 -11.4016573272645
2.253316879272461 47.3451766371727 0.5937711089083878 -1.223064363002777 -1.6635105609893799 -2.0434634685516357 0.34683759055137636 -5.022831076871406 -9.414675278807882
8.034719169139862 17.074611485004425 0.04889292706177581 -0.07512110471725464 -2.484117865562439 -2.8101627826690674 0.038443720507621765 -5.009280149512598 -10.990750679609917
8.282392522442393 37.695165859165186 0.5948758008220715 -0.8390015492857694 -1.3982854961722377 -0.9218153131128939 0.5068468334297896 -4.993359550849453 -10.648776085196102
4.089414793889119 31.827789784096133 0.42217996953309106 0.0108811325608702 -2.399761091165445 -1.0925020910457188 0.5468082924208155 -4.9751242710074095 -11.902483369018436
4.383500456809998 37.652773559093475 0.3962170825948995 -1.2540258169174194 -1.0287590026855469 -1.3895206451416016 0.41683107290267946 -4.971080001597501 -10.157550753058374
2.543749153614044 29.46659028530121 0.76278303231986 -0.24007391929626465 -2.7654000520706177 -0.5086112320423126 0.49331752860546113 -4.940539077827202 -10.251760461522043
3.6877681612968445 48.78431588411331 0.18487642833048545 -1.3441812992095947 -1.1661964654922485 -1.6772958934307098 0.4969457070350647 -4.931790331144999 -11.622787259840187
4.548002553229286 36.80373441418287 0.6944469351011101 -0.18467043374448022 -2.255697380177568 -1.3519731997851618 0.17780988759996103 -4.899831894008104 -8.721044852853373
5.247640212705701 38.668319192799224 0.4491090607841393 -0.9846473669753362 -1.0313494759232942 -1.1153245215180816 0.42731257745140705 -4.883841813439599 -10.109542149124504
5.452955663204193 41.597231328487396 0.4402221838158146 -1.6230913400650024 -1.9614547491073608 -1.0279091000556946 0.022619454216957092 -4.822348628838068 -8.79601069721608
3.4198613862693277 35.66844307410123 0.4525738373483337 0.1770976886171427 -2.625286802964791 -1.5554219942900966 0.22443994835486863 -4.7651570718275975 -9.227633657387413
4.578913867473602 40.63465505838394 0.5713062120968866 -0.4925186038017273 -1.4214355945587158 -1.994993418455124 0.02443816637992859 -4.700187874700754 -8.561170834597226
4.916814804077148 27.99250990152359 0.32839775923994596 -0.05677783489227295 -2.7039631605148315 -2.959031343460083 0.4727923893213272 -4.674599430373215 -10.782874048555978
6.777842998504639 38.435779213905334 0.6390411673000367 0.9833694100379944 -2.296258568763733 -2.78575736284256 0.13482884631156922 -4.672431917252261 -8.68810427576105
6.765703225683538 35.462374741473575 0.7109328085029428 -0.08971922689432454 -1.7525533865397471 -2.9647747841124734 0.413871027013946 -4.66241998490435 -9.613487754192166
4.9599326243619934 23.31428784532347 0.6701751776028197 -1.7281851047903936 -1.8329376321645672 -0.5427547425240746 0.20920621104758685 -4.640986436203535 -8.833832799995589
6.147188532408458 33.26598770177521 0.7278629814618777 -0.25378371759730034 -1.8340740699170266 -1.1143356832869442 0.061732638828426674 -4.629911451192244 -8.424379029641582
3.0862468481063843 20.83926498889923 0.5742487324340645 -0.8537905216217041 -2.786060094833374 -1.426138311624527 0.04228888750076294 -4.623994512549801 -8.589727034402845
6.961693760332327 39.201371165043184 0.023610418034618587 0.34306285643922685 -2.321385488103598 -2.4871352889716247 0.3621921443214632 -4.600360874840682 -12.65060695874457
9.74925583600998 43.54109048843384 0.5647360599818302 0.791616678237915 -2.954707980155945 -0.7229663729667664 0.19895998685359956 -4.597882085837262 -8.954914351993358
5.8796570432957465 23.071274335916996 0.5756552912394609 -0.6455083372187866 -2.6083332893950057 -1.397806845660277 0.43332213582026924 -4.5958653708027875 -9.925609022447976
5.42346853017807 24.444700479507446 0.4749539451332182 -0.021817564964294434 -1.7899243831634521 -2.0168432891368866 0.5021937255620956 -4.580725487852801 -10.783527105933043
8.750746667385101 31.489033102989197 0.34331965648143087 0.26016807556152344 -2.7981696128845215 -2.8834285140037537 0.17437279436588288 -4.579216699585586 -9.354839117159024
5.590426385402679 17.21205621957779 0.7167220673055394 0.188410222530365 -2.2921578884124756 -1.6104322969913483 0.44991787118911747 -4.571818817685705 -9.864776481766029
4.614071124323447 40.40391405014256 0.5502942519451606 0.2812368177148499 -1.5635000780932875 -1.240970963253136 0.5192971925598052 -4.5472506364215315 -10.928606106393634
5.6157947182655334 39.7717222571373 0.6388181205234281 0.9950547218322754 -1.4491398334503174 -2.9402600526809692 0.4008356722354889 -4.527817022176448 -9.624685565511363
3.119612455368042 32.05603748559952 0.511508923466382 0.5696427822113037 -1.9598133563995361 -1.1824472546577454 0.09410794000625611 -4.526028279606727 -8.796706007503989
6.599890232086182 35.43087065219879 0.48844035353738635 -0.4890821576118469 -1.367070198059082 -0.9770435392856598 0.13921406235694886 -4.51225214864834 -8.937997935078405
8.873187899589539 42.5174543261528 0.41911221683519445 0.5318726301193237 -2.051876187324524 -1.7888985872268677 0.5300383394479752 -4.506600295928803 -11.405365703695956
8.509076416492462 22.179390788078308 0.6362872217450457 0.8407370448112488 -2.9187352657318115 -0.9916565120220184 0.32240437123775484 -4.49229037489872 -9.251617108868547
9.487562894821167 25.303748846054077 0.36269495388181583 -0.05280458927154541 -1.419413447380066 -2.8076778650283813 0.2869130599021912 -4.490101147010275 -9.634562071226267
8.521754111123943 24.850872353747693 0.4429826759996352 0.5313878055103625 -2.5783715222987023 -2.5666589323817792 0.5018355848926032 -4.431277160038607 -10.843164535179918
9.583597779273987 39.61311757564545 0.6811357837758222 0.5999184846878052 -1.154266357421875 -1.1356540322303772 0.28334243803024295 -4.427878034459374 -9.0484680501912
6.396283603615721 15.27469926215963 0.3159067421750659 0.02966831550011939 -1.750276391131776 -1.869344581405454 0.3069165090190601 -4.395808447283329 -9.839987755576095
7.272424347037585 22.48197210178074 0.5513149250822252 -0.4227189125556787 -1.2869372816032774 -1.0137008298095938 0.35920121094308755 -4.386431708521609 -9.536949132910472
6.903757718314997 39.459351219143755 0.7534416044323291 -0.36802150126496347 -1.5655278047229668 -1.1588033702638965 0.0683749388996709 -4.382477810985515 -8.409491510727866
4.0970785264503515 35.867933028589306 0.3532864003374632 -1.9867722136490888 -2.0676529680370663 -1.0282031251380526 0.5067660354210606 -4.372422370458217 -11.129815676276921
7.110150456428528 17.29413628578186 0.5438840421354638 -0.232857346534729 -1.041138768196106 -2.3506990373134613 0.30507595796585085 -4.370614622581723 -9.322898415969888
5.97282749238571 34.80775282062967 0.3740409180156047 0.3794374003904135 -2.0880243513199326 -1.8215024934720552 0.4676116999798808 -4.3292006666140725 -10.607419100715415
8.365026043693465 17.072881581535434 0.3030533452150016 -0.21544137954004583 -1.1543962394437106 -2.0961327415795648 0.4611212599698536 -4.3149135848739695 -10.749705887085616
6.835710048675537 15.35150796175003 0.437313126602529 0.1901230812072754 -1.9413191080093384 -2.471515715122223 0.2757101382493973 -4.295724416348684 -9.419041589270432
7.193584949275815 26.903078937398615 0.5448100277344433 -0.05722213175606372 -1.5642188433650333 -1.3885075385885168 0.26585124492911966 -4.219662610848059 -9.184453506132716
2.5904549456598107 34.82768656452759 0.5355433198579415 -1.2285366914846712 -2.959882882411366 -1.3073035018907218 0.36272219794740085 -4.21658633916682 -9.579711678108152
6.620307207107544 17.40946352481842 0.6168747427191494 0.8827880024909973 -2.43985378742218 -2.2544516921043396 0.1606788712978363 -4.21645131694507 -8.77953359183371
5.1828432490786565 23.423027673777355 0.636303327920809 -0.7925795811608862 -2.3054133201065268 -0.9904758493390577 0.1568339892465672 -4.178652261134208 -8.743397268885289
5.568735897541046 40.91171205043793 0.4887814390176898 0.08246707916259766 -1.63910710811615 -1.6422988772392273 0.15603214309215546 -4.174777776721068 -8.976954232816325
4.111373892712847 34.09966237928232 0.43617329114698133 0.03266805685660401 -2.5768016405260328 -1.2484064705746039 0.18968596301054225 -4.171873272948461 -9.166882641894764
7.586624503135681 46.62680238485336 0.7250796011555553 0.09587544202804565 -1.5671796798706055 -2.8987044394016266 0.3900696959495545 -4.158010728155828 -9.457409937926183
9.378414583078177 22.243909737191252 0.33941609153096036 0.8038916701598615 -2.163223745897726 -2.8142154920378917 0.22669567487270434 -4.1424628058586945 -9.506763137269445
8.062646865844727 28.792784810066223 0.4053545107682535 -0.7074704766273499 -1.2613965272903442 -0.5595632195472717 0.09869195988178253 -4.135705885261989 -9.022482689078409
6.192107825318456 44.3936236789073 0.17798875446560888 0.10375193783620418 -1.602414830186783 -2.579568115044068 0.39084473333217845 -4.128504705028937 -10.7823040436274
7.747858960398131 15.229166285596037 0.407903324146944 -0.0882712719285923 -1.1842846014631156 -1.70244969841018 0.421457001368097 -4.0672058802166955 -10.160252765549602
7.974775946988764 18.02517854334753 0.3981375115860649 -0.03397339223781559 -2.051333870676549 -1.126099190896814 0.4937173210423704 -4.034299742230819 -10.834638368102016
5.031365513801575 33.31631749868393 0.3557367559882051 0.4676169157028198 -1.8892829418182373 -0.6775400340557098 0.22481547067165375 -4.022446297372476 -9.456281173555965
6.629012699465248 30.629528212532712 0.5984715517072969 -1.0505378397288658 -2.2498551023663316 -0.8325390797679901 0.46042843514386855 -4.019327693752955 -10.108099036926244
7.67338449247262 29.442857036751708 0.5008603997776787 -0.28926454010116576 -1.2758780634963918 -0.9352793101642329 0.44244139152485695 -4.003373531167725 -10.118920996746077
1.1377668380737305 37.41223901510239 0.7241257457920328 -1.8835846185684204 -2.6949528455734253 -1.6859628558158875 0.1286620722770691 -3.986589846915041 -8.56907320776579
6.148993730545044 28.102619647979736 0.3800648097248926 -0.11396217346191406 -1.8095834255218506 -0.5851590931415558 0.23354595093727112 -3.9740730586913253 -9.41857953560584
8.370238307955217 18.706630536758173 0.6007536535547967 0.7802192955489811 -1.8125477560319465 -2.617236427209167 0.16282822365944577 -3.9338881533072776 -8.807893306732604
4.572626233100891 21.733903288841248 0.5490316141010239 0.10570573806762695 -2.3906641006469727 -0.5115124881267548 0.03333493630886078 -3.902221266710275 -8.613060602861676
8.128902500667937 46.02295920653358 0.42638781478911525 -0.392187363078238 -1.5859842650032439 -0.8574411998338767 0.5614190669042718 -3.900440023329809 -12.739276101007208
9.922148883342743 48.109513223171234 0.3738604914872178 -0.23019176721572876 -1.2095017433166504 -0.7409370243549347 0.052313110899925234 -3.880362712279104 -9.00582511806866
5.601338368076026 49.00169607030399 0.6743435498373791 0.07883122458838221 -1.1179692362064866 -1.3771192297488382 0.5348820225293182 -3.8696634349242895 -11.098712054108766
7.886229395866394 20.9337055683136 0.5699559363521739 -0.13658839464187622 -1.2554235458374023 -0.9447570443153381 0.10621661832332611 -3.8579784146480955 -8.724901088339841
7.957972919023744 47.481684023035285 0.5402414899519439 0.26750981269418883 -1.5410593518025066 -1.8384205306874697 0.09283072970790719 -3.8509013903530276 -8.744520026199938
7.438890238390409 22.344852427587263 0.2648072756071252 -0.5157565488647693 -1.76730714825268 -0.5834344726581775 0.057899187982768774 -3.8453682168791836 -9.349814091239788
8.373831391334534 35.14188915491104 0.14264379387619835 0.06667512655258179 -1.357459306716919 -2.9367065727710724 0.2846491800069809 -3.8373449145158034 -10.541246978950412
3.532249927520752 35.57653486728668 0.6885090356856153 -0.0996447205543518 -2.937666177749634 -1.4525549411773682 0.3990879931211472 -3.821198338638236 -9.550971864224637
5.8778444665061755 16.488168507397816 0.506728403564931 0.9271619808138718 -2.0771420696481298 -2.4972423846279996 0.2884045118143732 -3.8129753503620405 -9.326533411572116
7.430011210974441 21.249515693036017 0.6048145130601775 0.026605615762905988 -2.4870036075209625 -1.3489872176243585 0.28571991944291397 -3.7669255744959704 -9.158738130972292
7.42234081029892 25.123258233070374 0.16888243994673158 -1.6868882179260254 -2.5564348697662354 -0.6017710566520691 0.49132959265708925 -3.762505334397809 -11.640536154336159
4.165652513504028 31.15710586309433 0.5638633075734822 -1.1720006465911865 -2.8884496688842773 -1.0850990116596222 0.5535756621122361 -3.750443918887923 -11.943899988201856
6.634911683462464 43.83008668891365 0.6447508136441662 -0.05291780449437722 -1.3503988239337472 -0.8946216579539557 0.5459163641978071 -3.7256954240685474 -11.485178148298269
9.838225781917572 36.638064086437225 0.4924606763428082 -0.04502636194229126 -1.9653290510177612 -1.0517596006393433 0.2581668175935745 -3.721338313568305 -9.251500452905168
6.250485837459564 17.5776270031929 0.3307778555925185 0.2789826989173889 -1.4623299837112427 -2.447140395641327 0.4968285468578339 -3.7166947721444012 -11.052075947133506
5.628125905990601 25.415222942829132 0.5046406026456253 -1.9323536157608032 -2.8463786840438843 -0.933250218629837 0.2485492771625519 -3.715100847437296 -9.198979681866788
8.45937293767929 38.96066606044769 0.2985624712020717 0.7039007544517517 -2.9522734880447388 -1.038286417722702 0.3968863097906113 -3.6936579106199954 -10.308503680560602
9.435698297033243 22.864718043622958 0.48369577473556685 0.17147372359506097 -1.2880861180918086 -2.6127696475812834 0.20898860538270808 -3.6855714800008945 -9.122609578456053
4.870409905910492 22.5361829996109 0.5984328605295276 -1.319427728652954 -2.8829082250595093 -1.124772310256958 0.1967359223127365 -3.6822597309788145 -8.897705400118642
8.095201349235309 28.621366826970906 0.7730000624512693 0.5254305717532084 -1.8230977780263407 -2.1422971384792726 0.46321503441723294 -3.652090040388951 -9.918626970873104
5.67059063911438 26.19564175605774 0.6591946077382231 -1.4076961874961853 -2.500585913658142 -0.7874991297721863 0.2717568522691727 -3.6429303385274787 -9.036857988392192
6.946873508449975 23.35595731189282 0.4856454475852166 0.2781446085120636 -1.6428511024604673 -2.7872226978469508 0.3818095227416077 -3.619476314332723 -9.764315408825667
7.722452464932751 33.66198055585565 0.5257496581084875 0.17682693385803638 -1.954596637999563 -1.3202283132212345 0.14079373618107258 -3.61943530382763 -8.874460882466275
6.835842074448611 40.10041168242868 0.062191011383504385 0.40841431026606845 -1.9675096988643705 -2.64259330973402 0.2852415227618951 -3.6180939605806057 -11.370698912093024
4.646426776418741 15.531001736189218 0.3873220494977597 0.3897691546005362 -2.7009247113669477 -1.3041087532850186 0.35703899484216867 -3.6139610723660045 -9.853856002062894
7.217353300346696 27.45061427876095 0.5854559933909644 0.16387219939237863 -1.6478965274299646 -0.9725149800816046 0.0826542289835842 -3.613180747806453 -8.651815213326856
7.803720375683872 33.167948979935026 0.32807519451339545 0.24306150257952108 -1.7312121119170987 -1.5049235197886317 0.4179149618383921 -3.5951460145262324 -10.344962543383517
7.509892078406039 31.90241784538365 0.43307914328991454 -0.19439961642078063 -1.1953443584784824 -0.6969552946999693 0.5598286623323001 -3.5833670949437426 -12.589416394273005
6.694930553436279 43.50830852985382 0.5512078395127956 0.5606546998023987 -2.5525671243667603 -1.573535531759262 0.3180271046161652 -3.550945746570748 -9.360547030450618
6.949895420024017 33.02613947367885 0.2912104359029201 0.3698044794634181 -2.103983445540322 -1.4477773573097583 0.4087898377292188 -3.53740478368581 -10.40294033292595
6.445138215742453 35.52036945657744 0.6880895416462018 -0.9311225585226148 -2.208775992185536 -0.6963870662842297 0.5614099079183721 -3.533061435637676 -12.309581230275644
8.105155017428078 15.603941483317282 0.2647394558505785 0.2981963568720909 -2.1268824854513317 -1.3718497355739556 0.43240362019455353 -3.4985225444913643 -10.651644789920663
9.528543293476105 26.497248709201813 0.5010478609679143 0.06847882270812988 -1.9098974466323853 -1.1099551916122437 0.22707102584838867 -3.4979034230291375 -9.14129712060539
2.9066681265830994 35.35402685403824 0.7233689306180845 0.7744478583335876 -2.6658469438552856 -0.8860634565353394 0.08952859425544739 -3.4586111109917677 -8.485413362885005
7.314774428999843 31.190194514573577 0.5882722156908139 0.6858315683266043 -1.7511185639502003 -2.184828161535109 0.3293363748169352 -3.4356954957205907 -9.348143613259218
7.549834209506379 46.632274201389606 0.4755502553328949 0.4256553331229558 -1.7196287057828743 -2.6633487558548827 0.5351803249760455 -3.434735645476442 -11.416968467973609
7.43802315836714 27.919554441161665 0.6294805393814096 0.7604747292688465 -2.872024210520449 -1.5092487429970824 0.1305439066111458 -3.411311378336472 -8.691355607119057
7.374115228652954 35.97686529159546 0.4218858965009623 0.3907245993614197 -1.658179759979248 -2.076404571533203 0.4332083870887756 -3.4093412041840443 -10.20955518329526
7.717833153200747 29.369540497347124 0.42879622702254894 -0.9651651569548505 -2.3664491455978536 -0.7333324086418669 0.13758868405823296 -3.3974384004014544 -9.055239350055384
5.68542749417704 27.79630834988049 0.5384842520920259 -0.9290215868638498 -2.3866273948630115 -0.6363946704742189 0.09672352746925676 -3.3956033222197637 -8.755606189486107
5.963642486523357 20.20741364522147 0.6492403908758395 0.9431167703126961 -2.7991464173432212 -2.479604783913351 0.4356371681456028 -3.384494395023081 -9.837514149960874
5.965066611766815 38.123739361763 0.1901453154694842 -0.08421719074249268 -2.928471803665161 -1.4401820600032806 0.12727402782440186 -3.372223148324796 -9.82018616399538
6.175171194236277 23.666209497018073 0.7417431864634522 0.9038251477869315 -2.050824604777771 -2.749678838988827 0.061797951689868146 -3.367406763705004 -8.409145460155235
4.162591576576233 30.921321511268616 0.7702769617430203 -0.5767290592193604 -2.7923524379730225 -1.1170308589935303 0.07630604131221772 -3.361300464820986 -8.407704097733522
4.162591576576233 30.921321511268616 0.7702769617430203 -0.5767290592193604 -2.7923524379730225 -1.1170308589935303 0.07630604131221772 -3.361300464820986 -8.407704097733522
9.47418373328679 21.212814472098252 0.7315984938284568 0.4936409730375164 -1.665512897020245 -1.9059884004111343 0.5308879709979342 -3.3352554043541254 -10.929937795742154
5.403644676627707 34.37096566034296 0.4727283486265831 0.4874590655445328 -2.560547523382186 -2.7131654348859167 0.23971729463519156 -3.3321449258957774 -9.232115624132243
6.158670538242589 32.760609366730975 0.6072133975835442 0.28215107942565165 -1.2395387058588099 -0.9946295765367315 0.38749485453826754 -3.327770848432778 -9.593800468469656
6.158670538242589 32.760609366730975 0.6072133975835442 0.28215107942565165 -1.2395387058588099 -0.9946295765367315 0.38749485453826754 -3.327770848432778 -9.593800468469656
7.718017899447081 17.226922989852667 0.4394583917907653 0.686938311561363 -2.099645585021758 -2.4165286588893258 0.5229096564883408 -3.305101338876171 -11.205375386336147
8.13771236442359 22.88248031784861 0.5435718924680146 -0.17818786365145867 -2.9050704804935643 -1.2315045225535983 0.4648111364803138 -3.2938336246226223 -10.23355920498939
9.623625319586845 29.826251487586678 0.5942798312139782 0.13432327651978904 -1.475541803784716 -1.2793234697438884 0.3170954585746858 -3.2916161914563906 -9.29006183243352
9.544013335996873 25.984108534824685 0.3571709785511479 0.7028607882531253 -2.169856083595781 -1.0859156716000715 0.20056393832060607 -3.273005424375919 -9.38498427790853
3.1866329816554986 29.428460300202183 0.47942442994223194 0.6018065088938762 -2.674880405254969 -2.0918409839810708 0.3482441814819963 -3.272091056299148 -9.613977049225387
3.1866329816554986 29.428460300202183 0.47942442994223194 0.6018065088938762 -2.674880405254969 -2.0918409839810708 0.3482441814819963 -3.272091056299148 -9.613977049225387
8.314695382539897 26.81892705582439 0.40940542304620575 -0.16043470167026186 -2.637272098774153 -1.2013332965474575 0.3914236229490139 -3.2717449713509614 -9.975319733568163
8.473751313127593 15.692055143655992 0.2930088141824652 0.11271077114527017 -1.5006428857045575 -0.832029579919308 0.1718989654079881 -3.2064257908326184 -9.501730096289307
2.543109178543091 45.16355961561203 0.7504388145331035 0.5430152416229248 -2.8767411708831787 -1.691386729478836 0.260425204539299 -3.2038402473762484 -8.892405866553085
9.088157394086394 25.095833585653605 0.593133457159324 0.2507116436463881 -1.4467484223712295 -1.4998834861307198 0.4772383187135261 -3.1814984848094396 -10.278640081935434
5.897359548617991 17.28072060191016 0.47153269839672496 0.8749150967237966 -2.106164644966147 -2.492804225691683 0.041885045033421726 -3.17078239334092 -8.76779810882577
8.463210105895996 38.15476268529892 0.24325785141473044 0.25329214334487915 -1.7382045984268188 -1.2848778367042542 0.3936828967094422 -3.153689746367663 -10.49025473433887
9.307856623806655 32.537087874535075 0.441854002283921 0.722966141341598 -2.0093879750241026 -1.3113313803584032 0.3720886197674907 -3.1422669011430395 -9.802199945626809
9.307856623806655 32.537087874535075 0.441854002283921 0.722966141341598 -2.0093879750241026 -1.3113313803584032 0.3720886197674907 -3.1422669011430395 -9.802199945626809
4.5990482338524625 37.588064564391885 0.7526559282581448 -0.17578255736241077 -2.5556024921082163 -1.0408125902263472 0.5300934258869989 -3.132520623856445 -10.888013238489561
4.5990482338524625 37.588064564391885 0.7526559282581448 -0.17578255736241077 -2.5556024921082163 -1.0408125902263472 0.5300934258869989 -3.132520623856445 -10.888013238489561
6.394804775714874 40.812156200408936 0.6957180138222424 0.19554686546325684 -1.3792170286178589 -0.8593634068965912 0.14111301934719087 -3.118359470429254 -8.630594444048576
3.4292117953300476 22.979859709739685 0.4041561637525616 0.5923895239830017 -2.7835593223571777 -1.9315696060657501 0.5113027758121491 -3.118061820606913 -11.073404636659472
4.002268776623407 36.19104294386109 0.7019396999398666 0.0452358557271455 -2.6628188640290253 -0.7702991944550455 0.29052102998499446 -3.094914338231514 -9.048486081197098
4.529975103761664 31.25161941029078 0.39971375391230285 0.1814000030007441 -2.739942535438787 -0.6013117357756794 0.20668881446658055 -3.092402560559439 -9.294478134053337
4.529975103761664 31.25161941029078 0.39971375391230285 0.1814000030007441 -2.739942535438787 -0.6013117357756794 0.20668881446658055 -3.092402560559439 -9.294478134053337
6.612098948248456 33.21165840459629 0.5045138898459223 0.6020835177967587 -2.0003991818174764 -1.937169262167794 0.1172527589826024 -3.0456584769833275 -8.858870830069087
8.624406576156616 30.852467715740204 0.13876169317522974 0.692331850528717 -2.1018123626708984 -2.8081523180007935 0.28873327324390413 -3.0334802130668472 -10.582952056156472
4.000049710273743 45.053216218948364 0.6166622859710926 -1.202567458152771 -2.983543634414673 -1.024616688489914 0.4017569865703583 -3.022628532927423 -9.660605745604526
4.000049710273743 45.053216218948364 0.6166622859710926 -1.202567458152771 -2.983543634414673 -1.024616688489914 0.4017569865703583 -3.022628532927423 -9.660605745604526
7.9102687494775346 21.734740362054335 0.07958382082100313 -0.37198479876298496 -2.7216486915818745 -1.1438386087761003 0.3135244023969824 -3.0143564866378925 -11.228196311313773
8.064071655273438 33.077405989170074 0.7534112971183599 0.09464716911315918 -1.124302625656128 -0.8465110063552856 0.3380016183614731 -3.0140116604181753 -9.175127658540374
9.487468572785756 39.46907790931158 0.07640253589727092 0.6843596569136885 -1.6427592907797965 -2.9134528882216437 0.41522811471479737 -3.0131969276384005 -11.767916110706544
9.487468572785756 39.46907790931158 0.07640253589727092 0.6843596569136885 -1.6427592907797965 -2.9134528882216437 0.41522811471479737 -3.0131969276384005 -11.767916110706544
5.694947378228276 41.11039908020469 0.6727921061269475 0.45777460327835584 -1.5732892438442332 -2.929826615527025 0.1510269649462714 -3.0031708475340038 -8.681957737356411
8.635671317577362 34.64487552642822 0.6061504793605752 0.013946831226348877 -2.9789031744003296 -1.1442107260227203 0.454121444606781 -2.999762627238117 -10.042132555289758
8.635671317577362 34.64487552642822 0.6061504793605752 0.013946831226348877 -2.9789031744003296 -1.1442107260227203 0.454121444606781 -2.999762627238117 -10.042132555289758
6.0118645367948 42.5181912781367 0.7607400155158902 0.400377222797772 -1.475201498675135 -1.3868516760959768 0.5072158996505932 -2.970344364220292 -10.447178087078374
6.0118645367948 42.5181912781367 0.7607400155158902 0.400377222797772 -1.475201498675135 -1.3868516760959768 0.5072158996505932 -2.970344364220292 -10.447178087078374
8.136569082736969 16.58603012561798 0.15070235841233282 0.8153363466262817 -2.767433762550354 -2.8549556732177734 0.05314998393058777 -2.9485717981899704 -9.896394756187636
5.390566137918443 17.795452818145915 0.4743098843139948 0.5087792635429884 -2.0478272391090404 -1.0011760247160186 0.059427776213353746 -2.9448088325290636 -8.795996601454313
4.169394088861088 23.19793299280144 0.47626474877822017 -0.3714238390010949 -2.861028866368821 -0.7975485135852578 0.3992722727143569 -2.9351497325643727 -9.878390122604683
6.206816792488098 24.287143051624298 0.38894918141226037 0.8146924376487732 -2.379300832748413 -2.4949468970298767 0.5440266641378403 -2.933756684270386 -11.876742370995132
6.206816792488098 24.287143051624298 0.38894918141226037 0.8146924376487732 -2.379300832748413 -2.4949468970298767 0.5440266641378403 -2.933756684270386 -11.876742370995132
7.079294279267162 28.318083493215127 0.32511449504038836 0.7822387042949481 -2.40426427048731 -2.7091713745482418 0.08101562846420424 -2.933695446200023 -9.196573928030876
8.890600813897576 17.562623344123505 0.4101891119091286 0.36653322405597333 -1.0777880860554687 -2.3024712613288028 0.48956128235556384 -2.911944494079159 -10.754986573020403
4.464321520963699 28.692341444543494 0.5502780131041528 0.5118320047468012 -1.3598656369873743 -2.471724868244777 0.028290668639363897 -2.895345246024215 -8.601712169851552
6.705609399724086 38.77531953881183 0.3142916670963972 0.7293581929323949 -1.9695592558634911 -2.5608221869582515 0.0009647324390123233 -2.8847252553100895 -9.078344053837014
7.292853018363744 31.493847145109395 0.6665723125156147 -0.5844599205808694 -2.5718728790562517 -0.938107142076682 0.2542045308113841 -2.8763199620970115 -8.970666319526623
9.178235812271424 24.00241648872806 0.1890889359850713 0.5829136524802498 -1.5499772851734417 -2.14325190873869 0.5078907259337282 -2.8733212757276787 -11.757238695341591
6.257828652858734 17.0308855175972 0.5860196299519683 0.8185986280441284 -2.217769742012024 -1.2184591889381409 0.18560417017936706 -2.872249125958925 -8.886955035085276
9.831691934489806 24.63046813322846 0.40440381632794725 0.46332389734619506 -1.9476072390908867 -1.4204763892852146 0.38596201152247545 -2.8686745468929775 -9.957193554991377
8.48790842294693 24.059071242809296 0.2677994169138587 -0.4193032383918762 -2.6575957536697388 -1.0401356518268585 0.04226998629570008 -2.865881114322675 -9.308919853115512
8.48790842294693 24.059071242809296 0.2677994169138587 -0.4193032383918762 -2.6575957536697388 -1.0401356518268585 0.04226998629570008 -2.865881114322675 -9.308919853115512
5.315503991515298 25.3979852114318 0.6829871564262832 0.6071615495489571 -2.5953787719227863 -2.541796981456977 0.5156765200644181 -2.861974890843129 -10.67462585947773
5.315503991515298 25.3979852114318 0.6829871564262832 0.6071615495489571 -2.5953787719227863 -2.541796981456977 0.5156765200644181 -2.861974890843129 -10.67462585947773
4.559279893434427 30.668254083963078 0.611410446455886 -0.06628746710936095 -2.5236947937099186 -0.5949697261237774 0.2130184668635312 -2.861082447233973 -8.923244950026293
4.559279893434427 30.668254083963078 0.611410446455886 -0.06628746710936095 -2.5236947937099186 -0.5949697261237774 0.2130184668635312 -2.861082447233973 -8.923244950026293
4.207561503354011 46.03716821068708 0.7010647046691135 -0.9609763950925658 -2.6646176738541447 -0.9338400609569639 0.21968996545930602 -2.860430273901392 -8.825353257819694
8.294988265499127 31.739708641669676 0.7169342172744978 0.2502181987921315 -1.646849524118623 -1.063013421138673 0.2856985624281493 -2.853728639919576 -9.01405678801795
4.305709644668317 37.56951936988072 0.49992536427585416 0.7248317900205734 -2.9169479196223445 -2.2386005099263078 0.3038736437433127 -2.8339028297650275 -9.394897904354679
9.178050557599297 17.216250585405895 0.31623437773977064 0.22099797876635208 -1.067784961636037 -1.2664765943109617 0.47982938599970093 -2.833659861126125 -10.892566826301543
5.014914152749675 34.96196227140503 0.5145489830961689 0.3605936630273452 -2.702490718321434 -0.5640112111988937 0.16086595577373397 -2.8173866438793143 -8.94163932037741
7.343563795089722 31.497651040554047 0.4964552400939732 0.3971288204193115 -2.1714906692504883 -1.1943050026893616 0.21975492889881135 -2.811987674808379 -9.128764348126252
6.88286966870347 46.487250761616295 0.5587871108409836 0.46061518224407916 -1.500834569217731 -2.5349016912133098 0.24663276014111124 -2.807132291436589 -9.100940380516496
5.845039473232806 27.364205294682534 0.315692181416172 0.6876409137313924 -2.983957681904764 -2.4727057082916777 0.5623319539690445 -2.805186148513462 -13.1128304474692
7.444337113418725 22.985160139495754 0.15986303380395459 -0.8342367898342726 -2.446227178937551 -0.5054448706235655 0.27894033268790647 -2.8031566129171157 -10.408504314555662
5.316065630283067 23.137443434661087 0.6562404474887436 0.5337411043230063 -2.2399724775809347 -2.6426325059740794 0.016623845710877265 -2.7971232050357617 -8.426240771558074
8.615928286101045 31.66826641351465 0.7291989629312222 0.14461007052235653 -1.2848675257606226 -0.8518383456529368 0.26791861464015804 -2.7920763674566658 -8.939990222614743
5.810949242040406 35.8209335790358 0.7590700438155329 0.16242140177040865 -2.5750166002503763 -1.1566676975055377 0.566675931317457 -2.7779210237934695 -12.881471170957374
6.2090838005325955 29.66115292128051 0.7256837929022583 0.46803952503144064 -1.6034504190329497 -2.9136007904675876 0.5463225124518095 -2.7695640119823812 -11.401475997610081
6.2090838005325955 29.66115292128051 0.7256837929022583 0.46803952503144064 -1.6034504190329497 -2.9136007904675876 0.5463225124518095 -2.7695640119823812 -11.401475997610081
9.198742918469481 38.31276129625233 0.46350675137804337 0.5677517389313818 -2.2686174183380494 -1.277734424061706 0.49914722722617116 -2.768853023883314 -10.763628276635988
9.379843336648038 16.692162275630427 0.5996229222738175 0.18819387422930234 -1.460599019193629 -0.941770799765258 0.23731580759587875 -2.7527051431931913 -9.010275770090695
7.517379274486554 29.137761853587133 0.4419768381800677 -0.27852931432036865 -2.1672535745794272 -0.6318602394134634 0.26382793232360424 -2.7334168269105605 -9.369857951773076
7.157218920860845 26.25503124675103 0.06601953770051892 0.5137214039076481 -1.9202800037516552 -2.4687255940714974 0.062071382550497774 -2.728542007808393 -10.73601988061431
3.875190872546299 38.85064003262513 0.6559811496059916 0.805957890572091 -2.5002875208914648 -1.1320321453466224 0.2898332983520115 -2.727416617351765 -9.103028547620772
9.837303031436624 18.523520689007704 0.31391654195642643 0.6676560956176503 -1.3873889868284723 -2.911412788672507 0.5418834364415994 -2.726412631829344 -12.009380392690677
6.702123165130615 46.47470861673355 0.265796342704265 0.3233725428581238 -1.3367795944213867 -0.7714087069034576 0.5562185555219651 -2.714614408671094 -12.80550583483468
6.690822254094819 39.6907174360393 0.5763050460763419 -0.02543960485851615 -2.0076980417511447 -0.6074777812468368 0.5131731591524408 -2.714034159983585 -10.77826765316078
7.894969910950959 44.49036100384011 0.4399754370154157 0.3684517792449329 -1.6384048258188728 -1.2733180153873156 0.12676357759455134 -2.7135896011075387 -9.006550453423229
7.894969910950959 44.49036100384011 0.4399754370154157 0.3684517792449329 -1.6384048258188728 -1.2733180153873156 0.12676357759455134 -2.7135896011075387 -9.006550453423229
7.025029763321519 42.41132517132952 0.26151435629335534 0.5970402899043186 -1.2557332775441707 -1.0172123264791642 0.41512019295864894 -2.712760386258909 -10.547207714679997
7.025029763321519 42.41132517132952 0.26151435629335534 0.5970402899043186 -1.2557332775441707 -1.0172123264791642 0.41512019295864894 -2.712760386258909 -10.547207714679997
7.078943748078934 34.65221165093766 0.558508179638768 0.6345011717827367 -1.6299365172528322 -2.3225533789333896 0.5142948214000383 -2.706950958156746 -10.825314968240292
5.787086531448776 17.67714501210429 0.3270430161385095 -0.035282612808194 -2.7062356448705285 -1.0272600197100428 0.12488994749276888 -2.694073631081894 -9.284398402814732
5.787086531448776 17.67714501210429 0.3270430161385095 -0.035282612808194 -2.7062356448705285 -1.0272600197100428 0.12488994749276888 -2.694073631081894 -9.284398402814732
6.5843265921446354 29.282397688810345 0.6616497066278323 0.56712078658351 -2.775620665772827 -1.4929663418554027 0.12998279146199926 -2.6923512775018983 -8.647368038365565
5.659637380104282 34.84518853253378 0.5921666018068067 0.6586361667893259 -2.166668266977969 -1.7920865807794177 0.24897903872132227 -2.6878745879002803 -9.056698455703156
6.772071421146393 15.672111511230469 0.47144092989082204 0.4134387969970703 -2.844809412956238 -1.4131892025470734 0.47977508811950687 -2.66969174803018 -10.513268120052167
6.772071421146393 15.672111511230469 0.47144092989082204 0.4134387969970703 -2.844809412956238 -1.4131892025470734 0.47977508811950687 -2.66969174803018 -10.513268120052167
7.09868792759102 22.32511119047966 0.3461114652139946 -0.842599544836621 -2.743832742160224 -0.836536517976008 0.400830251545907 -2.6606852114078654 -10.188594038568125
9.459275419165792 27.298901390060376 0.3551142321368669 0.08711527906391758 -1.346330585972867 -0.6212331299126426 0.49270037767241764 -2.6391000331066836 -10.930701318882598
4.059483463424706 37.090924023622605 0.6771354259696505 0.6376197406551007 -2.9050983734128795 -2.5352115326662856 0.16956188405558206 -2.632799817972064 -8.721514771519045
4.059483463424706 37.090924023622605 0.6771354259696505 0.6376197406551007 -2.9050983734128795 -2.5352115326662856 0.16956188405558206 -2.632799817972064 -8.721514771519045
6.80782687664032 16.454280614852905 0.4860770150770695 0.45240914821624756 -1.3045345544815063 -2.5067326724529266 0.27179359703063966 -2.627690462052329 -9.30782342576825
6.80782687664032 16.454280614852905 0.4860770150770695 0.45240914821624756 -1.3045345544815063 -2.5067326724529266 0.27179359703063966 -2.627690462052329 -9.30782342576825
5.599914225117198 33.19791500450539 0.19585442527001026 0.6131825510196953 -2.0870761227461534 -0.6753475447340915 0.15800299265188664 -2.613091994798334 -9.862504164746381
5.599914225117198 33.19791500450539 0.19585442527001026 0.6131825510196953 -2.0870761227461534 -0.6753475447340915 0.15800299265188664 -2.613091994798334 -9.862504164746381
7.622018933296204 22.949339151382446 0.4875907979736294 0.7436832785606384 -1.2835474014282227 -2.8020194470882416 0.47642575364112855 -2.6091171487863423 -10.446685493151056
7.622018933296204 22.949339151382446 0.4875907979736294 0.7436832785606384 -1.2835474014282227 -2.8020194470882416 0.47642575364112855 -2.6091171487863423 -10.446685493151056
4.332038619150007 27.708482127808878 0.42924701422474026 0.8462739793180778 -1.6492969259448593 -2.5454111650601075 0.3565832323735396 -2.598754675422242 -9.75473631875955
7.108071890245401 19.9578565515233 0.38786887119879293 0.5615172143621963 -2.200018979301421 -1.5984830942323052 0.22002190431154164 -2.596725473584952 -9.360127542164607
7.108071890245401 19.9578565515233 0.38786887119879293 0.5615172143621963 -2.200018979301421 -1.5984830942323052 0.22002190431154164 -2.596725473584952 -9.360127542164607
6.968975652379212 26.67814635069079 0.6730370631198065 0.6328318063323297 -1.625867959792852 -2.05883550945358 0.3884060278787326 -2.5926294409155854 -9.510265905582415
6.17645826956957 41.40603835132566 0.5636491527005004 0.45248196757097014 -1.1071801541785 -2.3712207052570657 0.38202078931211936 -2.5918765845072764 -9.630371408826422
8.650997172073636 42.55118972505836 0.19485749492895924 -0.12578920039987307 -2.74166253352082 -0.9815358385814896 0.24498562321879527 -2.584362648774306 -10.103140132420473
4.226463556289673 36.3795405626297 0.19446315587537744 -0.6359915733337402 -2.8630956411361694 -0.6327651739120483 0.38817821073532105 -2.5797210651008964 -10.680226428942602
7.861133954812988 23.958398065481962 0.7449306564612957 0.6666312127653669 -1.6688187911303756 -2.722154813485958 0.17405490143573393 -2.5687558868443032 -8.653949704961994
4.883569444638233 30.527790949814815 0.5946627896084875 0.7243798161208561 -2.3638272068262935 -1.88438048665586 0.48675444698814335 -2.5675676805981613 -10.381735178327922
4.883569444638233 30.527790949814815 0.5946627896084875 0.7243798161208561 -2.3638272068262935 -1.88438048665586 0.48675444698814335 -2.5675676805981613 -10.381735178327922
7.095080906402481 33.38488180920909 0.2355572199410449 0.7756382124177832 -1.3447871633438402 -2.8885004039816407 0.5620698305489156 -2.5592714660276545 -13.372541424851926
7.095080906402481 33.38488180920909 0.2355572199410449 0.7756382124177832 -1.3447871633438402 -2.8885004039816407 0.5620698305489156 -2.5592714660276545 -13.372541424851926
5.460388445070047 41.43936910666518 0.4608411603290468 0.5196409783028639 -1.3475766829311886 -2.948503410111231 0.5052245469727106 -2.5591090057260035 -10.8555873758087
8.240990426737188 27.55956023252682 0.3549125071411375 0.5273812553392068 -1.5527220060133802 -2.2719149408354373 0.4424445212232723 -2.5578723028755594 -10.442318388476181
8.240990426737188 27.55956023252682 0.3549125071411375 0.5273812553392068 -1.5527220060133802 -2.2719149408354373 0.4424445212232723 -2.5578723028755594 -10.442318388476181
7.8675154222889345 29.509345648735003 0.4948968044357403 -0.2877841724193153 -2.308712067850788 -0.7277773872581741 0.12996309263151964 -2.5476010808325364 -8.904810814583737
8.16702663898468 15.239130556583405 0.4349223194741675 0.711125373840332 -2.2359014749526978 -2.93953213095665 0.17479571735858918 -2.5439500963892447 -9.131401689924594
7.5153649904137465 18.93043528938061 0.52538834645041 0.45592268459719243 -1.3458946181239035 -2.6301347205575643 0.2741374979284082 -2.5425993428871614 -9.244623622963058
8.303900359627999 21.542375901670106 0.19051123583610435 -0.8670106737388399 -2.9903263730160714 -0.823350907726244 0.21721304066892497 -2.53403090737177 -10.043999888550303
8.303900359627999 21.542375901670106 0.19051123583610435 -0.8670106737388399 -2.9903263730160714 -0.823350907726244 0.21721304066892497 -2.53403090737177 -10.043999888550303
3.673085653776054 30.631804591722926 0.549863205515628 0.6049177871399629 -2.1291632401986034 -2.459697692961322 0.29134727646874414 -2.5276920125462796 -9.262996554521553
4.7559808547081825 29.187101396931038 0.24638904166898906 -0.39620823694948637 -2.638551081911537 -0.5056361739348727 0.3090126881397656 -2.526657149245977 -10.089900041242528
4.7559808547081825 29.187101396931038 0.24638904166898906 -0.39620823694948637 -2.638551081911537 -0.5056361739348727 0.3090126881397656 -2.526657149245977 -10.089900041242528
8.430475173966286 37.30554185273861 0.42711076780303214 0.4283787047128218 -1.8520850260943558 -1.2598723852377658 0.296193831319694 -2.5265727620667784 -9.51269895710611
6.836473904210125 31.388408111823445 0.7523781727251344 -0.03244906387481228 -2.097503062375772 -0.5671347325244125 0.1508159527217386 -2.5255201903520237 -8.589233220282448
6.369188864391397 36.07596732962928 0.6426101815006784 0.6417242689369043 -1.5103537182911364 -2.090648133531388 0.5169236577941978 -2.5217866147428634 -10.748601623126783
6.369188864391397 36.07596732962928 0.6426101815006784 0.6417242689369043 -1.5103537182911364 -2.090648133531388 0.5169236577941978 -2.5217866147428634 -10.748601623126783
5.560676695043129 15.600838716984198 0.7512195457859372 0.5189468553701966 -1.8252000503423715 -2.6394670472866926 0.3470747002972208 -2.511356594693977 -9.21694646740635
6.877994518838182 33.398359164133645 0.5429397257789592 0.5313411467708784 -1.6740857530045583 -2.419871403560361 0.07227347059381481 -2.509971097056643 -8.69806209275185
8.9312033053335 32.38387324894878 0.490319277174841 0.37253183066502515 -2.2469488701323495 -1.12384410762935 0.2451574967476835 -2.506237403902034 -9.214935600160677
7.963814615374686 37.22571890822844 0.3479313118929203 0.30017465367212903 -1.2889826786040333 -0.7902775406329412 0.11055815869117805 -2.4975776960478777 -9.19332943590058
2.3029571604324444 47.16622210379589 0.671409772893123 0.7273831423293329 -2.6246487500514992 -2.3424639562939866 0.23017493216851112 -2.497134475036738 -8.8917449337676
4.479545533657074 39.982155561447144 0.4976997968728064 0.7835586071014404 -2.9741098880767822 -2.4106030464172363 0.12161738162040711 -2.495669646328853 -8.880947154147256
4.479545533657074 39.982155561447144 0.4976997968728064 0.7835586071014404 -2.9741098880767822 -2.4106030464172363 0.12161738162040711 -2.495669646328853 -8.880947154147256
4.564336639104665 49.44408356964466 0.7357558146827653 0.6119316854907448 -1.8545081927822886 -2.2238228106349185 0.36086556044566664 -2.49465041657326 -9.296921956888925
7.801823639293501 45.7664020202383 0.371419085588366 0.5914925741514923 -1.82384003380891 -1.2449999820048894 0.246656078767763 -2.4846447398872904 -9.479955029685526
4.069446466932608 24.885790819049653 0.5517938398213481 0.6865631373736498 -1.207118865877053 -2.6799180221069756 0.5451414314550209 -2.482655102028665 -11.593027819705007
5.7070160364183655 47.7586752174507 0.6480426586743476 0.4768128466189623 -1.9532211124955268 -1.4378280181784504 0.3733533955830557 -2.482494230269457 -9.463803421625702
5.7070160364183655 47.7586752174507 0.6480426586743476 0.4768128466189623 -1.9532211124955268 -1.4378280181784504 0.3733533955830557 -2.482494230269457 -9.463803421625702
9.315507116591961 27.0852563946154 0.642874751318967 0.37237409433509416 -1.633047700696412 -1.0514332950169252 0.3674809362119253 -2.4761850900430042 -9.44158987818276
6.047113239765167 32.192562222480774 0.41093287655281463 -0.6730979681015015 -2.5059887170791626 -0.6009863615036011 0.208542147231102 -2.4754865480035813 -9.273410220082106
5.140943368003766 33.75529766756709 0.46232637571258295 0.4874031267822314 -2.4394753611570676 -1.1419551830866523 0.16961408590270072 -2.4668878292264576 -9.06150426068595
8.950939003672195 26.04842423760313 0.48196698352614936 0.37031514601376614 -1.067316759632363 -1.1642741501991303 0.19024619405965848 -2.4613703732608587 -9.075619799438224
7.537835820117719 45.85587042096395 0.670619303091269 0.5852031916332789 -1.7859716741146805 -2.913316951638514 0.019267110878284126 -2.457626299448723 -8.412610939848136
8.793719411738994 27.212618120847246 0.24376107636552943 0.37871853107702513 -2.2509550710870103 -0.78320037751564 0.5445798266703799 -2.4535467920634257 -12.348271900979299
7.363640547961066 34.529667040625455 0.5551328251672448 0.6085967521996474 -2.6143525450327387 -1.26507063492839 0.45655048544912086 -2.4465774802570195 -10.14069972140903
7.892062603033666 42.15536215251022 0.6710827499516463 0.3422388039341602 -1.2732807034464986 -0.8947407830593179 0.5556780155171156 -2.4428096315176013 -11.910900977752032
9.230559215718692 32.73427269712639 0.24823159891983795 0.10948560636616644 -1.6146684188973137 -0.5448526433397873 0.5642704737574303 -2.437976379013776 -13.560725107053418
3.8508393704313155 23.179458042888967 0.5733997786473338 0.6202693279431677 -1.7576523645913757 -2.5846883141566233 0.1376228746680071 -2.4286479266701426 -8.789293524184819
3.8508393704313155 23.179458042888967 0.5733997786473338 0.6202693279431677 -1.7576523645913757 -2.5846883141566233 0.1376228746680071 -2.4286479266701426 -8.789293524184819
7.353131584477355 26.536490695796715 0.6513573109974793 0.7503388600365937 -1.09124912432688 -2.9373827603879428 0.48689420215503615 -2.425803128744078 -10.304395288118345
5.10950094461441 30.864790678024292 0.5523624271308402 0.777775228023529 -2.8020983934402466 -0.8330299258232117 0.4889847514629364 -2.4174793056124355 -10.47364152543514
5.10950094461441 30.864790678024292 0.5523624271308402 0.777775228023529 -2.8020983934402466 -0.8330299258232117 0.4889847514629364 -2.4174793056124355 -10.47364152543514
8.23869901895523 34.27480697631836 0.7066565142249936 -0.20886516571044922 -2.3026269674301147 -0.7255438268184662 0.1728356896877289 -2.4104369477274563 -8.6940377244856
6.8927495656695 31.409597853859633 0.17010224613007816 -0.7113556911355317 -2.6544827084921363 -0.76375650968453 0.06264512587337495 -2.4091048397266417 -9.794796382156944
6.8927495656695 31.409597853859633 0.17010224613007816 -0.7113556911355317 -2.6544827084921363 -0.76375650968453 0.06264512587337495 -2.4091048397266417 -9.794796382156944
6.7404244734871686 28.92217601943168 0.43388467752094245 0.7161921158643882 -2.048657238655004 -1.1367995299405849 0.5301243915175056 -2.404802985493591 -11.374885131567158
7.472882572664963 48.42545399120738 0.5430138941020201 0.37923167862426244 -1.1325050464576891 -0.7681458371612404 0.13575098141595443 -2.4000456123238405 -8.833670606343263
9.373425803673081 19.86898355880988 0.30446436989187026 0.27155140509933107 -1.2652143955372177 -0.7537050475206049 0.47191764251553553 -2.395406616382362 -10.847260482874347
4.0433518119071135 36.84653639945148 0.5884156778110833 0.5502950937819864 -1.937540222346493 -2.126131511919721 0.20423504032247267 -2.3842139344501394 -8.932720722521973
6.8265363574028015 31.94057047367096 0.6926591968355864 -0.22587734460830688 -2.274705648422241 -0.5989624857902527 0.5388900740146637 -2.3836922127378983 -11.189201160511184
7.352380396273874 40.221879294440846 0.6999381886899707 -0.2641221792391488 -2.720968167065798 -0.6766508089186387 0.473212350915197 -2.3812487265240048 -10.09532213087449
6.560800974537478 41.409826191390906 0.5943641765330988 0.4278191314654167 -1.5922947482742127 -0.8361913005162096 0.5620315101067089 -2.3812320110613108 -12.493622754167895
9.118048126678136 15.350541504370641 0.3239163416860997 0.5426575963153066 -1.5388948707151267 -2.7597882726613108 0.4772744705814464 -2.367083082979386 -10.842164811363117
4.672411148422567 45.86079615953829 0.3520765627663913 0.5737527351380503 -1.3599790444771749 -2.7575792526277834 0.5225771208569062 -2.3667763727085243 -11.408721669812621
6.290080290667297 45.23225375518403 0.7206243708625272 -0.3842369210019738 -2.473051947842285 -0.6846710884743423 0.5652317091036095 -2.357263768824112 -12.698613156652572
5.389912400513104 34.835791896468564 0.5442269589685831 0.4707905193029158 -2.5019588642371904 -1.0951160682437213 0.1277515678468965 -2.3479110586023277 -8.813509203144415
6.698883593082428 20.65782517194748 0.48419012265402145 0.697451651096344 -1.7972652912139893 -2.5498906075954437 0.009842239594459535 -2.342106422333523 -8.684710793968641
5.485619948440546 28.28741508193448 0.6191066643641949 0.7602654998875424 -2.7346746959059924 -2.6644120259682147 0.5489252394276775 -2.3420208615071534 -11.640814349969821
5.485619948440546 28.28741508193448 0.6191066643641949 0.7602654998875424 -2.7346746959059924 -2.6644120259682147 0.5489252394276775 -2.3420208615071534 -11.640814349969821
4.289262297109726 17.70436708216224 0.4480067625455811 0.6017161125154877 -1.7478737668587292 -2.556575331037457 0.4595747821884233 -2.3414336051608546 -10.363329106939485
8.32447874546051 16.46691858768463 0.6988433616919688 0.6213884949684143 -1.6758673191070557 -2.8217102885246277 0.5164527741909027 -2.339747060656612 -10.669228215129143
5.81868326554294 32.95128810518827 0.5500960616500022 0.5481055062271531 -1.827546177588853 -2.6239595128276116 0.1023013975243295 -2.338013622033171 -8.748216553911718
4.339195694924712 46.4562116960505 0.7648577706760896 0.5552972606324431 -1.7830867867612314 -2.2926665573829585 0.45963777321741056 -2.3365216637442434 -9.894804031607235
8.564027538541856 33.85507804279897 0.603681449800925 0.3677765666845536 -1.6650132852783845 -0.8333841221477418 0.11617868093978859 -2.3311335411340837 -8.695768173135466
7.263090217985615 37.04989306746259 0.5337760677254033 0.6633204735615683 -2.228745017523402 -0.8067815400386444 0.34238193783647797 -2.329333847037549 -9.49011016817888
2.5631993413368974 44.145126410282316 0.5494469242121707 0.7167678943537261 -1.787580466510296 -2.1347811740138694 0.20187389551760815 -2.328379282894425 -8.987294432747763
4.641266835883428 37.39523178664051 0.5831535232761892 0.8400193482040459 -2.395822778341441 -2.558826866730517 0.37897723020873436 -2.3279422695087284 -9.58430486063078
8.415629131499887 30.60933053506509 0.47343772529737527 0.48428340849155216 -2.503248661489719 -1.2229117678632946 0.05643156978420221 -2.321139334908718 -8.791873335130937
4.128317029810509 31.01350838358506 0.7285615004414536 0.7733240720139554 -1.635290995652592 -2.3132407204330034 0.13257367858529814 -2.316018735222682 -8.572934172532756
8.514922651276112 23.99192302372376 0.6894844672468906 0.5183532296789615 -1.367286923785454 -1.5062176143878143 0.229563877802668 -2.31002862562175 -8.867628508986593
5.824965058738451 21.93058088080285 0.5130697697988438 0.535108010200263 -1.7746756364536806 -2.2007741917448227 0.14797703426590925 -2.307443480168809 -8.913421548374188
9.700500096157377 19.459423013373996 0.3391459853327573 0.4408245104583255 -2.37127366743231 -1.16465899422525 0.4138355115628488 -2.303786772814847 -10.28695094681932
5.7901914730151365 27.966259875300608 0.18914816502107742 0.5400176081975636 -1.3416767449694469 -2.8377168016053407 0.48951427917797835 -2.301671537597368 -11.506275449292414
8.977223175578715 28.34802385481312 0.723480108330611 0.332434667907314 -1.0508190227406458 -0.5445261129336156 0.17511101488439057 -2.301561905411286 -8.680373913906978
5.022043625894551 21.755377945673764 0.7244983876861824 0.5726384118493932 -1.8540941125769148 -2.7937738847784557 0.5004173113531754 -2.3014354708552087 -10.387460493718237
7.354404903490533 29.64330226164304 0.7152513762543966 0.5824086707697522 -1.2139412064402797 -2.0564019143005297 0.28462985419979114 -2.299805929549029 -9.012270022416525
6.608113366468482 44.22124076236817 0.668740053790281 0.17258361203463046 -2.3248363158464143 -0.7347583672637712 0.550676934224036 -2.2779558643161595 -11.652208175047146
8.690430071223158 20.084123946153706 0.35389627895322634 0.5855641643798872 -1.7715070939448663 -0.8357673286351623 0.45880219414623713 -2.2777458671829973 -10.579592475995735
6.45223849242196 29.85242119124016 0.7071242137643673 -0.01886198255753757 -2.2924064410074814 -0.5159878391873476 0.16737932660271965 -2.277105636474273 -8.679926772183979
8.232038564923933 17.932420010038868 0.6709380531841227 0.5381157151809495 -1.366500964715315 -2.3993900252038385 0.5164053271885125 -2.2754157811738924 -10.702550970366877
3.3401014273422382 29.336642383976816 0.6444268159017539 0.7089390115561378 -2.339359692931746 -2.6591178830951874 0.5021831327417318 -2.274757145754984 -10.510547636634204
6.481391798991077 15.034161238571993 0.4052688783279382 0.7363545626585486 -1.879509699422303 -2.6077747384263357 0.08939879884307528 -2.2738593129911058 -9.00325430889154
4.493528425693512 26.089403927326202 0.5113839393405806 0.7004129886627197 -1.1092675924301147 -2.649926573038101 0.40709620170593264 -2.2732471904630867 -9.85936526002813
8.088668922035154 34.15893911665658 0.6977617984788302 0.0983406335506194 -2.071832461662297 -0.5711989353712408 0.4263334942031611 -2.271859272807595 -9.710863538048375
9.269821717999212 37.715660848489776 0.6520466915814866 0.19093549695052126 -2.3480653426641083 -0.5511532475538119 0.4666756790040774 -2.2707043300656258 -10.09124087237762
4.8855663678471695 23.322982581957216 0.5681264855697259 0.5830724742395432 -2.066953475190158 -1.2621372229270071 0.29730687586615867 -2.26821430657734 -9.25523072708826
4.187892847229609 38.43211678758627 0.5936182988054656 0.8095013538421476 -1.566112739846571 -2.9524550314464046 0.4787110243550058 -2.2647360077278775 -10.293518045485229
9.685685750943922 35.98939300140211 0.5089282459005103 0.33491707150439654 -1.471821081625016 -0.8782255314370042 0.09860364959046218 -2.260492670997667 -8.810761249451089
8.180945931460123 19.918334384189922 0.5758813321365892 0.42590340509835833 -1.3502716315776486 -1.2989041200951763 0.38032517091394896 -2.2597597906944653 -9.602409724220173
7.011621481048185 39.58617640580691 0.10384889884866538 0.5551644443756114 -1.9681736054202519 -1.5250200630369535 0.5454401811137828 -2.2590883103568644 -13.224812499056128
7.23232844941217 25.026134467116947 0.4961492153499618 0.6990640536381072 -1.6209513787191558 -2.7815812192758123 0.1819034662999797 -2.2564010247230946 -9.02737247367502
8.156709283383663 16.39806259724812 0.5089175340952689 0.5549645371067156 -1.98108293100494 -0.7315783995328937 0.34848393980101317 -2.256060599573786 -9.560286786627339
9.00356833521454 26.758831429883536 0.722702680988131 -0.09330334426414377 -2.394580336338362 -0.7599117005963203 0.11577573373817207 -2.2549979974405545 -8.542057859215207
7.128302278646518 19.64773727643051 0.36122553343516783 0.5601833865361514 -1.6962334591371993 -2.414932205488689 0.1073757049221294 -2.250454750497833 -9.150549468835612
3.2283038071948993 46.96070400898208 0.6529044062763136 0.5971574818644814 -1.2618785213470674 -1.8751812846934612 0.2768993612153093 -2.245273692512643 -9.06228234472431
4.841626748692602 42.90032013701584 0.4918963092685427 0.6961173136312144 -1.5597173382624225 -1.980217616347596 0.3207981479621549 -2.2419586078845386 -9.47484044777751
3.9746600284032256 24.04533957423457 0.42283606462719375 0.6497322395459877 -2.185650638341624 -2.194353895409405 0.17999106713815405 -2.239114254140846 -9.17098791509353
3.29428193352286 32.52979343339773 0.6184058439863788 0.7422333699795125 -2.520567590562205 -2.214335227723749 0.3490910205533107 -2.236166997197636 -9.389168057975386
6.700646232041216 41.980000810285134 0.24345764742480264 0.6935897951431147 -1.5652615542517267 -2.8490271251729293 0.3997166545903252 -2.046657981189008 -10.523794591972115
6.110593616962433 16.61055088043213 0.09393503488103559 0.6987535953521729 -1.5534629821777344 -2.790377616882324 0.43576530389785767 -1.8885675512830526 -11.701855662127848
5.745092260911304 16.409977708272155 0.40062378756686756 0.57263138841419 -1.6273431117382937 -2.209912116082129 0.544811579143334 -1.965231149055487 -11.876774474273779
7.640179472657766 28.359176913864637 0.591232521358271 0.5547601763102543 -1.2253431682466245 -2.762110860259795 0.13518847064169173 -1.9991491839603834 -8.756626048980163
7.640179472657766 28.359176913864637 0.591232521358271 0.5547601763102543 -1.2253431682466245 -2.762110860259795 0.13518847064169173 -1.9991491839603834 -8.756626048980163
5.576943840451021 29.852519294258528 0.44960304344799495 0.6745981516376953 -1.9930236766687093 -2.5461352431475497 0.5430774264915936 -2.097909007694044 -11.70749667215697
7.494693398475647 23.49185198545456 0.6703248971565199 0.5978179574012756 -1.0812523365020752 -2.620564579963684 0.4326878874778748 -1.920566187867773 -9.788996497215512
5.956948449978592 21.53412498662229 0.6105973012963418 0.6315475705542202 -1.4220985105892539 -2.705808959800991 0.564523166281187 -1.8405411394473339 -12.744864479030113
8.462926864607603 24.377217825090753 0.7547835659398825 0.5407239394033141 -1.0573486444815683 -2.6758413747396195 0.5338030910857676 -2.065094675490754 -10.977516637561282
6.905671522941678 27.487540645814118 0.5514385327298215 0.58184368981988 -1.4324864970540163 -2.939709759854106 0.5264879121502313 -1.9365950497415585 -11.07224472339652
7.737101812068857 20.63811825148183 0.4405456469024058 0.6660221815757401 -1.5366554222150632 -2.756333960054434 0.28645373184768075 -2.2253012321580385 -9.449039574164983
7.872300646688497 18.48091069611603 0.7066728801458387 0.5447873920790776 -1.1882513312501801 -2.7984827445078695 0.539968143450368 -1.9892056941613152 -11.205252117603596
5.8066293129193145 15.429523817644315 0.6770030042652422 0.6441585591761769 -1.6334297645437432 -2.5589734733201177 0.4125109492959481 -1.8660626421055109 -9.645734153125185
7.343483893166597 33.15842566611255 0.5475091220512506 0.6773281679334104 -1.436759556809399 -2.9264405584800914 0.5412600957486465 -2.0707905516327356 -11.466899702217574
5.844934685955952 31.810437108568163 0.5181179569505642 0.590613195745413 -1.8536501074102536 -1.7482675632482292 0.43558321045204434 -2.080958889092103 -10.036601626963757
4.635268864596619 27.339529726534863 0.6114027537659545 0.6411999040144725 -1.6787423867638915 -2.0066981607225833 0.4530540487090484 -1.8490326019645185 -10.025614085008224
7.864388299498529 24.910759187630525 0.515471031807298 0.5670904415219247 -1.1664163068644986 -2.325731646930212 0.3755121248262923 -2.084515956196138 -9.677267472050085
6.8269293489761464 41.093842851670516 0.5618810403180561 0.6075815145881971 -1.0566211881043783 -2.4178304228686205 0.30048147112187273 -1.971317889398537 -9.276689776829063
5.046615505002267 29.318283074040743 0.6958335704974283 0.5356570724080232 -1.6208377971008168 -2.0176521431379717 0.3769171766020292 -2.024561415231679 -9.42175726940941
5.309992684529565 33.999355725780674 0.6025226960447013 0.6315992574249654 -1.7022651509166895 -2.262831787400444 0.29425770539581286 -2.012518679359116 -9.192295902529791
8.93437073921543 31.102031194872676 0.7228512642706064 0.580200433350889 -1.0432226833249485 -2.9283867073902163 0.3615976627953163 -2.085272869223061 -9.314829370444905
5.0170909864981095 25.51167463143871 0.7798802757887391 0.6498656486227263 -1.7516854790232512 -2.354713469342398 0.38108359831497024 -1.9393064364799821 -9.350737083106138
4.896796940640009 46.57803266261213 0.6491232950084549 0.6394110269925002 -1.202829067515294 -2.8621970407441317 0.2022177746853736 -2.053300899792304 -8.841921329955314
3.5757520756783445 42.24937984689018 0.6588704453590092 0.7653455115046661 -1.8271190158863149 -2.282828049083932 0.5123288218799429 -2.071703334495777 -10.647670346873193
5.818478790230389 33.420614322399075 0.5517287018650454 0.615916577028595 -1.2497905209563331 -2.5267853088430376 0.18955022421561632 -1.8393336998092351 -8.950858875473045
4.782842557024717 30.004195493302078 0.7537250756880697 0.6212098728580946 -2.2068926299625202 -1.5944306161401827 0.40136978930255757 -2.017757694681668 -9.48997518268775
4.726131543887879 46.256556206497464 0.6081677161202707 0.7763867939139661 -1.7732610280748344 -2.745488846881562 0.4165921230517364 -2.0040092604442554 -9.763647585213674
5.076342924758958 45.80466348463842 0.527636185818512 0.6527857748737835 -1.1603709340620707 -2.4420465963318647 0.42184548140623185 -1.8742694985192339 -9.924405019108361
2.8897103906312105 44.03312140699859 0.39358998372332343 0.6475596157225407 -2.034008555960036 -2.087510898262601 0.3452664206955568 -2.2109397079590516 -9.785404413998409
4.6177532007344055 42.95061290938194 0.7074232334304864 0.6749961339864976 -1.4495066399030754 -2.7512351600013467 0.32700427635826756 -1.9016940000667666 -9.180642964643344
5.460757689618122 44.0277216281243 0.5120957008446675 0.6984490253980411 -1.2347722453317422 -2.690635593422354 0.42205715544845546 -1.931820486627492 -9.952964646417538
4.2111830397106695 39.45617280169223 0.5170701334348473 0.7202821341281158 -2.5633359929829007 -2.5762101027373125 0.5585841321641332 -2.1546743420035157 -12.33126689711719
3.771656443671956 34.046154403823834 0.6654687157743372 0.6414797241662877 -2.1495252824356337 -1.9088459466538699 0.488037521204614 -2.1053226669496867 -10.299613887531638
4.543510562937703 37.20899062294857 0.7340633205762886 0.5441595566531454 -1.6899321307602408 -1.9297153964598945 0.5198197694485945 -2.007342840840492 -10.690842219951671
3.4792663616596458 42.01345015250578 0.6895996655264358 0.6782190825908896 -1.7963560144364996 -1.4988356343882685 0.3720320572892727 -2.204262373793597 -9.404585966544598
5.372579407069891 43.20371697362509 0.25002883286861327 0.6625426915936861 -1.1109246723784147 -2.5080275906487137 0.23715807433585703 -1.9036242287430147 -9.834311122784355
5.372579407069891 43.20371697362509 0.25002883286861327 0.6625426915936861 -1.1109246723784147 -2.5080275906487137 0.23715807433585703 -1.9036242287430147 -9.834311122784355
5.631855657791662 18.43970784074374 0.6630168601731854 0.5449623391242975 -1.5189022433410255 -2.2174836307709986 0.3382363350651268 -2.0158349922547796 -9.281847994401215
8.085196070733808 26.950383056895937 0.48631652577649526 0.5087648939957741 -1.247861953299887 -2.5374939561684817 0.05217846608816456 -2.2133541150470726 -8.758917277219012
5.686561475071228 24.21911040945082 0.20345109839158365 0.7488620871116107 -1.789028035792368 -2.9603581324120287 0.2478672458420589 -1.9086180218430164 -10.069395062148743
5.303950781971336 15.34980580996013 0.5825987117534491 0.6437141467317602 -1.8246220047351362 -2.39476064323442 0.03548115202124717 -1.9000452407775088 -8.564177741727121
5.303950781971336 15.34980580996013 0.5825987117534491 0.6437141467317602 -1.8246220047351362 -2.39476064323442 0.03548115202124717 -1.9000452407775088 -8.564177741727121
6.074060427712503 25.27913702718109 0.4331148364506389 0.6510095151758724 -1.4466350947316893 -2.2560421130055954 0.14614477265635548 -2.002796192733511 -9.065720341300215
5.417780263233015 21.877911328996504 0.3472276277451226 0.5696304828588765 -1.472338183968865 -2.7169555426191505 0.120053908742606 -2.166994928964231 -9.216046693123914
7.117485810241105 19.210520086014494 0.0447761283710932 0.5369469850940183 -1.728536583626155 -2.68289498441942 0.25454653499764834 -2.2053189172710432 -11.597367484659236
5.659414745249757 17.42907220066036 0.6947636046667641 0.7046652606043642 -1.7117047756492831 -2.02278848289556 0.16105599488202538 -2.0284660807953596 -8.67908242274967
5.384973782937071 20.14762882164535 0.2317123358837207 0.605017219132276 -1.4178731805550808 -2.3162381628015085 0.07944417950724332 -1.883563728457876 -9.523347212234373
5.11729284614378 33.815639912052276 0.7369108747629325 0.5700195142179458 -1.5098677089501344 -2.3508108771256597 0.20194628143750654 -1.9663636265349345 -8.735306901189173
4.929859432638644 40.58618420713192 0.6482648253764549 0.5010109053637013 -1.566964886006055 -1.511359402897287 0.04037775387340727 -2.0511547894851825 -8.480363738810214
4.824286639690399 21.61528617143631 0.7352703652703881 0.629010796546936 -1.962562084197998 -2.183441549539566 0.16738951556682588 -2.091039611353704 -8.647933292934464
3.899746358394623 44.42615121603012 0.6029303084132593 0.5699158310890198 -1.7794687747955322 -2.194158762693405 0.2311019978284836 -2.139925499843226 -8.987080400681101
4.039446619707073 44.883586837621195 0.6753045522377561 0.7246289690853027 -2.095184159992214 -2.84385784993027 0.2512849465196782 -1.8990388411189847 -8.950531741861589
5.618770962290727 44.56967582678604 0.6528049288402907 0.7154243463941734 -1.6623528351533998 -2.682802228970327 0.05349631645797286 -2.118530606849504 -8.499365141887935
3.1952294058266175 40.44440717749269 0.6598830528225101 0.6617331887443076 -1.9300501379153214 -1.8298402918943897 0.08340578663525156 -1.8835802801490686 -8.549543441552752
4.269984667507262 49.15421541581955 0.6530941070485987 0.6260232128006429 -2.020979114671126 -2.6987776786683924 0.05235354211897295 -2.1370630491793516 -8.496787201818938
4.533994411607412 46.180091467050104 0.7750884478422301 0.6159749541060204 -1.6972379035731524 -2.048819454586752 0.13859098170660483 -2.1707713003130986 -8.536929603303868
3.427057447483106 44.68267060652965 0.7116922225555393 0.7905857394309557 -2.5416470325439393 -2.704072361876833 0.05947815638012048 -1.89519441321702 -8.438420462124466
5.313779280769571 36.98545192880262 0.511215354814661 0.63580992565032 -1.7454878867788985 -2.293936996313805 0.11680697792767841 -2.0474318757338446 -8.845850798929279
4.2290066142601255 38.78141361206809 0.2241741000358117 0.7267726019961165 -2.0406487658102863 -2.294469875364204 0.12514541689099803 -1.912660822951483 -9.653137729875795
3.4550656524953447 41.24244732678409 0.6590132093051582 0.6439552997998739 -2.2575422464867696 -1.5880469593663789 0.2243250004656123 -2.0775788888239735 -8.890598183827908
6.0125511182906015 26.640710716384874 0.6827479336300736 0.49648284213044214 -1.16239551740296 -1.7128639767611162 0.13708984179012637 -1.9842301631166577 -8.637049405116548
6.0125511182906015 26.640710716384874 0.6827479336300736 0.49648284213044214 -1.16239551740296 -1.7128639767611162 0.13708984179012637 -1.9842301631166577 -8.637049405116548
4.20359590971475 38.37961640789095 0.7071840527582288 0.6259310989924844 -1.9195899612923868 -1.842025609573116 0.12867177514018766 -1.9414365380347602 -8.588582594055044
4.226426038578329 41.53786230182675 0.7482680362692414 0.5347342771674217 -1.5225757414410848 -1.830322217118081 0.032284096228053116 -1.985289353606897 -8.345877709226837
4.869173414836008 42.86358738426493 0.31592095211679105 0.6324042415309412 -1.8110218198820052 -2.7705008484831435 0.06718179570778049 -1.9711987060410363 -9.196506515793082
4.911709835364286 35.27264322916186 0.5083726632869432 0.658475534288236 -2.071550144290425 -2.995702295661141 0.28541653661758526 -2.0007868425096467 -9.313110646225951
5.357887946419641 18.615641341789193 0.3463485019711124 0.7637161060940856 -2.7647251398690114 -2.889891873298745 0.2944953365166005 -1.869312072681748 -9.705648756521251
5.261201888631268 18.076063158044615 0.46432667291516594 0.6880275519713557 -2.19001098454068 -2.9056241751361016 0.35028862967867685 -1.8941595569460166 -9.652726712282524
5.155486968296279 18.355960817556515 0.5356571210920216 0.6111499994153187 -2.005813824630825 -2.7344593196763913 0.36420141077679424 -2.097666916138002 -9.586599617185023
5.1690212198800305 20.53029482592427 0.17698221600139163 0.7649841567622069 -2.2785182289631734 -2.296865321099034 0.48901773933105214 -2.2182713710293127 -11.56604000968915
6.31489427861563 15.586411705440671 0.446504667183565 0.7562103069191819 -2.5098425965099644 -2.969720445226289 0.07781325088269167 -1.9738720318346594 -8.88857790900259
5.402031276190456 15.94644904135226 0.17170707764941778 0.8086553095277287 -2.8428056776760657 -2.6215940936739535 0.1863926422819919 -1.9954419465308306 -10.06357124155742
4.854833693656177 21.878296222665817 0.49092254302090044 0.8833997690140043 -2.532097914983367 -2.5571880152418602 0.06446076898128862 -2.2008988881615776 -8.774145961746191
3.629158193383193 25.266606693091088 0.49252106788319744 0.7140377324702323 -2.1211380596665315 -2.5374599272724936 0.11735819166702598 -2.020429832084829 -8.881133934669778
3.321982399643515 23.92084161708427 0.6806590712117756 0.8898287445829904 -2.2262575385675323 -2.7083820776053096 0.3923091374575265 -2.126311410305507 -9.522220806867322
4.738138826792284 25.838158040063554 0.6080140069756877 0.5682299465104101 -1.9810953490792487 -1.8941347211625355 0.35398979690298094 -2.2355973299769722 -9.426117135992616
4.22651221722909 17.848408623236022 0.6703057772293626 0.8547494056540321 -2.8846608693850384 -2.8989798588194162 0.31384389612948754 -1.8976392158404178 -9.173491874828098
4.107202203150179 21.76133796219441 0.07537427693951461 0.7416494165934076 -2.5046840346902486 -1.9587393289401585 0.11013664821150541 -2.1034415287008548 -10.702645178590082
3.903519002189306 19.044133137341362 0.7002821593610186 0.7842579639603349 -2.7955077973576365 -2.5046815667645554 0.08429221810474628 -1.980189449785582 -8.501391101137006
5.095173401531979 17.46824932981626 0.35764827035514596 0.5972679029272108 -1.9486097632467614 -2.7773185095647808 0.2989198959952186 -2.2014473355366286 -9.690930400643543
4.549304564240105 28.950659319428283 0.3502824152201969 0.764185568826993 -2.155274881472422 -2.3559316376903823 0.418878932997971 -2.0137137998315846 -10.288255327108356
3.532003124991878 25.75615113202996 0.387054483711834 0.8154592750263006 -2.776467202716908 -2.8837067834761285 0.539920434186319 -2.2331893995831313 -11.746216733843557
4.11826625367354 29.906884991044983 0.2515216169551829 0.6638081247397603 -2.9652334776304476 -1.6197347937000293 0.06933458343111615 -2.1345076027734455 -9.422615961146702
5.126089209482365 23.59169050753693 0.38529292644126817 0.6757321492490922 -2.724758920845742 -1.5577476513633612 0.35208272645694066 -1.984378607873324 -9.836091753718543
4.765909850345226 27.047250101354464 0.14746884268989544 0.7197767845211387 -2.913747490609309 -1.6818171918823013 0.42609978115627567 -2.080180348340965 -11.184648354921428
5.212308943271637 48.688919842243195 0.6573039757662437 0.6116159558296204 -2.3240238428115845 -0.7343696355819702 0.5112146497964859 -2.054552928759732 -10.631319088020792
6.249778389141279 39.47883262875969 0.7811486899281356 0.4424469875991224 -1.4270632390618798 -0.851816159440808 0.3225130601112017 -2.155212007923867 -9.082376254334847
6.873526814094638 39.117207872721224 0.7327361510418096 0.46989094011616306 -1.7174275864205701 -1.0987872043987144 0.546180998459565 -1.9411978360387585 -11.388170927085794
7.051582411569466 35.36669498091774 0.6272402866172444 0.5207317106048452 -2.3690777015759723 -0.6587997594277639 0.3140934927770047 -1.8504154613646793 -9.231276138904533
7.051582411569466 35.36669498091774 0.6272402866172444 0.5207317106048452 -2.3690777015759723 -0.6587997594277639 0.3140934927770047 -1.8504154613646793 -9.231276138904533
5.137916864273735 33.74929622001914 0.6437895918050823 0.004366159860745178 -2.7835176262493215 -0.8070406435330648 0.5417367581281443 -2.1355559047160084 -11.339920147564852
6.136116420620862 45.59711927433447 0.6818756627032093 -0.4551995795111645 -2.775578731533677 -0.5705881866552818 0.5413987274652903 -2.2087888207371495 -11.280153511188997
4.819612070121204 38.85708279402208 0.6677715040544145 0.576082007897361 -2.255877082495379 -1.1557894811543277 0.498236388233125 -2.0519116292176682 -10.425536102405353
5.137191356977565 37.61297838228681 0.5831060969791149 0.7004352054064933 -2.668121473422868 -1.004859297690474 0.5260253004389986 -2.196249049186578 -11.012501024518729
5.67135216881849 39.259731540408296 0.6404096589530177 0.4280642819041258 -2.721091989447219 -0.6789936448664355 0.5381773408208487 -2.1436821234175163 -11.234616549726175
6.300532257161603 43.10346988199643 0.42164954322716464 0.5720879365684826 -2.374597659343417 -0.8254762010720631 0.4943864318014511 -1.913065155641997 -10.789050672204903
6.482961250044166 36.90094234078977 0.3659831946639284 0.6040710548817523 -2.2985418661634216 -1.38750674702132 0.5632823657344351 -2.077081781587306 -13.069925627229608
6.8957995772361755 28.946247100830078 0.4766488401095196 0.5713599324226379 -2.011295437812805 -1.234938532114029 0.4875479528188706 -1.86967705427214 -10.590766437847563
5.388605038386569 15.077550919918805 0.5099288597434279 0.5664216005789773 -2.746697876907964 -1.3104709885713808 0.3566998074148796 -1.9619970134874922 -9.595858130759957
6.758698857594039 28.695272199736404 0.6571166908262803 0.4842455186336214 -2.686860486096149 -1.1723938166361978 0.5307449459249872 -2.0129875070181327 -11.016046874353593
8.038660523986788 31.424270815054207 0.49902101409526944 0.5618553257568006 -2.606458830672346 -1.0418491611873013 0.5224289801178176 -2.066675337614707 -11.078061216708534
5.297932611767865 34.052404564222 0.3940669305127913 0.5188336508943534 -2.998890035950443 -1.0302724734771513 0.26400747305937305 -2.0499963601482696 -9.478421520398639
5.495995528947331 37.40919891001228 0.23052814287934903 -0.12317890065134862 -2.9486024476299995 -0.7012354184453304 0.547531353628348 -1.8848970390435364 -12.515191104489327
8.0983667481276 25.917217226032104 0.36749462636138275 -0.2267865916337668 -2.44484831475901 -0.5429677243683608 0.23788159990138194 -2.1170467976611373 -9.46350927603217
6.799982943370044 34.968469417016294 0.4751042993137724 -0.18526727352771521 -2.4340673958303976 -0.6860871328941975 0.25712741783986415 -2.1939292715331438 -9.28123484545015
8.84520790729256 27.999511165140934 0.554233432968728 0.05366699354464366 -2.5675076191720865 -0.7396537132128698 0.0774709518844592 -2.0430416800003157 -8.690029012785097
8.591746859742088 29.6502296196821 0.6804543674097963 0.3295677207259855 -2.195880744233871 -0.5019079421462238 0.1283693071923206 -2.039044838780517 -8.620041485359565
8.811344299993952 27.297564150975653 0.31674458735632754 -0.16617973470727332 -2.882585674240301 -0.7178573482926858 0.4113114692171708 -2.227979547618335 -10.337026577282542
6.391178270575321 36.21230380132302 0.3798877372287454 0.0028609129699885827 -2.6275501450807615 -0.5684195515992578 0.37945700537429783 -1.922700499515349 -9.98219759858532
8.957990388583818 40.9815273117385 0.3411482103273671 0.32963098440736793 -1.6302187964165848 -0.6022232832050496 0.28204660583018565 -2.139339035471639 -9.676355963062381
7.215696685692434 47.9755788040775 0.26050917332570794 0.5109773052163815 -1.4427129271469328 -1.3052798780593886 0.1928480328296723 -1.9716484348826429 -9.67000587312521
7.215696685692434 47.9755788040775 0.26050917332570794 0.5109773052163815 -1.4427129271469328 -1.3052798780593886 0.1928480328296723 -1.9716484348826429 -9.67000587312521
7.384495417127967 37.99418408369721 0.38619529602136576 0.47323654341098775 -1.4319990387471355 -0.6385256635380312 0.12998403718008603 -1.8610397116593933 -9.136687780348346
7.417211039355077 47.83113705917747 0.6111866704753458 0.4471696665202196 -1.8009695781605544 -1.0502945375429613 0.058759378746365346 -2.0582255712362834 -8.566424990767231
6.2988471824533825 39.3257888934353 0.12019975586577454 0.584839959585501 -1.5872116429213763 -1.7720451480322834 0.43461273418139723 -2.0789887978839134 -11.447842158195733
6.93101302007982 45.54277146297052 0.4007048547468403 0.5439381175155531 -1.8582849989668606 -0.8574822854429671 0.35404369039811523 -1.9770429222759 -9.807851061203957
9.270742797751462 38.02851435446806 0.2674065678462101 0.43717537880080126 -1.627086186035883 -0.8917463522093971 0.05424090846596416 -1.9667280261200175 -9.333192635551793
9.357335219103511 38.001048600377835 0.6537718959684543 0.2607416472623947 -1.7147287966227327 -0.6126715294091478 0.03427873828983643 -2.211589366509523 -8.461736160004527
7.696574284142444 42.28311925569026 0.14922231949039852 0.423768940690576 -1.3954585794249867 -0.6816275091037105 0.23705478682018857 -2.078354968429968 -10.343415151228948
7.296801848149169 31.719276378896232 0.15461756113294486 0.5108072266020436 -1.8542471026890748 -1.4815555637273268 0.32518715397973086 -2.1855740723197803 -10.613082136155041
8.379665216143895 33.20592989483944 0.15408950909644473 0.5518519084198004 -2.028946891120788 -1.1975524609469148 0.11315032289124774 -1.9687236577636016 -9.99713165233419
9.229799427902647 33.722858142000064 0.6426459179605784 0.5480375209374531 -1.9792471184145077 -1.1059467480415233 0.3460473739486962 -2.124329174451606 -9.342416475515188
8.101066661422157 23.50595112430398 0.6595506279745672 0.46582327652120403 -1.2944229634009992 -1.1780619501060692 0.1614074754922325 -1.8999673509020463 -8.723747646694436
6.837743694645651 27.80064007493479 0.6996306716936651 0.5870774763985125 -1.616857631373133 -1.2376148937895324 0.35647662902635485 -2.2029605459215493 -9.317777308312639
9.237534880638123 21.354747414588928 0.4374903475281431 0.4735075831413269 -1.4597891569137573 -0.5470206141471863 0.3306463542938233 -1.8604114152520066 -9.623430738443135
9.95415763333238 22.693263343666956 0.29256505134422073 0.33020511934098273 -1.1622067731238717 -0.5629245143651 0.3980501273126853 -2.217469180576638 -10.334854495663766
8.82071946515808 25.779031284068076 0.3552519034780815 0.49611270514102257 -1.3149180276511112 -0.5166381296797073 0.30133745986077654 -1.9526026222544557 -9.706245427860576
8.665924427175982 20.57351491565037 0.5231066161346398 0.5432520114547525 -1.6844153137899582 -0.892698901055569 0.28566007272425936 -2.1402707736358724 -9.287968138590411
9.548141237956226 15.192471933262496 0.45153316085969536 0.48134890790031637 -1.714341032031667 -1.0262726735803525 0.424906927442878 -1.8485862002680644 -10.088083245019773
8.808334239547317 27.34471567521264 0.41611844886332033 0.5369435931406255 -1.5036195228528404 -0.8939729620316559 0.2739557505741211 -2.191256557783802 -9.459773355167325
9.41766364602879 32.00713974763006 0.352897017746542 0.4977736808891686 -2.189401205667255 -0.6172059046414589 0.483668349722338 -1.8599067065474053 -10.829348907115293
7.946122468911133 16.616212296167983 0.17238619709248423 0.5009778600444132 -1.1627732113432656 -0.96001377528474 0.4608225678051388 -1.8583552175224107 -11.300800583395745
7.946122468911133 16.616212296167983 0.17238619709248423 0.5009778600444132 -1.1627732113432656 -0.96001377528474 0.4608225678051388 -1.8583552175224107 -11.300800583395745
