

    0.866029460683881167E-27    0.124686091784838794E+03    0.299252940714359283E+03    0.494830608367919922E+00    0.391436517238616943E+01    0.556218555521965086E+00
    0.427425476663496613E-23    0.107662063996211828E+03    0.191955004632472992E+03   -0.723237395286560059E+00   -0.477451205253601074E+01    0.439664206266403221E-01
    0.542714965072403528E-22    0.102563660197576581E+03    0.289665612578392029E+03    0.710868775844573975E+00    0.358856916427612305E+01    0.399893034338951125E+00
    0.164774678165021237E-21    0.100326875615891851E+03    0.282098537683486938E+03    0.813546061515808105E+00    0.361395597457885742E+01    0.338001618361473077E+00
    0.133239097227438712E-20    0.961309478618897373E+02    0.214884082973003387E+03    0.693317651748657227E+00    0.403800070285797119E+01    0.431142526316642793E+00
    0.502319718742530080E-20    0.934611397236430861E+02    0.254583968222141266E+03    0.674565792083740234E+00    0.391900539398193359E+01    0.331153548002243059E+00
    0.973135460014376338E-20    0.921229417545779938E+02    0.194850516319274902E+03    0.483321249485015869E+00    0.446262776851654053E+01    0.440076928067207329E+00
    0.189640690900528885E-17    0.815625904169587557E+02    0.303534068167209625E+03    0.195546865463256836E+00    0.310391485691070557E+01    0.490120154356956494E+00
    0.256420862121299005E-17    0.809435876049279273E+02    0.209451282024383545E+03   -0.144727772474288940E+01    0.473685383796691895E+01    0.431009706115722646E+00
    0.423192343680025439E-17    0.799259492016821298E+02    0.172153596580028534E+03   -0.155356955528259277E+01   -0.435067772865295410E+01    0.301451361894607528E+00
    0.678731393882467669E-17    0.789655268623672271E+02    0.192590647935867310E+03    0.883223235607147217E+00    0.423136413097381592E+01    0.189646981000900272E+00
    0.742561545371427661E-16    0.741649710802065556E+02    0.215450592339038849E+03   -0.187191736698150635E+01   -0.413024246692657471E+01    0.165004893136024483E+00
    0.290532672086288921E-14    0.668157851446455737E+02    0.148310180008411407E+03   -0.809545159339904785E+00    0.456778466701507568E+01    0.527243895220756542E+00
    0.388587928412401185E-14    0.662185532771735836E+02    0.204064789414405823E+03   -0.635315299034118652E+00    0.463771581649780273E+01    0.271560095500946064E+00
    0.406631110085140357E-14    0.661121543994526064E+02    0.345929305255413055E+03    0.415662527084350586E-01    0.286090910434722900E+01    0.350438884234428427E+00
    0.201189249542630641E-13    0.628986800253011893E+02    0.294512605667114258E+03   -0.169725441932678223E+01   -0.453371405601501465E+01    0.174372794365882877E+00
    0.513104084874806861E-13    0.610105895973374572E+02    0.180468954145908356E+03    0.490760803222656250E-01   -0.388320147991180420E+01    0.187134758377075189E+00
    0.101610197725359563E-12    0.596284640466756741E+02    0.249979366362094879E+03   -0.176583886146545410E+01    0.406800210475921631E+01    0.298941322803497334E+00
    0.765705496831751845E-12    0.555735315956650382E+02    0.316646207869052887E+03   -0.547633171081542969E-01   -0.489956915378570557E+01    0.183913228797912609E+00
    0.119177547776532296E-11    0.546731029049071964E+02    0.346764612197875977E+03   -0.674247741699218750E-01    0.228216409683227539E+01    0.403450657367706300E+00
    0.133972852959108357E-11    0.544234322843889800E+02    0.197935070097446442E+03   -0.829560160636901855E-01   -0.466736555099487305E+01    0.462301606392860442E+00
    0.146465055617053305E-11    0.542295079199408008E+02    0.334318505227565765E+03    0.862719893455505371E+00    0.144457638263702393E+01    0.344713081455230719E+00
    0.319736914621406063E-11    0.526524596318443159E+02    0.318309070169925690E+03   -0.699851036071777344E+00    0.256301164627075195E+01    0.405038256239891092E+00
    0.426606985039921050E-11    0.520601053042299640E+02    0.270144455134868622E+03   -0.745544433593750000E-01   -0.472800970077514648E+01    0.286724320793151854E+00
    0.463951421242896253E-11    0.518766469612316286E+02    0.251731278002262115E+03   -0.103341788053512573E+01    0.340747177600860596E+01    0.344586334204673772E+00
    0.552933347681063193E-11    0.515101067322227806E+02    0.149349576234817505E+03   -0.717883527278900146E+00    0.393261313438415527E+01    0.523907218408584563E+00
    0.760036759770424956E-11    0.508582230630684862E+02    0.251964160799980164E+03   -0.104772067070007324E+01    0.273590743541717529E+01    0.523895277214050270E+00
    0.766582715126892518E-11    0.508254464530379124E+02    0.180476450920104980E+03   -0.522017002105712891E+00    0.354942798614501953E+01    0.470864056992530866E+00
    0.793424008640149847E-11    0.507409911273852288E+02    0.348774619400501251E+03    0.550628602504730225E+00    0.292952120304107666E+01    0.259383898258209247E-01
    0.120152371657095133E-10    0.498953900752939603E+02    0.127392289042472839E+03    0.623948037624359131E+00   -0.267389774322509766E+01    0.757583840131759723E-01
    0.501166747841517271E-10    0.470234087260752602E+02    0.163520477712154388E+03    0.351837217807769775E+00   -0.426153063774108887E+01    0.496765906763076803E+00
    0.747938116312594890E-10    0.462070209928405831E+02    0.238495783507823944E+03   -0.992922782897949219E-01    0.399277389049530029E+01    0.686277849912643456E-01
    0.112939053704716099E-09    0.453671696406193234E+02    0.253354483842849731E+03   -0.132449084520339966E+01    0.347156286239624023E+01    0.259255786299705526E+00
    0.153729945075217739E-09    0.447348463722643856E+02    0.195900614559650421E+03    0.452427387237548828E+00   -0.462301254272460938E+01    0.481409632945060728E+00
    0.153252194549583633E-09    0.447254465019989667E+02    0.260751238465309143E+03   -0.367305040359497070E+00   -0.407623350620269775E+01    0.245730302309989934E+00
    0.203958530990273827E-09    0.441381579041102299E+02    0.197904264926910400E+03   -0.100372135639190674E+00   -0.338347852230072021E+01    0.224641948056221008E+00
    0.223084418829603371E-09    0.439432657723547209E+02    0.184703062474727631E+03   -0.123495727777481079E+01    0.438230812549591064E+01    0.177644101667404186E+00
    0.250225331256463107E-09    0.436980176176744095E+02    0.186489748954772949E+03   -0.139641284942626953E+00   -0.283049464225769043E+01    0.103895795989036560E+00
    0.269783790691481479E-09    0.435318745655718118E+02    0.302488180994987488E+03   -0.188144940137863159E+01   -0.330179274082183838E+01    0.454155698776245106E-01
    0.335707680174897959E-09    0.430790097279225392E+02    0.264377236366271973E+03   -0.758976221084594727E+00   -0.365611135959625244E+01    0.168376950001716624E+00
    0.104289628572764916E-08    0.407963522682792927E+02    0.263162410259246826E+03    0.279692411422729492E-01   -0.370931267738342285E+01    0.145159241938591005E+00
    0.142506376636048376E-08    0.401562976115021897E+02    0.345768144726753235E+03   -0.267052650451660156E+00   -0.383772790431976318E+01    0.494834230899810837E-01
    0.179707372774502888E-08    0.396767864631902896E+02    0.224864582717418671E+03    0.823709845542907715E+00   -0.409127712249755859E+01    0.183305114936828606E+00
    0.256470506049104734E-08    0.389497937618913852E+02    0.188436120748519897E+03   -0.130969166755676270E+01   -0.273754894733428955E+01    0.228670156502723709E+00
    0.290133894742719978E-08    0.386875110606905750E+02    0.329428006708621979E+03   -0.135392898321151733E+01   -0.328661561012268066E+01    0.195786802053451552E-01
    0.372889344705957206E-08    0.381700076802756598E+02    0.257064220309257507E+03   -0.169231057167053223E+01   -0.264418721199035645E+01    0.327693331003189106E-01
    0.371998275971520265E-08    0.381591676660090400E+02    0.265540108084678650E+03    0.680938363075256348E+00    0.247224092483520508E+01    0.952996712207794250E-01
    0.533880081383844467E-08    0.374209786114747374E+02    0.342678789794445038E+03   -0.101669269800186157E+01    0.284800767898559570E+01    0.105670325732231146E+00
    0.540529701577293698E-08    0.373805969303458312E+02    0.141609632968902588E+03   -0.986450254917144775E+00   -0.140717446804046631E+01    0.394639420509338423E-01
    0.581282420619108446E-08    0.372195976400529673E+02    0.140910877287387848E+03   -0.477226257324218750E+00   -0.173133969306945801E+01    0.100754067707061773E+00
    0.613144376604177297E-08    0.370972452398747095E+02    0.259889176487922668E+03    0.242750167846679688E+00   -0.310835540294647217E+01    0.237674124240875272E-02
    0.617135649916629769E-08    0.370686433980858823E+02    0.272373732924461365E+03   -0.105665349960327148E+01   -0.406279981136322021E+01    0.367819156408309922E+00
    0.983744084611802956E-08    0.361204645323386302E+02    0.317829625308513641E+03   -0.157334208488464355E-01   -0.374810934066772461E+01    0.103311359810829173E+00
    0.103449305185711183E-07    0.360042375440897899E+02    0.271039655804634094E+03    0.370879828929901123E+00   -0.423071146011352539E+01    0.286913059902191181E+00
    0.121595498907716685E-07    0.356653760130045541E+02    0.213370861113071442E+03    0.348511993885040283E+00   -0.321447193622589111E+01    0.174252870655059816E+00
    0.134800526255329868E-07    0.354435587146916831E+02    0.148360350728034973E+03    0.259562969207763672E+00   -0.366691052913665771E+01    0.568897545289993256E+00
    0.214072395334235028E-07    0.345028974120413352E+02    0.160399150848388672E+03   -0.999983429908752441E+00    0.358663320541381836E+01    0.359955402159690852E+00
    0.216568316199940895E-07    0.344640888277048631E+02    0.165851947665214539E+03   -0.103532528877258301E+01    0.324502527713775635E+01    0.440808343291282656E+00
    0.383157671148551255E-07    0.333073827626089454E+02    0.187099951505661011E+03   -0.183267450332641602E+01    0.265960395336151123E+01    0.553575662112236078E+00
    0.385957078546363447E-07    0.332771985839626154E+02    0.184732258319854736E+03    0.292967379093170166E+00    0.379017651081085205E+01    0.387783127784728995E-01
    0.512368288982745451E-07    0.326949385578228231E+02    0.231056328117847443E+03   -0.763472497463226318E+00    0.299042940139770508E+01    0.237119370460510265E+00
    0.603280587833971830E-07    0.323526361029944454E+02    0.327308873832225800E+03   -0.195897936820983887E+00   -0.319956243038177490E+01    0.984223959445953457E-02
    0.652877948644223509E-07    0.321789955132842067E+02    0.295982201397418976E+03   -0.102343595027923584E+01   -0.374363780021667480E+01    0.297231650805473313E+00
    0.128071274116694138E-06    0.308158068576182806E+02    0.312197710573673248E+03   -0.122350817918777466E+01   -0.378302156925201416E+01    0.301596942114830013E+00
    0.159698842725032372E-06    0.303587761163096097E+02    0.343731395900249481E+03    0.446379184722900391E+00    0.301253199577331543E+00    0.532640462207794263E+00
    0.187720286907033130E-06    0.300198246949821588E+02    0.210961084067821503E+03   -0.192743855714797974E+01   -0.194626629352569580E+01    0.109761310744285592E+00
    0.206932802276443166E-06    0.298093175058295898E+02    0.294781228899955750E+03   -0.776798427104949951E+00   -0.272966206073760986E+01    0.353769829273223868E-01
    0.353093522145746853E-06    0.287250148193849029E+02    0.290242421627044678E+03   -0.189096552133560181E+01    0.280527412891387939E+01    0.148499432873725884E+00
    0.457799329654757511E-06    0.281899938471032065E+02    0.282609806954860687E+03    0.441906332969665527E+00   -0.304324924945831299E+01    0.312344801902771016E-01
    0.504463823272951765E-06    0.279802384753050362E+02    0.309179635345935822E+03   -0.176100963354110718E+01    0.292992413043975830E+01    0.426650351285934454E-01
    0.511963915232305774E-06    0.279350974445995170E+02    0.323820620775222778E+03   -0.151184421777725220E+01   -0.434633135795593262E+01    0.505408329248428378E+00
    0.548508571695911348E-06    0.277815749193566326E+02    0.242020997405052185E+03    0.181063294410705566E+00   -0.335590600967407227E+01    0.280300231075286899E+00
    0.597237678123803144E-06    0.275957254236394718E+02    0.184807440638542175E+03   -0.197531545162200928E+01    0.290153324604034424E+01    0.401756986570358299E+00
    0.625238747016057323E-06    0.274884635895463418E+02    0.322774854302406311E+03   -0.186920762062072754E+00   -0.301769673824310303E+01    0.477739899158477824E-01
    0.687886536503537458E-06    0.272818579206670684E+02    0.266951982676982880E+03    0.581465959548950195E-01    0.187775850296020508E+01    0.284859140324592586E+00
    0.714021735425109032E-06    0.271916539262911279E+02    0.209587511420249939E+03   -0.583336949348449707E-01   -0.235492467880249023E+01    0.142331874132156366E+00
    0.766128527515487730E-06    0.270351558412762678E+02    0.224754357337951660E+03   -0.183825796842575073E+01   -0.325003981590270996E+01    0.486457789993286149E+00
    0.928507888670832422E-06    0.266350729797835797E+02    0.173101489245891571E+03   -0.154396545886993408E+01   -0.116417348384857178E+01    0.481771587610244773E-01
    0.933001299341631844E-06    0.266097925465963705E+02    0.274512647092342377E+03    0.628530323505401611E+00   -0.393319606781005859E+01    0.266973550915718061E+00
    0.115422864938975136E-05    0.261686056059315888E+02    0.169677166640758514E+03   -0.165610986948013306E+01   -0.167072236537933350E+01    0.227618921971321109E+00
    0.114587536429412531E-05    0.261675074651878710E+02    0.143928469717502594E+03    0.711362123489379883E+00    0.234721302986145020E+01    0.330757305049896255E+00
    0.148810335750527484E-05    0.256292153862477718E+02    0.214716994762420654E+03   -0.375367581844329834E+00    0.239548504352569580E+01    0.310476857900619518E+00
    0.179699230081956550E-05    0.252363665289650427E+02    0.340911227464675903E+03   -0.907011806964874268E+00    0.994227528572082520E+00    0.422139377403259297E+00
    0.182947590090981466E-05    0.251849111098439025E+02    0.252018448710441589E+03    0.364786386489868164E-02   -0.406003057956695557E+01    0.529146843981742832E+00
    0.228681573561136284E-05    0.247230244927321259E+02    0.220696362853050232E+03    0.948727607727050781E+00   -0.449605584144592285E+01    0.547711239123344407E+00
    0.305335141750163082E-05    0.241292405500972151E+02    0.318268233537673950E+03   -0.958755373954772949E+00    0.136471569538116455E+01    0.345152005648612981E+00
    0.345391984653097221E-05    0.238670756286808086E+02    0.236415663361549377E+03   -0.112515854835510254E+01    0.196592688560485840E+01    0.385711978769302355E+00
    0.348401657965724560E-05    0.238340985400663286E+02    0.290809400379657745E+03   -0.216480851173400879E+00    0.258577585220336914E+01    0.562863557338714581E-02
    0.359950525703207451E-05    0.237532523607916843E+02    0.182083469629287720E+03    0.357845187187194824E+00   -0.315821349620819092E+01    0.456177445363998402E+00
    0.390356558384351138E-05    0.235754394001648393E+02    0.275330613553524017E+03    0.840737044811248779E+00   -0.459367632865905762E+01    0.459830325007438701E+00
    0.391396084937746233E-05    0.235544954432033293E+02    0.244043369591236115E+03    0.604537248611450195E+00   -0.383367121219635010E+01    0.388910820078849806E+00
    0.417593679726161256E-05    0.234092927442021832E+02    0.287512549757957458E+03   -0.848244607448577881E+00    0.198097407817840576E+01    0.223888185739517215E+00
    0.482807069868573479E-05    0.231034512824217302E+02    0.329701055586338043E+03   -0.109415256977081299E+01   -0.245995640754699707E+01    0.245224029779434229E-01
    0.479604401259795306E-05    0.231011373474993782E+02    0.256262145936489105E+03   -0.177906054258346558E+01   -0.314915478229522705E+01    0.434829898953437821E+00
    0.546013313183060691E-05    0.228261488304656588E+02    0.215848203003406525E+03   -0.106023728847503662E+01   -0.261808037757873535E+01    0.362783008790016182E+00
    0.574333176078667395E-05    0.227093911994873530E+02    0.146067611873149872E+03   -0.182760834693908691E+00    0.235112607479095459E+01    0.512093487596511854E+00
    0.658020352183113464E-05    0.224217138251663286E+02    0.166688635945320129E+03    0.351289868354797363E+00   -0.215037465095520020E+01    0.264398074078559864E+00
    0.746774903909657806E-05    0.221530329350622566E+02    0.335138295590877533E+03    0.441492915153503418E+00   -0.458088040351867676E+01    0.458112737703323392E+00
    0.959131411567770644E-05    0.216368793570295743E+02    0.311580252647399902E+03   -0.153060555458068848E-01   -0.399480164051055908E+01    0.429928140950202931E+00
    0.105269788515813388E-04    0.214350874230271131E+02    0.193659977614879608E+03   -0.161502933502197266E+01    0.186616837978363037E+01    0.539040908360481241E+00
    0.109193162238627859E-04    0.213462784726353547E+02    0.319234083592891693E+03    0.433629751205444336E-02   -0.310919463634490967E+01    0.170942055058479314E+00
    0.139308693089789447E-04    0.208435057928816754E+02    0.152071388065814972E+03   -0.102014309167861938E+01    0.322724759578704834E+01    0.254545872116088867E+00
    0.142036154973999034E-04    0.207891020862392608E+02    0.283100356161594391E+03    0.145952641963958740E+00    0.222978770732879639E+01    0.952688970565795934E-02
    0.147902899679022682E-04    0.206925284112162267E+02    0.254141376912593842E+03   -0.788016676902770996E+00    0.266185283660888672E+01    0.520201422214508075E-01
    0.158296373079023475E-04    0.205410772517478719E+02    0.321604137122631073E+03   -0.138009786605834961E-01   -0.428684115409851074E+01    0.516452774190902741E+00
    0.160557369134262370E-04    0.204970877240262865E+02    0.201245224475860596E+03    0.578020572662353516E+00   -0.236289978027343750E+01    0.173455676507949824E+00
    0.196255152379855699E-04    0.200799341406456655E+02    0.334929338097572327E+03   -0.104040521383285522E+01   -0.392245233058929443E+01    0.479496141815185573E+00
    0.231080077780701628E-04    0.197376117465923073E+02    0.266808444261550903E+03   -0.149443703889846802E+01    0.235779881477355957E+01    0.130005763721466078E+00
    0.247565707995513574E-04    0.195841632943633570E+02    0.239240780472755432E+03    0.777775228023529053E+00   -0.401049196720123291E+01    0.496149468183517461E+00
    0.287330205836964913E-04    0.192706261668547256E+02    0.342930461466312408E+03    0.411484181880950928E+00   -0.434832990169525146E+01    0.453323875164985679E+00
    0.293428480597579687E-04    0.192129974978460893E+02    0.320105305314064026E+03   -0.614661574363708496E+00    0.133229434490203857E+01    0.227355021572113042E+00
    0.294863237240373958E-04    0.191876170690753298E+02    0.170454779267311096E+03    0.851292788982391357E+00    0.932247042655944824E+00    0.383657752132415764E+00
    0.357009461071090999E-04    0.187894907955548121E+02    0.289259231090545654E+03   -0.411978662014007568E+00   -0.288606286048889160E+01    0.275710138249397274E+00
    0.380071906109867626E-04    0.186486694387626564E+02    0.315358452498912811E+03    0.505239009857177734E+00    0.903194546699523926E+00    0.163855809044837958E+00
    0.386777771872495973E-04    0.185980647711965119E+02    0.148508542776107788E+03   -0.992337524890899658E+00    0.287431478500366211E+01    0.321878344559669516E+00
    0.469332788257064600E-04    0.181955161882809549E+02    0.158513034880161285E+03   -0.181857573986053467E+01    0.382261931896209717E+01    0.450410940170288127E-01
    0.469622622026987302E-04    0.181786564809627755E+02    0.282952606678009033E+03   -0.526978194713592529E+00    0.143050849437713623E+01    0.254347341227531443E+00
    0.477382682118075027E-04    0.181302534859426281E+02    0.269510903954505920E+03    0.354690551757812500E+00    0.164973139762878418E+00    0.528911909508705147E+00
    0.491053459657821167E-04    0.180581593595955994E+02    0.340840604901313782E+03    0.575102686882019043E+00   -0.406253755092620850E+01    0.353187133097648653E+00
    0.531282328984498511E-04    0.178850532157189264E+02    0.248601046204566956E+03   -0.151083928346633911E+01    0.115839838981628418E+01    0.482648412466049226E+00
    0.705057974248863260E-04    0.173034552967942972E+02    0.172530460357666016E+03    0.389511704444885254E+00    0.141462981700897217E+01    0.456354277396202102E+00
    0.737545850737236802E-04    0.171977338480658908E+02    0.231238315999507904E+03   -0.174423849582672119E+01   -0.266970515251159668E+01    0.494550917530059808E+00
    0.796176558436022930E-04    0.170291234249526511E+02    0.185730294883251190E+03   -0.131601202487945557E+01   -0.224932372570037842E+01    0.494627921175956720E+00
    0.814428351437379621E-04    0.169681674458931617E+02    0.166453902423381805E+03   -0.169883406162261963E+01    0.334341824054718018E+01    0.117413808202743539E+00
    0.100128600975660825E-03    0.165394344365382402E+02    0.286192286014556885E+03   -0.187844532728195190E+01    0.181463479995727539E+01    0.190799067449569704E+00
    0.100136730253934679E-03    0.165236470663820363E+02    0.253724843263626099E+03   -0.876918315887451172E+00   -0.256363749504089355E+01    0.359856017303466835E+00
    0.103712936852778012E-03    0.164378414553567076E+02    0.127998991310596466E+03   -0.190142560005187988E+01    0.426002204418182373E+01    0.251008003234863275E-01
    0.112458516234815827E-03    0.162603013574989568E+02    0.233229899977275892E+03   -0.158964847493491845E+01   -0.192120156680391663E+01    0.287404193695102728E+00
    0.115218554334272258E-03    0.161961835811787545E+02    0.267373263835906982E+03    0.443569302558898926E+00    0.567036867141723633E-01    0.488572916722297690E+00
    0.123836467295686004E-03    0.160362964094722429E+02    0.198420523107051849E+03   -0.793279170989990234E+00   -0.161855340003967285E+01    0.265784446763992321E+00
    0.123397003112581290E-03    0.160277815251895817E+02    0.215932504832744598E+03   -0.100384777784347534E+01   -0.186342120170593262E+01    0.294348807621002184E+00
    0.124401366160761139E-03    0.159959438511341396E+02    0.224573348462581635E+03    0.991149425506591797E+00   -0.154256820678710938E-01    0.264295482158660888E+00
    0.138523590813416760E-03    0.157652638918119781E+02    0.191089831292629242E+03    0.990242838859558105E+00    0.189995765686035156E+00    0.305591612863540640E+00
    0.137777274439965659E-03    0.157604433196273170E+02    0.169931936264038086E+03    0.129081726074218750E+00   -0.246889650821685791E+01    0.531801439762115469E+00
    0.150007417624003429E-03    0.155747256882224772E+02    0.213484103977680206E+03    0.632042586803436279E+00    0.177896142005920410E+01    0.342614024162292488E-01
    0.158489532696404667E-03    0.154490930728904772E+02    0.223616832494735718E+03   -0.432872712612152100E+00    0.189563035964965820E+01    0.208673500370979315E+00
    0.169728185786628823E-03    0.152964486750298718E+02    0.244500270485877991E+03   -0.187748348712921143E+01   -0.183471679687500000E+01    0.275311336469650281E+00
    0.168701256184762907E-03    0.152929613040463561E+02    0.130095352232456207E+03    0.732440352439880371E+00   -0.152410924434661865E+01    0.320996402049064655E+00
    0.168885470118601078E-03    0.152751535884622491E+02    0.216503708064556122E+03    0.389004051685333252E+00    0.951006412506103516E+00    0.384989127087593086E+00
    0.173338989583252161E-03    0.152074718664510335E+02    0.317485579648071280E+03   -0.108231968367398368E+01    0.170163388449866204E+01    0.653819108265920879E-01
    0.173598668022685766E-03    0.151888529165902106E+02    0.284087918698787689E+03   -0.686721622943878174E+00   -0.209200084209442139E+01    0.170061101961135858E+00
    0.181025264674380932E-03    0.150894469649005494E+02    0.306257489323616028E+03    0.129699707031250000E+00   -0.273724496364593506E+01    0.215957219624519359E+00
    0.205015819448653886E-03    0.148249208872164324E+02    0.309259162843227386E+03    0.812873899936676025E+00   -0.366017758846282959E+01    0.342153025817871104E+00
    0.205133679175282938E-03    0.148081464553115509E+02    0.285377103501082274E+03   -0.163867447957896051E+01   -0.311552593854100257E+01    0.532247386196031291E+00
    0.213953390691158315E-03    0.147083287940405398E+02    0.155503877997398376E+03    0.360984086990356445E+00   -0.182013809680938721E+01    0.394795133686065669E+00
    0.215005717049877583E-03    0.146828909382154773E+02    0.139306795597076416E+03    0.636200726032257080E+00   -0.465127229690551758E+00    0.869967198371887195E-03
    0.239449009906510187E-03    0.144519141917934810E+02    0.132383893430233002E+03    0.692331850528717041E+00   -0.509061813354492188E+00    0.439254452705383283E-01
    0.250965380707590473E-03    0.143423401673202200E+02    0.221397358179092407E+03   -0.190446794033050537E+01   -0.118336141109466553E+01    0.186201809906959531E+00
    0.258414514066743976E-03    0.142682152969831222E+02    0.314890447258949280E+03   -0.577814280986785889E+00   -0.155594348907470703E+00    0.530038339447975182E+00
    0.302955647412955211E-03    0.139345473423831265E+02    0.128444170951843262E+03   -0.789509415626525879E-01    0.356698274612426758E+01    0.222120547771453881E-01
    0.319124676158010878E-03    0.138149314540628083E+02    0.202552962303161621E+03   -0.156185668706893921E+01   -0.163573324680328369E+01    0.370896265769004807E+00
    0.337570855285008651E-03    0.136869193158967750E+02    0.152717424929141998E+03   -0.171999830007553101E+01   -0.107049942016601562E-02    0.985446737766265957E-01
    0.363834970412360277E-03    0.135214444019393820E+02    0.309178227186203003E+03   -0.112767124176025391E+01   -0.340805709362030029E+01    0.554605811905860890E+00
    0.371313027441378936E-03    0.134651292824363953E+02    0.289531793989219750E+03   -0.187208304333135733E+01   -0.146787670356150191E+01    0.109943236698310798E+00
    0.368729063938445128E-03    0.134634709150589060E+02    0.161877182126045227E+03   -0.170956397056579590E+01   -0.760673880577087402E+00    0.287232538032531737E+00
    0.368777175248816039E-03    0.134475849745657676E+02    0.210843053460121155E+03   -0.114203929901123047E+00   -0.196011543273925781E+01    0.339265133213996872E+00
    0.375209378644589362E-03    0.133973767492087390E+02    0.248909473419189453E+03    0.452733159065246582E+00    0.970449447631835938E+00    0.199588161921501167E+00
    0.373260323628961453E-03    0.133921679860466494E+02    0.185841593146324158E+03   -0.188394117355346680E+01   -0.107997536659240723E+01    0.291051912045478811E+00
    0.381532419362461659E-03    0.133327035240557699E+02    0.236436718702316284E+03   -0.778353214263916016E+00    0.966634750366210938E+00    0.400144822955131541E+00
    0.397553702627593511E-03    0.132348101237850742E+02    0.255810448489433782E+03    0.660604071512297608E+00   -0.266046373282809512E+01    0.265809554937330328E+00
    0.404747774776094958E-03    0.131833169860852060E+02    0.238267942033773522E+03   -0.193780611187015706E+01    0.973180885634947757E+00    0.464506178390405311E+00
    0.405072974327916444E-03    0.131660857068207626E+02    0.326904922603149942E+03    0.132819085093708544E+00   -0.283583700925668447E+01    0.256371280048123262E+00
    0.443148238354912013E-03    0.129707864998289519E+02    0.298205815011955792E+03   -0.143129561710692066E+01   -0.295901063786369267E+01    0.494025600738071557E+00
    0.453727960612731681E-03    0.129079745501289977E+02    0.349412073194980621E+03   -0.138405734300613403E+01   -0.183482050895690918E+01    0.759610772609710660E-01
    0.460331469996602856E-03    0.128634515417547597E+02    0.130242725471076341E+03    0.812330519692312070E+00   -0.430921386779941962E+00    0.742858813303532844E-01
    0.541278138389611474E-03    0.125238536441186863E+02    0.173096768558025360E+03    0.467616915702819824E+00    0.553585290908813477E+00    0.531750433802604672E+00
    0.659158172598886213E-03    0.121141681259816583E+02    0.340295673906803131E+03    0.928085505962371826E+00   -0.300949871540069580E+01    0.209886213970184338E+00
    0.667430964963427846E-03    0.120735982523229062E+02    0.185715931653976440E+03   -0.866280853748321533E+00    0.159394145011901855E+01    0.346323641538619997E+00
    0.666455242907914311E-03    0.120608992057476740E+02    0.278798574654604806E+03    0.796667773137489377E-01    0.130972465939419003E+01    0.672422838990491822E-01
    0.671004647469713371E-03    0.120316680493589487E+02    0.141972951591014862E+03   -0.168415594100952148E+01   -0.505436062812805176E+00    0.346529030084610001E+00
    0.693292568631828556E-03    0.119506910015106822E+02    0.133816246688365936E+03   -0.944782495498657227E+00   -0.383684039115905762E+00    0.302531528234481817E+00
    0.707453690602011806E-03    0.118946258308318029E+02    0.295322512090206146E+03   -0.194317150115966797E+01    0.184036910533905029E+01    0.354429665565490701E-01
    0.710972945803574601E-03    0.118690764192828588E+02    0.193763819336891174E+03   -0.177407431602478027E+01   -0.827165246009826660E+00    0.240370548319816607E+00
    0.747256604095350853E-03    0.117539028976411384E+02    0.341209100186824799E+03   -0.115978068113327026E+01   -0.201780676841735840E+01    0.160678871297836312E+00
    0.746678023829383530E-03    0.117398270425209290E+02    0.289794211089611053E+03   -0.373421370983123779E+00    0.249379873275756836E-01    0.451785132837295544E+00
    0.770812293234837296E-03    0.116605804054570079E+02    0.280216991200955476E+03    0.349896559203385582E+00    0.126201888631576331E+01    0.163359368987518253E-01
    0.780233582871707248E-03    0.116206584954770378E+02    0.235639257729053497E+03    0.438801407814025879E+00    0.160570383071899414E+01    0.232157292366027852E-02
    0.815928014123453436E-03    0.115155679094496541E+02    0.330265499651432037E+03   -0.194584155082702637E+01   -0.207193255424499512E+01    0.251065866851806652E+00
    0.820193594783585000E-03    0.114895143684377636E+02    0.205010965145578183E+03    0.150271974250828499E+00    0.855811572910241125E+00    0.378958798927269580E+00
    0.868586624642752746E-03    0.113592355331656556E+02    0.170262714070487249E+03   -0.109467841685855105E+01    0.139085438346468582E+01    0.467142414665253303E+00
    0.976784843943455340E-03    0.111088123623276438E+02    0.169409642715460052E+03    0.444144551594392922E+00    0.855127099268089275E+00    0.425744622840374676E+00
    0.103150448679716305E-02    0.109841728110611356E+02    0.231103632902764986E+03   -0.181905591751630480E+01   -0.199286719048473415E+01    0.485196873883635693E+00
    0.103603986815269415E-02    0.109597733659193626E+02    0.234635816514492035E+03   -0.142505043745040894E+01    0.976019501686096191E+00    0.370047690367698690E+00
    0.105422472924924333E-02    0.109093483316619029E+02    0.258921864628791809E+03    0.897809088230133057E+00   -0.919882059097290039E+00    0.283207980179786711E+00
    0.110089937177934366E-02    0.108070797047562763E+02    0.317254774272441864E+03   -0.166233491897583008E+01   -0.305144786834716797E+01    0.559729642009735073E+00
    0.110498622029330884E-02    0.107840438885204826E+02    0.345060308173496423E+03    0.669199144831762460E+00   -0.320983523821182182E+01    0.311370434021548514E+00
    0.115153289936756201E-02    0.106858965961591945E+02    0.223200942575931549E+03   -0.627201616764068604E+00   -0.475124120712280273E+00    0.603736560344696107E-02
    0.121608977846529099E-02    0.105611783940720940E+02    0.145892289280891418E+03    0.835478305816650391E-03   -0.474688410758972168E+00    0.234729800963401791E+00
    0.121665714203124300E-02    0.105446205168024427E+02    0.234173664621418141E+03   -0.138332588810412882E+01   -0.141946828576447137E+01    0.299064193954592661E+00
    0.126910316312042184E-02    0.104445886571724902E+02    0.192876856541296092E+03   -0.180160866773706907E+01   -0.979951984455623482E+00    0.339214703574227561E+00
    0.126744240930077592E-02    0.104315825796551138E+02    0.264181077727508807E+03   -0.147199871913580971E+00    0.149498825031558180E+01    0.287956901902276623E-01
    0.128450121458319969E-02    0.103892186513863738E+02    0.217578013241291046E+03   -0.129861342906951904E+01   -0.208146512508392334E+01    0.544709461641311621E+00
    0.128690601110095825E-02    0.103698528246595529E+02    0.255883136391639709E+03   -0.427946746349334717E+00   -0.178526401519775391E+01    0.281522190570831332E+00
    0.130723561757137025E-02    0.103228802337057601E+02    0.309457418322563171E+03    0.767002403736114502E+00   -0.203395485877990723E+01    0.651281961679458649E-01
    0.132371788071105625E-02    0.102821959101070455E+02    0.337002516233738561E+03   -0.906851123095101297E+00   -0.106850200244799964E+00    0.369336614806730135E+00
    0.136683124603531516E-02    0.102024694142187045E+02    0.345853233133729361E+03   -0.185917150685913968E+01   -0.199802893887192301E+01    0.247077833233892707E+00
    0.139778701803459091E-02    0.101420540484772062E+02    0.283983923946059122E+03    0.967117364068209362E+00   -0.114745601969734201E+01    0.818926089730747514E-01
    0.139220439926481410E-02    0.101344328382891717E+02    0.348419991135597229E+03    0.663328588008880615E+00   -0.303868234157562256E+01    0.286946085834503206E+00
    0.151380095154218211E-02    0.995133726871626756E+01    0.324864355439315148E+03   -0.837798758995382586E+00   -0.641022797795844923E+00    0.527738452638485733E+00
    0.151881535945891334E-02    0.992909829322796611E+01    0.222613324224948883E+03   -0.136207771301269531E+01   -0.192075192928314209E+01    0.504162657952308635E+00
    0.154897738116154394E-02    0.987414469944214446E+01    0.138272508978843689E+03   -0.130486565828323364E+01   -0.115305185317993164E-01    0.273318453454971300E+00
    0.153964342347247957E-02    0.987060792482763460E+01    0.232409980563375683E+03   -0.148656803647460922E+01    0.281487646623592269E+00    0.538863548539970427E+00
    0.154204032464134609E-02    0.985187176632062922E+01    0.323246519886934266E+03   -0.199684669939698911E+01   -0.230154605867784134E+00    0.484977412979806843E+00
    0.155725828864138635E-02    0.981660608215393715E+01    0.148112871307066030E+03    0.491211371564657551E+00    0.561786632449956969E+00    0.523073236832031996E+00
    0.155542896350012862E-02    0.980333188093799457E+01    0.325061397254467010E+03   -0.228271484375000000E-01   -0.231830120086669922E+01    0.252495569014549281E+00
    0.156673426070209486E-02    0.977322288916645476E+01    0.183462304897520994E+03   -0.138347990939185728E+01    0.110236490825438960E+01    0.447024307693942913E+00
    0.161931688057193393E-02    0.969157585435171320E+01    0.219887003518763890E+03    0.465212176144117695E+00   -0.233144001295550662E+01    0.452524837636998467E+00
    0.160974508050121647E-02    0.968780795492353342E+01    0.210625325143337250E+03    0.571359932422637939E+00   -0.564771890640258789E-01    0.404128473687171974E+00
    0.163021604110060738E-02    0.964690952448188099E+01    0.218240531736087632E+03   -0.410618529041346658E+00    0.190224274442312513E+01    0.359935937548389734E-01
    0.162273669637055286E-02    0.964048153226363169E+01    0.221636688407905240E+03   -0.111173987080689241E+01    0.171859566329225366E+01    0.130002361716729992E+00
    0.162415133268360495E-02    0.962311377256276401E+01    0.251353676948334282E+03    0.620346899040149502E+00   -0.225288362649573193E+01    0.310856392444288698E+00
    0.168844017152783733E-02    0.952984936305165320E+01    0.339138488471508026E+03   -0.174103826284408569E+01   -0.168740034103393555E+01    0.187971324348449709E+00
    0.173073419126491216E-02    0.946474320466488095E+01    0.226050508022308350E+03   -0.191951370239257812E+01   -0.448948144912719727E+00    0.124952045488357547E+00
    0.174264679862396604E-02    0.943539940548632927E+01    0.317210987210273743E+03   -0.924512147903442383E+00    0.110844016075134277E+01    0.368354463100433391E-01
    0.176368967344071826E-02    0.939576857761333528E+01    0.187986417846056241E+03   -0.449511791308385922E+00   -0.178977040271809962E+01    0.530659139403492186E+00
    0.177967822590088288E-02    0.936209446566484438E+01    0.295727321345769894E+03   -0.209835451512663473E+00   -0.303148099932937942E+01    0.558298861419794124E+00
    0.184520312417494042E-02    0.927415588598617191E+01    0.156332921981811523E+03    0.772443711757659912E+00    0.843881368637084961E+00    0.148239319539070130E+00
    0.191651664604897696E-02    0.918269103475649118E+01    0.256341311335563660E+03   -0.802284955978393555E+00    0.363928079605102539E-01    0.467344509315490764E+00
    0.193851218462627465E-02    0.914424309025022097E+01    0.249104176070276083E+03   -0.971772245777291488E+00    0.141534104414026984E+01    0.105632215849517749E+00
    0.200965748492627945E-02    0.905653101357679446E+01    0.247706167399883270E+03    0.199441432952880859E+00   -0.256538927555084229E+01    0.508265618276596109E+00
    0.199878449390639016E-02    0.905175613214600538E+01    0.337038560211658478E+03    0.829187631607055664E+00   -0.205607175827026367E+01    0.127138546442985528E+00
    0.200876824976349653E-02    0.902616617133358901E+01    0.342184887826442719E+03   -0.182545489072799683E+01   -0.281393766403198242E+01    0.524834571576118458E+00
    0.202887079282812813E-02    0.899062586047220158E+01    0.185387052595615387E+03   -0.667017757892608643E+00    0.155088841915130615E+01    0.228080909729003911E+00
    0.202660067529684918E-02    0.897723992716146846E+01    0.223319021690305306E+03    0.798731226356661494E-01    0.632541587014321394E+00    0.298955064474466126E+00
    0.203015815440490055E-02    0.895810722047315977E+01    0.231694766566039220E+03   -0.662032379822742989E+00   -0.542221023219945586E+00    0.688352860898650554E-01
    0.208997595420551061E-02    0.888440449616738270E+01    0.246005915105342865E+03    0.848750948905944824E+00   -0.135262012481689453E+01    0.318495438265800512E+00
    0.210048167030443518E-02    0.885875124717785489E+01    0.252969789252194403E+03   -0.132534833405453956E+01    0.545813859875887708E+00    0.353468931941081310E+00
    0.214647442232562911E-02    0.879980623241753079E+01    0.212187648723227852E+03    0.560723222844142555E+00    0.799149766441004772E+00    0.116186998626313848E+00
    0.228864752006696084E-02    0.865591253665700222E+01    0.329909785091876984E+03    0.739494740962982178E+00   -0.240239441394805908E+01    0.231324922871589678E+00
    0.231561663847507353E-02    0.861685758049709705E+01    0.314713545303206047E+03   -0.193712483072754327E+01   -0.232111708614044510E+01    0.463786396840553561E+00
    0.235378446956003608E-02    0.856853572683689180E+01    0.309855325656736909E+03    0.293464278320655136E+00   -0.215666486097558607E+01    0.242243460601787863E+00
    0.246316812439838738E-02    0.846206286402628649E+01    0.202344376143292607E+03   -0.619790851214733651E+00   -0.171916408551791378E+01    0.523706315569278158E+00
    0.250188185805625199E-02    0.841524823380365028E+01    0.346673397720666799E+03   -0.199274136021278725E+01   -0.165381793277353495E+01    0.232873408252127212E+00
    0.252031773826483620E-02    0.838493965728255830E+01    0.296074295043945312E+03    0.180451214313507080E+00    0.832400918006896973E+00    0.502683348655700701E-02
    0.250823274823831115E-02    0.837892777607342687E+01    0.180353739857673645E+03    0.224246144294738770E+00    0.127238929271697998E+01    0.192019150471687328E+00
    0.257582014385086691E-02    0.831012364591696517E+01    0.128547650575637817E+03   -0.153673386573791504E+01    0.182334959506988525E+01    0.436587983965873727E+00
    0.264405758338404897E-02    0.824220521637506920E+01    0.131653874017092221E+03    0.677181713535829566E+00    0.141227360787610223E-01    0.533878200552988624E+00
    0.264455573750427058E-02    0.822620344152582028E+01    0.136634245186362023E+03   -0.116632636409232204E+01   -0.180583853299525643E+00    0.396723233301795042E+00
    0.264067720198093905E-02    0.821351381732778485E+01    0.285140414580817833E+03    0.986693498303043981E-01    0.604756639747328073E+00    0.101290362752754964E+00
    0.264477877885512143E-02    0.819478476900168396E+01    0.342315594463948059E+03    0.695230333155631541E+00   -0.171170092344037128E+01    0.442878166090704753E-01
    0.268492081559116224E-02    0.814903214540680132E+01    0.276826642453670502E+03    0.277164340019226074E+00    0.872455835342407227E+00    0.392592358589172359E-02
    0.266546570809556710E-02    0.814795203344823626E+01    0.235523614287376404E+03   -0.114728552103042603E+01   -0.576993227005004883E+00    0.141386029171943678E+00
    0.273124646648388895E-02    0.808356844540867669E+01    0.133461149036884308E+03   -0.953080356121063232E+00   -0.303468704223632812E+00    0.440627007722854624E+00
    0.280754030881291998E-02    0.801284208751019911E+01    0.321813349364134353E+03   -0.191194261863034254E+01   -0.213109062508384683E+01    0.426341924522882609E+00
    0.279893805339668242E-02    0.800335446046414134E+01    0.252120732142052304E+03   -0.141644503129706933E+01    0.113606718204167567E+01    0.151889129593383049E+00
    0.295606770706587996E-02    0.787848980208873151E+01    0.210600206255912781E+03   -0.449279785156250000E+00    0.673264861106872559E+00    0.333824588513374321E+00
    0.300064314479888761E-02    0.783293132307622209E+01    0.199956691265106201E+03   -0.137780886888504028E+01    0.332951545715332031E+00    0.531850023365020741E+00
    0.300252636928136085E-02    0.781605150290844009E+01    0.216596190936650771E+03   -0.406628655429205788E+00   -0.549738669053565943E+00    0.156327455354466960E+00
    0.302018897713029252E-02    0.778869580838334308E+01    0.282848642828004131E+03    0.958165725658375322E-01   -0.360829078801594427E+00    0.356567518542907747E+00
    0.304402231915611946E-02    0.775735007335356563E+01    0.320951111550463793E+03   -0.166629464692435136E+01   -0.147489752045150357E+01    0.242762185490771387E+00
    0.304125341030829586E-02    0.774354514472714328E+01    0.162585432827472687E+03    0.698036193847656250E+00    0.684873461723327637E+00    0.117642362666130068E+00
    0.304103072808454286E-02    0.772806659117310435E+01    0.208765601109719739E+03    0.729729514939576163E+00   -0.471779322266611345E+00    0.226981694858917671E+00
    0.306281820710054388E-02    0.769816366799376084E+01    0.344675695004087459E+03   -0.107615026084262388E+01   -0.207852023382789852E+00    0.285123877693315986E+00
    0.304073295678216997E-02    0.769701243653510403E+01    0.254507552087306976E+03   -0.154448956251144409E+01   -0.569626092910766602E+00    0.140085906028747570E+00
    0.302604259092114107E-02    0.769107323714363389E+01    0.253248788232801274E+03   -0.118446432179403094E+01   -0.324892487175224787E+00    0.533050117081292685E+00
    0.306186991428334700E-02    0.765190799280246026E+01    0.210657954216003418E+03   -0.490715086460113525E+00    0.108837187290191650E+01    0.204911921739578257E+00
    0.303902378513594418E-02    0.765126193658590736E+01    0.125316402543196602E+03   -0.746015397448246631E+00    0.120925238137316526E+01    0.544556295416189995E+00
    0.302018133733875180E-02    0.764807586753773716E+01    0.317743687331676483E+03   -0.169203162193298340E+00   -0.177663505077362061E+01    0.231101997828483591E+00
    0.300072830458097267E-02    0.764537456286212969E+01    0.260707276142668320E+03    0.689985655951493193E+00   -0.708287702559141863E+00    0.195281122879995883E+00
    0.299260453979131218E-02    0.763517143411530164E+01    0.143904705345630646E+03   -0.861845552921295166E+00    0.210082948207855225E+01    0.193767000174522419E+00
    0.301110426230897892E-02    0.760722086558496002E+01    0.275355061888694763E+03   -0.852156162261962891E+00    0.105935692787170410E+01    0.512381304502487200E-01
    0.302249033852911063E-02    0.758404740368823926E+01    0.186189460197917441E+03   -0.851744476999345412E-01    0.163184306894259112E+01    0.820869199192161836E-01
    0.316121791060616818E-02    0.747866988146996192E+01    0.223892924840777482E+03   -0.825090608682506721E+00   -0.188218412344043617E+01    0.567392060544470556E+00
    0.319044958100466987E-02    0.744463593495753706E+01    0.338211173628594679E+03   -0.223984229294371229E+00   -0.165717676599923047E+01    0.173463220846839627E+00
    0.318597980461963071E-02    0.743181487230040183E+01    0.224483704462304047E+03   -0.124930295471395425E+01    0.109594064189856066E+01    0.200217251635458421E+00
    0.319311844095798714E-02    0.741171360368468513E+01    0.328372735319866251E+03    0.517759904911909707E+00   -0.265917796220335934E+01    0.378241778347143676E+00
    0.319162060394709637E-02    0.739702698943723469E+01    0.285269324481487274E+03    0.583582222461700439E+00   -0.288847684860229492E+00    0.114047994875907902E+00
    0.319169581716278192E-02    0.738135485831558835E+01    0.227318610234014727E+03   -0.942378681179236732E+00    0.164010570652193266E-01    0.476059159369204898E+00
    0.322127666258772765E-02    0.734727909757124653E+01    0.278100450336933136E+03   -0.370758652687072754E+00   -0.227407157421112061E+01    0.495864585399627689E+00
    0.328865664890231821E-02    0.729025128167656788E+01    0.272259998185183690E+03   -0.436465335562566503E+00   -0.417412545946514335E+00    0.427576359432150999E+00
    0.326856956233881422E-02    0.728687972467210976E+01    0.341773625697699913E+03   -0.198271003676529545E+01   -0.145134381924589384E+01    0.243253616884865437E+00
    0.330617882157587667E-02    0.724837344176504761E+01    0.151464321841820038E+03    0.905934867148880940E-01    0.412933552295530859E+00    0.532422991483708197E+00
    0.334691271077071232E-02    0.720825793356346445E+01    0.265938983023145113E+03    0.590235942766783594E+00   -0.122690205852386880E+01    0.137027365235473098E+00
    0.333139870494609212E-02    0.720192512302050858E+01    0.191682614815788327E+03    0.174716380474977839E+00   -0.439912583990842876E+00    0.174600488360044270E+00
    0.331177984245619329E-02    0.719811309440828317E+01    0.241462532213513242E+03   -0.150237640313014120E+01    0.143314352942597090E+01    0.537384041927658901E-01
    0.330816325698670083E-02    0.718467336142642310E+01    0.237555213272571564E+03   -0.125937342643737793E+01    0.153553485870361328E-01    0.291232087612152100E-01
    0.332185417473176850E-02    0.716078839086297414E+01    0.214425449836814209E+03    0.674245297313980529E+00   -0.710057558138402101E+00    0.212406619456152967E+00
    0.330657133743366121E-02    0.715438601204290059E+01    0.237380200093911839E+03    0.495827846667790340E+00    0.259273833214250793E+00    0.133092923769657756E+00
    0.343185451643123829E-02    0.706438303683883895E+01    0.239294940492393351E+03   -0.127518708985104290E+01    0.307513525985074310E+00    0.357521359809589379E+00
    0.343314070166204736E-02    0.704800862029591890E+01    0.196176399290561676E+03   -0.570239365100860596E+00    0.810378789901733398E+00    0.302532347059249862E+00
    0.351766439600084040E-02    0.698374012662434751E+01    0.342784910681466727E+03   -0.884449549134546542E+00   -0.108868807255917499E+01    0.476925578778018944E+00
    0.351331005404838422E-02    0.697059236077736788E+01    0.217000516231305483E+03   -0.168249198633923203E+01    0.113771658377482154E+00    0.109053029239777111E+00
    0.355387719134412240E-02    0.693200626949257170E+01    0.345955644547939301E+03   -0.145308792591094971E+00   -0.942962765693664551E+00    0.373008970141410823E+00
    0.366174717547836613E-02    0.685657880994364444E+01    0.313590192442962007E+03   -0.406665732685058678E+00   -0.270738816089341583E+00    0.257983190940582252E+00
    0.364148307770437944E-02    0.685205254246334405E+01    0.339933790495887251E+03   -0.125036691136129985E+01   -0.344416920499608814E+00    0.287686986959977797E+00
    0.363417553651204997E-02    0.684044507216727826E+01    0.328181623942977467E+03   -0.367947734959262363E+00   -0.182979246043575250E+01    0.291440975141928182E+00
    0.361812661703930522E-02    0.683367185210187777E+01    0.197651021390640324E+03   -0.807020690518259087E+00   -0.943178396226524995E+00    0.425499631699134351E+00
    0.365150645206753022E-02    0.679967999957869473E+01    0.285156667175913356E+03   -0.100050600165406456E+00    0.136536120573078179E+00    0.184354194817521078E+00
    0.365114520334330330E-02    0.678425287220993845E+01    0.269215663491710075E+03   -0.108412470779402925E+01   -0.160688316797901187E+01    0.420342165319973038E+00
    0.364991151769575046E-02    0.676930376651205457E+01    0.232190159124647323E+03   -0.451406134089694877E+00   -0.251097706163008638E+00    0.892838269047407374E-01
    0.365975520265618111E-02    0.674829209634631866E+01    0.343985400021874341E+03   -0.750082360069863618E+00   -0.566417157399938809E+00    0.304048305710298561E+00
    0.364362108104265879E-02    0.674150363836915467E+01    0.139222327222123056E+03    0.382176425319562085E+00    0.314504483914873845E+00    0.523497184771824831E+00
    0.364014819925489400E-02    0.672778582785707524E+01    0.171387931701187313E+03   -0.759155571957075281E-01    0.137952524082542904E+01    0.160970655146277480E+00
    0.367909844560111027E-02    0.669087414854264928E+01    0.200420423487217761E+03   -0.728800445599934399E+00    0.255146307150498686E+00    0.434344102178633396E+00
    0.369907369465705778E-02    0.666441974663621650E+01    0.170721802063312282E+03   -0.104351336421686547E+01    0.127007096964894117E+01    0.268870125169594409E+00
    0.372601232909231537E-02    0.663428245544069917E+01    0.274277886748313904E+03   -0.150019913911819458E+01   -0.109274148941040039E+01    0.301105135488510145E+00
    0.371686054479342803E-02    0.662357587286700333E+01    0.219282127916812897E+03    0.471400797367095947E+00   -0.161737501621246338E+01    0.434368627667427065E+00
    0.370676640221683429E-02    0.661338980392836362E+01    0.311333193987885011E+03   -0.516152858720808405E+00    0.528432285088920040E+00    0.283419581727168274E-01
    0.371541333033933389E-02    0.659310475399903861E+01    0.238603372674955978E+03   -0.127332473913037436E+01   -0.152713443532179083E+01    0.510871703298287572E+00
    0.372723445157361905E-02    0.657112656813240203E+01    0.190121609314181029E+03   -0.128400631618480898E+01    0.881825066777768285E-01    0.204095185330018580E+00
    0.369838245035717045E-02    0.657104352069494801E+01    0.246458282992200338E+03   -0.599985370385357264E+00   -0.787069839301755003E+00    0.232281159268743043E+00
    0.367720212390039262E-02    0.656690527647158540E+01    0.246338736099240634E+03    0.285342341188834503E+00    0.438511138415029755E+00    0.104720861487315950E+00
    0.368724939522666528E-02    0.654582310017877766E+01    0.230694624424815686E+03    0.340032142587033626E+00   -0.181152454714571087E+01    0.471669995059008140E+00
    0.367436068946092997E-02    0.653720130669840671E+01    0.194706199348170230E+03   -0.142525250600792042E+01    0.860997643958035574E+00    0.313372541201247967E+00
    0.366144855536133101E-02    0.652861691912613473E+01    0.181039959462683385E+03   -0.345884340699639248E+00    0.277725920593741904E+00    0.440923582195600627E+00
    0.369266569540633270E-02    0.649601240182147066E+01    0.308527259675793402E+03   -0.988785570631555810E+00   -0.684309114443272470E+00    0.399183250754779284E+00
    0.367687285826240979E-02    0.648895936936307116E+01    0.244006290340746943E+03    0.525582443356720663E+00   -0.565057743406230273E+00    0.818189553991142127E-01
    0.365128338495476421E-02    0.648730218143950665E+01    0.262441083945061791E+03   -0.674963238829622725E+00    0.420303292194452283E+00    0.177740105386950870E+00
    0.362750847569208619E-02    0.648474253309071358E+01    0.335811489820480347E+03   -0.192535877227783203E+00   -0.162279427051544189E+01    0.230437248587608334E+00
    0.366698723270673758E-02    0.644746880283764856E+01    0.313099219297842183E+03   -0.101536348536517163E+01   -0.721850232583285845E+00    0.885376685720811463E-01
    0.365422482356003676E-02    0.643881664939694964E+01    0.318660044048082170E+03   -0.130026704351869249E+00   -0.123359490938723226E+00    0.153982505354075649E+00
    0.371512118941784951E-02    0.639013701908990761E+01    0.158101960604903297E+03   -0.807896104929279657E+00   -0.426676508120497289E+00    0.461225773228337521E+00
    0.373311887102057436E-02    0.636484653221769303E+01    0.168093256724613127E+03   -0.189693573328756138E+00    0.103814168144470997E+01    0.255983163943373948E+00
    0.372227478075912556E-02    0.635503965446068264E+01    0.149348937158893989E+03   -0.712882645760485989E+00    0.160903320903294578E+01    0.209009658089624295E+00
    0.372244981695551112E-02    0.633932060870029090E+01    0.278706061415861825E+03   -0.120247028603597061E+01   -0.432501819778368990E+00    0.109438948703211275E+00
    0.370288692922103027E-02    0.633423408455215942E+01    0.330438494844272327E+03    0.547066602362964005E+00   -0.161722727659889642E+01    0.244196523996714709E+00
    0.370061902834591854E-02    0.631983439642955958E+01    0.267148292659196045E+03   -0.852489015557619911E+00    0.450928256916744097E+00    0.153585023485246219E+00
    0.371298228233792743E-02    0.629753881087480138E+01    0.159920596184966428E+03   -0.771569834562521484E+00    0.389379903198607380E+00    0.516464200696326370E+00
    0.368908436290232324E-02    0.629482804340738333E+01    0.168559974649024639E+03   -0.122863447232969114E+01   -0.668648680885830515E-02    0.338506205089622592E+00
    0.369902637937202447E-02    0.627382032903415343E+01    0.300514920233171324E+03   -0.114821645149573826E+00    0.184299822781857081E+00    0.904676175674737765E-01
    0.369515339376281973E-02    0.626029048283469614E+01    0.201030679600600962E+03   -0.120683156510016554E+01    0.417651816005530918E+00    0.381120985214329355E+00
    0.367626868098423591E-02    0.625491303284727529E+01    0.157099948170529359E+03   -0.338276010380834879E+00   -0.433253224592759167E+00    0.442186611258933771E+00
    0.365299780184326307E-02    0.625198832551315320E+01    0.217226389214724065E+03    0.435694052810910115E+00    0.518980382709544052E+00    0.822516229150965644E-01
    0.366388439991675603E-02    0.623041182551259176E+01    0.175468250375603077E+03   -0.419471453481798484E+00    0.140385637254968998E+01    0.120565742328444372E+00
    0.364357824614995390E-02    0.622590215077263309E+01    0.175336198508739471E+03   -0.288242638111114502E+00    0.556029081344604492E+00    0.356153018760681173E+00
    0.363030174447990725E-02    0.621757807761253645E+01    0.318447946738508449E+03    0.259370536221152914E+00   -0.117066784807645341E+01    0.109463632637394864E+00
    0.360886866684626429E-02    0.621379594857268991E+01    0.258776355233059917E+03    0.403413730252059288E+00    0.139433294936470276E+00    0.901611952789857091E-01
    0.358578493218398740E-02    0.621100481947670158E+01    0.319688907465829459E+03   -0.106161535483315195E+01   -0.375953472753792539E+00    0.588855891803778762E-02
    0.358763516621472388E-02    0.619434810291952953E+01    0.334469474167894305E+03   -0.930221171921020051E+00   -0.130546152140550031E+01    0.227031797910327793E+00
    0.355991762573427614E-02    0.619423480614371780E+01    0.163047276705061591E+03    0.893605077966603822E-01    0.165797453557010854E+01    0.348786369435114055E-01
    0.353983314390523846E-02    0.618992543456927002E+01    0.328448647125882417E+03   -0.842836696395586227E+00   -0.432464198735478256E+00    0.251814891688644349E+00
    0.351230108982772968E-02    0.618991681000715666E+01    0.168234805368303483E+03   -0.159152815048322238E+01    0.117587078746664186E+01    0.299608578926956526E+00
    0.349137698450491512E-02    0.618624219799188424E+01    0.311007480323314667E+03   -0.697330832481384277E+00   -0.520704984664916992E+00    0.299550289607048048E+00
    0.347230038477053032E-02    0.618157499884531703E+01    0.144243857498716636E+03   -0.178297887211610551E+00   -0.315667556772579516E+00    0.462074761312519955E+00
    0.346330869529906226E-02    0.617113581275460632E+01    0.241010312850081846E+03   -0.183748779044816812E+01   -0.307097333855336885E+00    0.232176808009051133E+00
    0.347230017313642902E-02    0.615032512074383586E+01    0.262989836931228638E+03    0.254334986209869385E+00   -0.147442877292633057E+01    0.567428607773780791E+00
    0.344948599329417648E-02    0.614788415267366961E+01    0.231261609333635931E+03   -0.161611070974894977E+01    0.132468039355648326E+01    0.352761716628696362E-01
    0.342340655453901967E-02    0.614743736984672928E+01    0.181171568490559224E+03   -0.112974010902951871E+01    0.111282382306606564E+01    0.220822308055821676E+00
    0.340562536204634799E-02    0.614222745233167444E+01    0.225213349975409187E+03    0.368495247457873987E-01   -0.596356707453341350E+00    0.217658854210248887E+00
    0.339105018783460079E-02    0.613518029098062900E+01    0.228038073266245590E+03    0.191471923046675929E+00   -0.127885137222556500E+01    0.385199618806412181E+00
    0.337111053165235720E-02    0.613135016826957369E+01    0.159610976274763715E+03    0.434508943441241247E+00    0.175667513696504685E+00    0.188536100169273552E+00
    0.334528126501885481E-02    0.613110806715347678E+01    0.242990589141845703E+03   -0.118091773986816406E+01   -0.124794423580169678E+01    0.456375566840171831E+00
    0.333220308646748481E-02    0.612331727212366417E+01    0.276213278289039465E+03   -0.894524669227216851E+00   -0.120114114437069652E+01    0.331403200902483652E+00
    0.333776108752950823E-02    0.610435911937892861E+01    0.222308381512384898E+03    0.136364339312851079E+00   -0.128841743799427810E+00    0.846989961561746135E-01
    0.331838742186098875E-02    0.610037672041263335E+01    0.241400481760501862E+03    0.337888479232788086E+00   -0.489748120307922363E+00    0.110394330525398252E+00
    0.329263395318698951E-02    0.610033394136487761E+01    0.225043651676759623E+03   -0.167288510877905217E+01    0.148764713556823303E+01    0.764521820011290244E-02
    0.328990511341944796E-02    0.608636717074793232E+01    0.333992144717834947E+03   -0.139042132845442001E+01   -0.139761715670333686E+01    0.297007238693000830E+00
    0.327456240927472345E-02    0.608009112831630727E+01    0.304175665974617004E+03   -0.197950309514999390E+01   -0.182146191596984863E+01    0.517282721328735318E+00
    0.325421040100774047E-02    0.607693528586359832E+01    0.180289476161575209E+03    0.102262661044633330E+00   -0.789649759389501327E+00    0.412440414331167293E+00
    0.323954825317750031E-02    0.607034183355559342E+01    0.185573922097682953E+03   -0.788888752460479736E+00    0.137714207172393799E+01    0.978564856767654423E-01
    0.322881894653085678E-02    0.606135177938077518E+01    0.221464467048645020E+03   -0.173339915275573730E+01    0.570587515830993652E+00    0.468594991207122794E-01
    0.321112390483383565E-02    0.605671761370172046E+01    0.206944891145657664E+03   -0.296018993766671290E+00    0.350314920481027414E+00    0.291790522643513073E+00
    0.321277041499325091E-02    0.604006737255452464E+01    0.304618496797323814E+03   -0.177452716875676764E-01   -0.158727139171992704E+01    0.307308819587168991E+00
    0.322352482795460697E-02    0.601775876183508363E+01    0.172736386954784393E+03   -0.418756783008575439E+00   -0.416243076324462891E+00    0.405239243602752708E+00
    0.321046921164834824E-02    0.601025042103293750E+01    0.308671311372632772E+03    0.284784461216105900E+00   -0.569540739828103604E+00    0.173757256970788476E+00
    0.319127309161361351E-02    0.600661976673412745E+01    0.133505687117576599E+03   -0.117504870891571045E+01    0.154073476791381836E+01    0.301624372744560276E+00
    0.316920837887544118E-02    0.600487094975671454E+01    0.290011848360908743E+03    0.588531223407517956E-01   -0.597330202625203199E+00    0.623074866260577565E-01
    0.314575319808152974E-02    0.600410291340868874E+01    0.263327580410696669E+03   -0.100524465206659031E+01   -0.776688390889453295E+00    0.490372999113320440E+00
    0.313044941763805261E-02    0.599823146134919316E+01    0.334268007020246955E+03   -0.180921570804513698E+01   -0.142114118688621272E+01    0.340476351582721326E+00
    0.311947101018388712E-02    0.598963273880176850E+01    0.216049720685370062E+03   -0.946436329622880157E+00    0.621807368303679553E+00    0.225816450834140092E+00
    0.309965171260871090E-02    0.598675510884301154E+01    0.187159731766313229E+03   -0.113981300861689450E+01   -0.182684844129917145E+00    0.560269008942249402E+00
    0.311290707594067675E-02    0.596259553627938033E+01    0.132941349778672532E+03    0.937165306721001734E-01    0.167686181970903903E+00    0.368257695778274108E+00
    0.308995209727648762E-02    0.596177344107886498E+01    0.349771564271051204E+03    0.612409273241993901E-01   -0.918843075338519277E+00    0.240892523031539935E+00
    0.308153365624654714E-02    0.595160479087055982E+01    0.157027946155503940E+03   -0.119222768789042455E+01    0.853708209307075805E-01    0.393001404407423927E+00
    0.306621445224281681E-02    0.594594717108231219E+01    0.232616696316456796E+03    0.448849887255950097E+00   -0.170216472220734083E+01    0.517257835443700631E+00
    0.305073008274089853E-02    0.594044775092875454E+01    0.340205505646671554E+03   -0.180151013705609775E+01   -0.119951417238930613E+01    0.276809125549408563E+00
    0.302782612272763747E-02    0.593989479608887017E+01    0.141098923760703400E+03   -0.808661683531610720E+00    0.193071947730498117E+01    0.115363484171408640E+00
    0.301857918807281727E-02    0.593038711134549246E+01    0.247202880731769170E+03   -0.129199454792658397E+01   -0.961262501726025675E+00    0.395229264935447577E+00
    0.299927786085187054E-02    0.592759152437341097E+01    0.323699079065119577E+03    0.413800903461520875E-01   -0.380283283669543337E+00    0.136430824912229381E+00
    0.297623382662049471E-02    0.592739224834412681E+01    0.178473656593155539E+03   -0.132372138550299101E+01    0.160859647830008612E+01    0.750808421287786770E-01
    0.296334706539503343E-02    0.592044582798172314E+01    0.307730458476311924E+03   -0.134300346994353847E+01   -0.123647179824706832E+01    0.519756835823450780E+00
    0.294417646284096321E-02    0.591780133987078294E+01    0.225823118817086339E+03   -0.374434486848584047E+00   -0.121071696073263091E+01    0.460880159758067731E+00
    0.292362171116475550E-02    0.591618829811606428E+01    0.313192610389966603E+03    0.334302214902879591E+00   -0.840483185498206886E+00    0.213273161230703140E+00
    0.291353747968277083E-02    0.590747367433482218E+01    0.266478143632411957E+03   -0.109389257431030273E+01    0.217177271842956543E+00    0.192797886943817137E+00
    0.289704277322510835E-02    0.590320365097884903E+01    0.272953724023459245E+03    0.264449611267032481E-01   -0.216923081646116911E+01    0.558953602557868745E+00
    0.290027819611721107E-02    0.588534629348468918E+01    0.151271470230190999E+03   -0.503367992551960075E+00   -0.426582890222561240E+00    0.524036090080822858E+00
    0.288849962199688119E-02    0.587786020691016375E+01    0.221760247647762299E+03   -0.135404145717620850E+01    0.933238267898559570E+00    0.129853189373016376E+00
    0.288774987550153824E-02    0.586275439951073896E+01    0.160920392736492005E+03   -0.330333117882864791E+00    0.362183031704361724E-01    0.530207990472950974E+00
    0.286562305264983835E-02    0.586251302384413364E+01    0.264970315750985435E+03    0.292743839720753130E+00   -0.780122093421720564E+00    0.314155893136502329E+00
    0.286190664017728618E-02    0.584948349742065687E+01    0.231230556330917921E+03   -0.135286444982850007E+01   -0.278236480603450076E+00    0.440599230943048759E+00
    0.284791805573653481E-02    0.584365817651605024E+01    0.318251966226824607E+03   -0.191511717373094070E+01   -0.137454891177391803E+01    0.389177034486457740E+00
    0.282622401488633523E-02    0.584332651692743621E+01    0.183228937287611870E+03   -0.107785966048187820E+01    0.780589977370049759E+00    0.267728294080465723E+00
    0.281740022157325092E-02    0.583395551268151280E+01    0.160960206476249112E+03    0.363928895033862609E+00    0.697009562546853090E-01    0.266709147370708610E+00
    0.279970384479243540E-02    0.583093233391849175E+01    0.308788743615150452E+03   -0.128495150804519653E+01   -0.118309199810028076E+01    0.485956771588325509E+00
    0.278037196221099080E-02    0.582916518144144202E+01    0.174270205056446002E+03    0.629539535884564572E-01    0.763153177529545701E+00    0.206069744852016706E+00
    0.278579434296709035E-02    0.580964350845390598E+01    0.257035480439662933E+03    0.167410671710968018E+00   -0.761472582817077637E+00    0.202616073560714732E+00
    0.276592048974515095E-02    0.580833764314595502E+01    0.283246243981718067E+03   -0.101225151775506239E+01   -0.128176379712219646E+01    0.389664323216994568E+00
    0.274971326930708877E-02    0.580446633658696864E+01    0.267887772038134699E+03   -0.189806685207619452E+01   -0.192892471692463374E+00    0.177182541270407140E+00
    0.272914780288864177E-02    0.580385581695739194E+01    0.254531282289472415E+03   -0.119919386358406044E+00   -0.559156577203753891E+00    0.187406749585240867E+00
    0.270839646072410650E-02    0.580349612195659681E+01    0.298114496578012222E+03   -0.130747823910365879E+01   -0.122939572200360470E+01    0.360936334558037197E+00
    0.268932557976730123E-02    0.580200372098153672E+01    0.233791179375089712E+03   -0.224823223367064173E+00    0.242861929945306088E+00    0.195539014402541927E+00
    0.268021383326888995E-02    0.579316645791278795E+01    0.224378177523612976E+03    0.403063833713531494E+00   -0.423200726509094238E+00    0.201088828897476202E+00
    0.265937223078885994E-02    0.579315443470364677E+01    0.172254156185705369E+03    0.107641757990205811E+00    0.115851077862144969E+01    0.856622972397843574E-01
    0.263919983460157237E-02    0.579275806113414671E+01    0.250535610300557977E+03   -0.668875002667404406E+00   -0.232678069059889303E+00    0.320532231951633273E+00
    0.262046001272398747E-02    0.579138485818545501E+01    0.175683782287674489E+03   -0.154866459066705553E+01    0.346434455903269267E+00    0.449265977772343283E+00
    0.261167358122803501E-02    0.578247714825291048E+01    0.182425752451419385E+03   -0.111348419783339336E+01    0.888092039802845790E-01    0.463492952205130093E+00
    0.259713482548739379E-02    0.577801692327352878E+01    0.349658219516277313E+03    0.561800003051757812E-01   -0.104342639446258545E+01    0.250161986660957347E+00
    0.257695828304718580E-02    0.577799013095045311E+01    0.215721750259399414E+03   -0.133694005012512207E+01   -0.268982052803039551E+00    0.477573438906669645E+00
    0.255873673946875558E-02    0.577655726654991497E+01    0.246465783271217589E+03   -0.133168588392012377E+01   -0.820034191610888641E+00    0.540032880331341558E+00
    0.254346047621703498E-02    0.577290852560346135E+01    0.320984922706367684E+03    0.409189816941729845E+00   -0.214281219090183761E+01    0.460930983210689371E+00
    0.253852074054021840E-02    0.576117156613083559E+01    0.214315655827522278E+03   -0.142280828952789307E+01    0.178599357604980469E-01    0.401768654823303262E+00
    0.252137414936272211E-02    0.575910151712098184E+01    0.134926709207248422E+03    0.213502442114648083E+00    0.176931415872203068E+01    0.386812249948677855E-01
    0.250340574331499614E-02    0.575778041342873692E+01    0.286255224818259990E+03   -0.925514243513259283E+00   -0.107819114415282602E+01    0.481468041885479592E+00
    0.248413900383969008E-02    0.575760737329208361E+01    0.245110363714909795E+03    0.140817343279271867E+00    0.218631071465567040E+00    0.105522707598062315E+00
    0.246558362824307684E-02    0.575697752667572971E+01    0.220384686972354075E+03    0.376264228596850714E+00   -0.832321831279248414E+00    0.341092201486179303E+00
    0.244745039971397665E-02    0.575611595861240488E+01    0.309335772327366897E+03    0.230440387317378814E+00   -0.139217919837138604E+01    0.374302012677834417E+00
    0.243677948070751245E-02    0.574923005259116771E+01    0.301211277611096364E+03   -0.166169087013317718E+01   -0.547923296576657393E+00    0.335293343357188411E+00
    0.241994186726760246E-02    0.574747258147916185E+01    0.219405215002202539E+03   -0.129338125158727335E+01    0.950884551905732067E+00    0.107277820277092484E+00
    0.240804581931312184E-02    0.574170350721980061E+01    0.167633902302061699E+03   -0.755849982789811525E+00   -0.457003308856405610E+00    0.508002239867881178E+00
    0.238977238637677657E-02    0.574131336649363444E+01    0.214516734254262275E+03   -0.173403979291016030E+00   -0.601730796213947094E+00    0.333448607518242734E+00
    0.237585784175218693E-02    0.573736748006265174E+01    0.177990311384201050E+03   -0.538053929805755615E+00   -0.630041956901550293E+00    0.490287842845916755E+00
    0.235892709678675030E-02    0.573604582633700488E+01    0.198381637195378659E+03   -0.907472659881773502E+00    0.106852364385027876E+01    0.114354911764391595E+00
    0.251954732791414117E-02    0.560428076543309217E+01    0.262333641602177636E+03   -0.894665671053521905E+00   -0.871720340645198100E+00    0.357961395756833278E+00
    0.256470589395364768E-02    0.556875165100414016E+01    0.245287221726297048E+03   -0.121335410623248241E+01   -0.902607212560960548E+00    0.504851589711781457E+00
    0.237333468203486863E-02    0.572384726259064536E+01    0.268530877729210033E+03   -0.968524679441226111E+00   -0.806687788752292967E+00    0.440194512024948026E+00
    0.255655338852927043E-02    0.557511923511672158E+01    0.300007667283867761E+03   -0.897665712867978360E+00   -0.102055564291434653E+01    0.382127213422152612E+00
    0.244722996713370904E-02    0.566252575413298942E+01    0.285529352721147575E+03   -0.835976778485546967E+00   -0.119004716856837112E+01    0.489611818334447446E+00
    0.259086864853967213E-02    0.554845286261042681E+01    0.323783292994862961E+03   -0.804772756249727106E+00   -0.142399198367667124E+01    0.388337288939198333E+00
    0.238966434115653716E-02    0.571013344654883692E+01    0.265091298601355732E+03   -0.100967455145706442E+01   -0.133922296319840139E+01    0.465969172293361267E+00
    0.246365586511649659E-02    0.564914653107631182E+01    0.301964389234315092E+03   -0.153285642084151119E+01   -0.121073282068842669E+01    0.490471484340754049E+00
    0.257896111796902805E-02    0.555766597187340672E+01    0.259127999701520025E+03   -0.154215985645978382E+01   -0.124160492318784677E+01    0.554374278160881695E+00
    0.256701016348412532E-02    0.556695555031614564E+01    0.254435137651287533E+03   -0.165137757538380003E+01   -0.842214853748914472E+00    0.479293977477882327E+00
    0.248477281863951219E-02    0.563207680405048539E+01    0.306647185920232573E+03   -0.142586673031172273E+01   -0.128181301625896538E+01    0.396008399693220325E+00
    0.252940345190610927E-02    0.559647230229566794E+01    0.250613155271570861E+03   -0.147445716258981396E+01   -0.107134630084040117E+01    0.564616267241977665E+00
    0.258649973211767196E-02    0.555182825886411191E+01    0.317775461170462847E+03   -0.991543186517505948E+00   -0.146036206162319626E+01    0.457735811487939237E+00
    0.241611924381712620E-02    0.568811400316975124E+01    0.278129963618549027E+03   -0.176047488224239990E+01   -0.136385754183994790E+01    0.497695034085449184E+00
    0.250428983653653387E-02    0.561642888073820234E+01    0.266823035225429464E+03   -0.168623123443092404E+01   -0.700729243083907605E+00    0.430239685476615619E+00
    0.250492931701187934E-02    0.561591823789410416E+01    0.311035943181953655E+03   -0.165929892794662970E+01   -0.153044032236917626E+01    0.554236588735279367E+00
    0.255392873470132106E-02    0.557717356501783534E+01    0.216124645028193470E+03   -0.734708637207578841E+00   -0.545280151976700544E+00    0.399259299419528313E+00
    0.237013734997903536E-02    0.572654345855721214E+01    0.192329422622783454E+03   -0.172780243387081001E+01   -0.381200447496787831E-01    0.501484202622401898E+00
    0.256923935907738248E-02    0.556521950091010709E+01    0.193808717528852412E+03   -0.164167912830334473E+01   -0.401758454689817412E+00    0.516532675126564311E+00
    0.253666386699925341E-02    0.559073971359768507E+01    0.160432655477943285E+03   -0.165420545560064114E+01    0.285189244205685810E-01    0.563475644616253213E+00
    0.260236095634946594E-02    0.553960108639878879E+01    0.312886213202522129E+03   -0.724798080078584928E+00   -0.515181207056376600E+00    0.177071881789120311E+00
    0.260220699357942850E-02    0.553971941535255574E+01    0.306236684368125680E+03   -0.824959248920568822E+00   -0.102979529113048063E+01    0.321663830471539292E+00
    0.256381558742204861E-02    0.556944604726924375E+01    0.321196583049409696E+03   -0.124581010899359201E+01   -0.955335561994230531E+00    0.333977766680476962E+00
    0.247749575055108365E-02    0.563794272864007162E+01    0.256984738261514565E+03   -0.157335632720938579E+01   -0.236744493219958940E+00    0.327591417321545231E+00
    0.237762894286106669E-02    0.572023177543082362E+01    0.307066081464290619E+03   -0.127036654949188232E+01   -0.433887839317321777E+00    0.259457319545745857E+00
    0.253613037744332024E-02    0.559116038081357480E+01    0.306937878047079721E+03   -0.114699510353328904E+01   -0.187562987630766287E+00    0.804595408791774491E-01
    0.248267031992075457E-02    0.563376982702883389E+01    0.260606077313423157E+03   -0.141762071847915649E+01   -0.303713083267211914E+00    0.232644117808341988E+00
    0.250480477258753541E-02    0.561601767983824107E+01    0.284390819807297362E+03   -0.175700733091718342E+01   -0.254177321976882808E+00    0.192166715229414087E+00
    0.257170384760315590E-02    0.556330196273434296E+01    0.311938446915473833E+03   -0.891610414845977139E+00   -0.567750330669424486E+00    0.219164546362406315E+00
    0.238179597355511969E-02    0.571672964495751135E+01    0.264600285316836448E+03   -0.163961190877811336E+01   -0.635061441218967460E+00    0.311375595835670482E+00
    0.245205539142185659E-02    0.565858605640539203E+01    0.293409901156204057E+03   -0.116019254671807981E+01   -0.547557680661325819E+00    0.309742398010938003E+00
    0.239676592457731307E-02    0.570419867826641180E+01    0.336424963318013170E+03   -0.149085367610252284E+01   -0.404202672924562023E+00    0.202027268340942395E+00
    0.256922636837750903E-02    0.556522961342272193E+01    0.292829233410463189E+03   -0.150791577303070912E+01   -0.509497525979149657E+00    0.283762340959069825E+00
    0.259264697484132669E-02    0.554708056897758439E+01    0.295532543678101263E+03   -0.117815834154905597E+01   -0.379881283648259682E+00    0.207322971595148703E+00
    0.248405041705253467E-02    0.563265835147755389E+01    0.345644914535632495E+03   -0.152397351106418877E+01   -0.888387546053665211E+00    0.221033970034433036E+00
    0.242745602625531317E-02    0.567875166026533940E+01    0.291644847424583304E+03   -0.185962091559446674E+01   -0.210673469487775655E+00    0.263201730236563514E+00
    0.249466168217427498E-02    0.562413302928360270E+01    0.289361237538986870E+03   -0.155666864735205679E+01   -0.599929539696564262E-02    0.956649868145517390E-01
    0.256208173656004377E-02    0.557079905987839119E+01    0.256221967509839715E+03   -0.157382021558989948E+01   -0.205045796458600549E+00    0.292862968853274674E+00
    0.252508365038805896E-02    0.559989089055784639E+01    0.303864622098686596E+03   -0.187168258062308501E+01   -0.794601630981453866E+00    0.368785131718402714E+00
    0.256714675134076193E-02    0.556684913529304559E+01    0.331765996999678237E+03   -0.186735223192153121E+01   -0.758947669444804518E+00    0.271587646262493487E+00
    0.244575311091528970E-02    0.566373308000328812E+01    0.286375271730057307E+03   -0.117705508124963476E+01   -0.586980529588583266E-01    0.780466360976163342E-01
    0.242607983184956648E-02    0.567988583912616374E+01    0.271795440730754763E+03   -0.173955457017410708E+01    0.228832425727210520E+00    0.173981605249635352E+00
    0.254364042954718841E-02    0.558524668284499448E+01    0.170752947135464638E+03   -0.182043881632569482E+01    0.958155376514423729E+00    0.256994380726197236E+00
    0.247094705136732774E-02    0.564323627513048631E+01    0.233401511016620788E+03   -0.186526665749712817E+01    0.136007136227080494E+00    0.302776282726099133E+00
    0.246637500938682403E-02    0.564694034242129472E+01    0.189268794483030092E+03   -0.176725928726280168E+01    0.462614720662070766E+00    0.249710054781235175E+00
    0.256579194496339875E-02    0.556790490976376162E+01    0.186922832112098831E+03   -0.195124156660371639E+01    0.852391944137339763E+00    0.201183696282128816E+00
    0.252322825391933540E-02    0.560136100301320283E+01    0.181053053074269599E+03   -0.172072955497439173E+01    0.691302760185270593E+00    0.218502563930518590E+00
    0.257073128380980263E-02    0.556405846332606391E+01    0.229496973686390589E+03   -0.179224255861102266E+01    0.369538222660872329E+00    0.195436964864992124E+00
    0.256483057216328868E-02    0.556865442724094972E+01    0.285311149730428667E+03   -0.147944936305705621E+01   -0.792973611178114268E+00    0.382185607736570288E+00
    0.253549781243848265E-02    0.559165928568943560E+01    0.309827213738157582E+03   -0.171066251052314344E+01   -0.321966904345712734E+00    0.154268102782752908E+00
    0.261289663878698248E-02    0.553152041419601836E+01    0.305445400719939926E+03   -0.549423152497978462E+00   -0.842190978358139830E+00    0.265158039504673260E+00
    0.261194349619739375E-02    0.553225011506764996E+01    0.282706593945518648E+03   -0.450889754084068395E+00   -0.413313083128294956E+00    0.197333014453320160E+00
    0.261494527173255229E-02    0.552995293523586628E+01    0.272672195732593536E+03   -0.170528709888458252E+00   -0.437142848968505859E+00    0.186206586384773248E+00
    0.256621328802963738E-02    0.556757650552560790E+01    0.313571647921136616E+03   -0.145184465324953660E+00   -0.768448201509320583E+00    0.157478191394505584E+00
    0.258888267106119861E-02    0.554998650965504048E+01    0.300181396105358772E+03   -0.514969524105484133E-01   -0.965624391626591638E+00    0.286611708984619573E+00
    0.238330613793667767E-02    0.571546195801457912E+01    0.316880941882915977E+03    0.128679506092574059E+00   -0.925618067080488771E+00    0.247247145303249843E+00
    0.250789032033646875E-02    0.561355549286581290E+01    0.347427320957625284E+03    0.196861143946549078E+00   -0.128571409948722604E+01    0.232832338438308362E+00
    0.252533412941494291E-02    0.559969250774041249E+01    0.342792671091708712E+03    0.121915433211760682E+00   -0.151804021619208029E+01    0.331317288535316168E+00
    0.252153243591329151E-02    0.560270562026994590E+01    0.273564456191597912E+03    0.153689880849396499E+00   -0.849139735547912444E+00    0.241812922530848490E+00
    0.246171481315863010E-02    0.565072290141279598E+01    0.331530377953011111E+03    0.228531088659345905E+00   -0.834232247644949965E+00    0.141175299799551734E+00
    0.247032578172558552E-02    0.564373919789229372E+01    0.341477160728456170E+03   -0.171863308161560813E+00   -0.105806874761435621E+01    0.276794296827955033E+00
    0.257401989425447503E-02    0.556150159650878972E+01    0.346270991792169411E+03   -0.495583799673561476E+00   -0.193317184367940786E+01    0.513755675943312062E+00
    0.258927067317948597E-02    0.554968678726891795E+01    0.314796712075240976E+03   -0.563526465523144005E+00   -0.170368380666756680E+01    0.505673028347909503E+00
    0.254658059648847244E-02    0.558293623915052883E+01    0.284788653697082964E+03   -0.188354977738963481E+00   -0.128497542310754298E+01    0.371360527579347455E+00
    0.261280333076657940E-02    0.553159183660523102E+01    0.315839579661391099E+03   -0.210752200432199999E+00   -0.974057901543513793E+00    0.239038287288110468E+00
    0.240794546668101229E-02    0.569489151172215013E+01    0.293700904940514476E+03    0.273707015798366982E+00   -0.150149576889993464E+01    0.348715672908788021E+00
    0.260910932839826092E-02    0.553442145343386205E+01    0.307739258083399477E+03   -0.547098184111796115E-01   -0.184108077969332085E+01    0.498776099812561935E+00
    0.254459187131887265E-02    0.558449872817113935E+01    0.298957902270058185E+03    0.973145436778515283E-01   -0.157927796831529133E+01    0.438585350331956170E+00
    0.236266202787939342E-02    0.573286135012128639E+01    0.317761342300586193E+03   -0.269012012233776687E+00   -0.184021748923193007E+01    0.419736154260055006E+00
    0.260967189110818641E-02    0.553399027022196499E+01    0.313765242285677175E+03   -0.131268806993180220E+00   -0.118821275758036382E+01    0.318026266270448332E+00
    0.261201629343737118E-02    0.553219437402605330E+01    0.330294122052371904E+03   -0.265945812789671665E+00   -0.161713472613253995E+01    0.393671422657735470E+00
    0.247315228393865357E-02    0.564145214211210622E+01    0.298043567538402613E+03    0.641189101627772651E-01   -0.530938271406964368E+00    0.831926566430176012E-01
    0.238583738968633835E-02    0.571333893364117884E+01    0.292817990935237390E+03   -0.480657964869941612E+00   -0.135618493854902100E+01    0.505459462401488535E+00
    0.249262188255254362E-02    0.562576902989114558E+01    0.239218397438526154E+03    0.221003890037536621E+00   -0.100215017795562744E+01    0.397334718704223655E+00
    0.252852060123661022E-02    0.559717049441495540E+01    0.249575256887656280E+03    0.157100646566709745E+00   -0.125659992735379333E+01    0.430687898082014742E+00
    0.248511245992094924E-02    0.563180344459614890E+01    0.240360993705852479E+03    0.117120065895682135E+00   -0.654180258673048520E+00    0.340907967919237220E+00
    0.239264974602850216E-02    0.570763640833232344E+01    0.237987807809336630E+03    0.352667387904189944E+00   -0.147811810020838541E+01    0.516092833878165735E+00
    0.258947930284211727E-02    0.554952564439566842E+01    0.193069132655497697E+03   -0.180970760364389083E+00   -0.820264716143675798E+00    0.520598749737078981E+00
    0.243765737849030960E-02    0.567036429796793762E+01    0.209274851022546812E+03   -0.492513231974376353E-01   -0.766405322655057120E+00    0.398441467532322291E+00
    0.252720484732399039E-02    0.559821149551812880E+01    0.217289696232101790E+03    0.144543691583851164E+00   -0.891693849434091135E+00    0.420360629399503527E+00
    0.250091956150147194E-02    0.561912229496038940E+01    0.220151548318396323E+03    0.122427254348265180E+00   -0.961419753796071141E+00    0.419123543219585615E+00
    0.261668700059438947E-02    0.552862124460049742E+01    0.252204518661100593E+03   -0.145254615722593350E+00   -0.115854614060450656E+01    0.452243742671974147E+00
    0.256731916410567933E-02    0.556671481731893358E+01    0.263905535392585421E+03   -0.211170005646397207E-01   -0.120792838855213036E+01    0.444511118132364214E+00
    0.255757173313166976E-02    0.557432273945685530E+01    0.217011158916320767E+03   -0.618957075657770694E+00   -0.676240723255042475E+00    0.494678147308252103E+00
    0.244651892663435167E-02    0.566310693679666599E+01    0.236019944153451831E+03   -0.965142154716841283E+00   -0.132578338212301361E+00    0.208829387727978988E+00
    0.240425341387318168E-02    0.569796042356382859E+01    0.245191131731448849E+03   -0.154402973680160827E+01    0.994065238526613548E+00    0.230166636283117079E-01
    0.240040613610733884E-02    0.570116337981751364E+01    0.177354814941274128E+03   -0.130155086175395973E+01    0.146648253604006928E+01    0.828298084291885783E-01
    0.259199774480308202E-02    0.554758145578988771E+01    0.198259725679334679E+03   -0.122824096030279128E+01    0.464301258124449667E+00    0.241934256278130810E+00
    0.259143057580696204E-02    0.554801913445605610E+01    0.175663747025613389E+03   -0.127584934848736387E+01    0.911631752980297527E+00    0.185743001552133274E+00
    0.258167854175399541E-02    0.555555970271663302E+01    0.237575241406868344E+03   -0.759017767765175044E+00   -0.172269241101115966E+00    0.283284635119833705E+00
    0.260301621435157305E-02    0.553909756245877194E+01    0.235530955187777806E+03   -0.785281907159791848E+00   -0.142502693483610443E+00    0.247492935964380545E+00
    0.244761466014046082E-02    0.566221138827516324E+01    0.216489028935796540E+03   -0.598342739045251815E+00   -0.930187459072824296E-01    0.352948789179187594E+00
    0.258612264754051789E-02    0.555211985917834205E+01    0.126026256153322180E+03   -0.989311038739297377E+00    0.116400929103844319E+01    0.343432007268996198E+00
    0.257722968851434352E-02    0.555900915685995400E+01    0.188975660502910614E+03   -0.137733966112136841E+01    0.782680511474609375E-01    0.370177235269546545E+00
    0.238977943185721175E-02    0.571003712513055994E+01    0.189048501632944692E+03   -0.123395592684259747E+01    0.185064922603814352E+00    0.412084547671807411E+00
    0.249903509663523989E-02    0.562062988059610902E+01    0.202529743850883960E+03   -0.115588865271161167E+01   -0.112156712885967735E+00    0.338363925188465364E+00
    0.256179644309800954E-02    0.557102177669742815E+01    0.151915471255779266E+03   -0.119657182693481445E+01    0.727231502532958984E+00    0.363701661944389354E+00
    0.247660229482855442E-02    0.563866411584236715E+01    0.150052988448498695E+03   -0.768905837342818810E+00    0.237173935779642520E+00    0.402796336587807446E+00
    0.261077118962773757E-02    0.553314796736084613E+01    0.192686497162392413E+03   -0.621439485793741753E+00   -0.174195574846947032E+00    0.402304408214959386E+00
    0.253093736047477810E-02    0.559525980798153189E+01    0.128104352107807443E+03   -0.134293085383518607E+01    0.931341112773479196E+00    0.442177568062769255E+00
    0.250312769562729010E-02    0.561735721629052431E+01    0.215350613522653020E+03   -0.143767798830114080E+01    0.387917025072113120E-01    0.359637288807453492E+00
    0.255329189999323755E-02    0.557767233705604326E+01    0.179313445159878313E+03   -0.131991026534435196E+01    0.352128684999259534E+00    0.303789348233750034E+00
    0.257364502901239042E-02    0.556179288605334143E+01    0.225474913653060696E+03    0.615993292479428689E-01   -0.366541000428190600E+00    0.263337153318873252E+00
    0.260150691112903069E-02    0.554025755597092573E+01    0.154461116301886079E+03   -0.484103157311563947E-01    0.123980697978270271E+00    0.419486094062521409E+00
    0.259489777594390601E-02    0.554534502636391657E+01    0.164874223012533150E+03   -0.111059103040163087E+00   -0.126956159808009339E+00    0.425380618626452656E+00
    0.260652975853517934E-02    0.553639978823074230E+01    0.162055740264270298E+03   -0.321883254828342569E+00   -0.120963989478325651E+00    0.457783445339567274E+00
    0.258936302696268677E-02    0.554961545279070734E+01    0.194007580710579361E+03   -0.288562030105547596E+00   -0.243006886076048367E+00    0.359633836360912562E+00
    0.246721041935086833E-02    0.564626301759609728E+01    0.190076096796812749E+03    0.511640757548672553E-01    0.353899430728343845E+00    0.231671446020052268E+00
    0.260989450756461856E-02    0.553381966872784581E+01    0.178665171901075553E+03   -0.276076859287802900E+00    0.383693813409591300E-01    0.360440288206989812E+00
    0.261090295547166491E-02    0.553304702973793461E+01    0.187852070818371431E+03   -0.916149398117427349E-01   -0.405980795856212495E+00    0.419858478626647769E+00
    0.241678573157643514E-02    0.568756237820139354E+01    0.139620150844662845E+03   -0.230742147544015452E+00    0.123166356917333442E+01    0.240343002413023421E+00
    0.261511558949220190E-02    0.552982267460278365E+01    0.202352179431632692E+03   -0.357560849571524564E+00    0.159138709645811005E+00    0.239119505392701548E+00
    0.248012281526804445E-02    0.563582311017569992E+01    0.147625682484170511E+03    0.244982652651356325E+00    0.772917218998640188E+00    0.192918167925769796E+00
    0.248699307002365165E-02    0.563029051597381169E+01    0.132359849104445090E+03    0.176038471731373214E+00    0.119267161111508990E+01    0.193053705453315100E+00
    0.250955025228475834E-02    0.561223216318421692E+01    0.152158228149065366E+03    0.607310567163232840E-01    0.747112415494523674E+00    0.177698381751917128E+00
    0.255461770662843450E-02    0.557663409889830142E+01    0.179441396804686349E+03   -0.153013012578683250E+01    0.411180461773436257E+00    0.352547797579310762E+00
    0.260894339232805835E-02    0.553454865496219917E+01    0.168997161812374145E+03   -0.784952098853460400E+00    0.112679820279657505E+01    0.121537892937730305E+00
    0.258502899736513672E-02    0.555296582175440445E+01    0.159486916585260104E+03   -0.902050139036718379E+00    0.151005629866977920E+01    0.325832448151941942E-01
    0.257999667278253127E-02    0.555686305402106839E+01    0.168870623916072759E+03   -0.425826124581714982E+00    0.114671966655628399E+01    0.586099168516678870E-01
    0.261219882945035739E-02    0.553205461254321751E+01    0.171550211263209349E+03   -0.735780339687419627E-01    0.717966472178352966E+00    0.172086733653682905E+00
    0.251226032446679381E-02    0.561007352147226701E+01    0.148937592642415240E+03   -0.121415910570950913E+00    0.118316209995500632E+01    0.851302001206129533E-01
    0.248053992159800963E-02    0.563548677904167761E+01    0.249409128631569160E+03    0.225924730970393561E+00   -0.802778239972123941E-02    0.935762867334342802E-01
    0.261705847359039760E-02    0.552833733855388765E+01    0.275284688226288324E+03   -0.173852180910960996E+00    0.144418469823977880E+00    0.233543846396212819E-01
    0.258517712742761850E-02    0.555285121892508027E+01    0.262282103805644283E+03   -0.131561092137356228E+00    0.564130615641609268E-01    0.103029304940340086E+00
    0.256476481236945749E-02    0.556870570597847703E+01    0.211463072433731497E+03   -0.186232822322984326E+00    0.555017315767649677E+00    0.546406361709428426E-01
    0.261758924840047209E-02    0.552793175266533687E+01    0.288203799310127522E+03   -0.257181616618178399E+00    0.908311328278692542E-01    0.202343235156385061E-01
    0.246896184419261250E-02    0.564484376006477007E+01    0.174649871279537564E+03    0.208829933662554090E+00    0.685030360410136652E+00    0.862385182431539693E-01
    0.256383939392649217E-02    0.556942747620350076E+01    0.186933363545643118E+03   -0.678041062602909861E+00    0.113983069202534537E+01    0.648313384991554414E-01
