 F
       23766       70573           3        1024
   -0.648463554881494275E+02   -0.478093890892809554E+02
 T
   2
    0.200000000000000000E+01    0.300000000000000000E+01    0.673828125000000000E+00    0.326171875000000000E+00
   0
   0
 T T     0           0
    0.000000000000000000E+00   -0.100000000000000002+101    0.000000000000000000E+00
 T F     1         690
    0.483251497453209973E-09   -0.648463554881494275E+02   -0.478093890892809554E+02
 T F     1         334
    0.685630034918711691E-11   -0.120725099767192575E+03   -0.995371200363114497E+02
