    0.299252940714359283E+03    0.494830608367919922E+00    0.391436517238616943E+01    0.556218555521965086E+00   -0.179531414944071088E+03   -0.485202009141426682E+01    1
    0.289665612578392029E+03    0.710868775844573975E+00    0.358856916427612305E+01    0.399893034338951125E+00   -0.159435664803030249E+03   -0.485983259141427482E+01    1
    0.282098537683486938E+03    0.813546061515808105E+00    0.361395597457885742E+01    0.338001618361473077E+00   -0.157014122464367802E+03   -0.486764509141427837E+01    1
    0.214884082973003387E+03    0.693317651748657227E+00    0.403800070285797119E+01    0.431142526316642793E+00   -0.153621856931783526E+03   -0.487545759141427837E+01    1
    0.254583968222141266E+03    0.674565792083740234E+00    0.391900539398193359E+01    0.331153548002243059E+00   -0.151215427829773830E+03   -0.488327009141427215E+01    1
    0.194850516319274902E+03    0.483321249485015869E+00    0.446262776851654053E+01    0.440076928067207329E+00   -0.150462680330878413E+03   -0.489108259141427038E+01    1
    0.303534068167209625E+03    0.195546865463256836E+00    0.310391485691070557E+01    0.490120154356956494E+00   -0.140716820206676886E+03   -0.489889509141427659E+01    1
    0.209451282024383545E+03   -0.144727772474288940E+01    0.473685383796691895E+01    0.431009706115722646E+00   -0.140158994256563147E+03   -0.490670759141427038E+01    1
    0.192590647935867310E+03    0.883223235607147217E+00    0.423136413097381592E+01    0.189646981000900272E+00   -0.136577075099658458E+03   -0.491452009141427393E+01    1
    0.148310180008411407E+03   -0.809545159339904785E+00    0.456778466701507568E+01    0.527243895220756542E+00   -0.126319357713631462E+03   -0.492233259141426949E+01    1
    0.204064789414405823E+03   -0.635315299034118652E+00    0.463771581649780273E+01    0.271560095500946064E+00   -0.125718866185342733E+03   -0.493014509141426949E+01    1
    0.345929305255413055E+03    0.415662527084350586E-01    0.286090910434722900E+01    0.350438884234428427E+00   -0.125597890605635641E+03   -0.493795759141427482E+01    1
    0.249979366362094879E+03   -0.176583886146545410E+01    0.406800210475921631E+01    0.298941322803497334E+00   -0.118961139146624419E+03   -0.494577009141427482E+01    1
    0.346764612197875977E+03   -0.674247741699218750E-01    0.228216409683227539E+01    0.403450657367706300E+00   -0.113763191975257428E+03   -0.495358259141427215E+01    1
    0.318309070169925690E+03   -0.699851036071777344E+00    0.256301164627075195E+01    0.405038256239891092E+00   -0.111600286968630471E+03   -0.496139509141427393E+01    1
    0.334318505227565765E+03    0.862719893455505371E+00    0.144457638263702393E+01    0.344713081455230719E+00   -0.111329059709086408E+03   -0.496920759141427215E+01    1
    0.251731278002262115E+03   -0.103341788053512573E+01    0.340747177600860596E+01    0.344586334204673772E+00   -0.110758900325191405E+03   -0.497702009141426860E+01    1
    0.149349576234817505E+03   -0.717883527278900146E+00    0.393261313438415527E+01    0.523907218408584563E+00   -0.110366201067655396E+03   -0.498483259141426771E+01    1
    0.251964160799980164E+03   -0.104772067070007324E+01    0.273590743541717529E+01    0.523895277214050270E+00   -0.109653616137947864E+03   -0.499264509141426949E+01    1
    0.238495783507823944E+03   -0.992922782897949219E-01    0.399277389049530029E+01    0.686277849912643456E-01   -0.104523100825259348E+03   -0.500045759141427038E+01    1
    0.253354483842849731E+03   -0.132449084520339966E+01    0.347156286239624023E+01    0.259255786299705526E+00   -0.103569307530365819E+03   -0.500827009141427038E+01    1
    0.184703062474727631E+03   -0.123495727777481079E+01    0.438230812549591064E+01    0.177644101667404186E+00   -0.101957569935446216E+03   -0.501608259141426771E+01    1
    0.342678789794445038E+03   -0.101669269800186157E+01    0.284800767898559570E+01    0.105670325732231146E+00   -0.943390164135886380E+02   -0.502389509141427126E+01    1
    0.265540108084678650E+03    0.680938363075256348E+00    0.247224092483520508E+01    0.952996712207794250E-01   -0.940439430305998059E+02   -0.503170759141427926E+01    1
    0.160399150848388672E+03   -0.999983429908752441E+00    0.358663320541381836E+01    0.359955402159690852E+00   -0.907866273603725205E+02   -0.503952009141427748E+01    1
    0.165851947665214539E+03   -0.103532528877258301E+01    0.324502527713775635E+01    0.440808343291282656E+00   -0.907379315843119230E+02   -0.504733259141427748E+01    1
    0.187099951505661011E+03   -0.183267450332641602E+01    0.265960395336151123E+01    0.553575662112236078E+00   -0.892834765531436858E+02   -0.505514509141427215E+01    1
    0.184732258319854736E+03    0.292967379093170166E+00    0.379017651081085205E+01    0.387783127784728995E-01   -0.891636836255280230E+02   -0.506295759141426593E+01    1
    0.231056328117847443E+03   -0.763472497463226318E+00    0.299042940139770508E+01    0.237119370460510265E+00   -0.885355905346831946E+02   -0.507077009141427304E+01    1
    0.343731395900249481E+03    0.446379184722900391E+00    0.301253199577331543E+00    0.532640462207794263E+00   -0.852631058427417088E+02   -0.507858259141427304E+01    1
    0.309179635345935822E+03   -0.176100963354110718E+01    0.292992413043975830E+01    0.426650351285934454E-01   -0.824057275956911326E+02   -0.508639509141426860E+01    1
    0.184807440638542175E+03   -0.197531545162200928E+01    0.290153324604034424E+01    0.401756986570358299E+00   -0.818867949536501385E+02   -0.509420759141426771E+01    1
    0.340911227464675903E+03   -0.907011806964874268E+00    0.994227528572082520E+00    0.422139377403259297E+00   -0.786873796282763749E+02   -0.510202009141427126E+01    1
    0.143928469717502594E+03    0.711362123489379883E+00    0.234721302986145020E+01    0.330757305049896255E+00   -0.782786518777119227E+02   -0.510983259141427748E+01    1
    0.318268233537673950E+03   -0.958755373954772949E+00    0.136471569538116455E+01    0.345152005648612981E+00   -0.771317675253369686E+02   -0.511764509141427038E+01    1
    0.236415663361549377E+03   -0.112515854835510254E+01    0.196592688560485840E+01    0.385711978769302355E+00   -0.767554957528275992E+02   -0.512545759141426505E+01    1
    0.287512549757957458E+03   -0.848244607448577881E+00    0.198097407817840576E+01    0.223888185739517215E+00   -0.761076098226969577E+02   -0.513327009141426593E+01    1
    0.193659977614879608E+03   -0.161502933502197266E+01    0.186616837978363037E+01    0.539040908360481241E+00   -0.731991223659621113E+02   -0.514108259141427038E+01    1
    0.152071388065814972E+03   -0.102014309167861938E+01    0.322724759578704834E+01    0.254545872116088867E+00   -0.723280101837495977E+02   -0.514889509141427304E+01    1
    0.283100356161594391E+03    0.145952641963958740E+00    0.222978770732879639E+01    0.952688970565795934E-02   -0.721939262548296483E+02   -0.515670759141427038E+01    1
    0.266808444261550903E+03   -0.149443703889846802E+01    0.235779881477355957E+01    0.130005763721466078E+00   -0.706214775455959654E+02   -0.516452009141426771E+01    1
    0.148508542776107788E+03   -0.992337524890899658E+00    0.287431478500366211E+01    0.321878344559669516E+00   -0.688465716328742872E+02   -0.517233259141426593E+01    1
    0.315358452498912811E+03    0.505239009857177734E+00    0.903194546699523926E+00    0.163855809044837958E+00   -0.682699070797392267E+02   -0.518014509141426593E+01    1
    0.158513034880161285E+03   -0.181857573986053467E+01    0.382261931896209717E+01    0.450410940170288127E-01   -0.681758432089371098E+02   -0.518795759141426949E+01    1
    0.269510903954505920E+03    0.354690551757812500E+00    0.164973139762878418E+00    0.528911909508705147E+00   -0.679040763734897013E+02   -0.519577009141427038E+01    1
    0.248601046204566956E+03   -0.151083928346633911E+01    0.115839838981628418E+01    0.482648412466049226E+00   -0.676817807426097318E+02   -0.520358259141426593E+01    1
    0.172530460357666016E+03    0.389511704444885254E+00    0.141462981700897217E+01    0.456354277396202102E+00   -0.665218049619587646E+02   -0.521139509141426771E+01    1
    0.166453902423381805E+03   -0.169883406162261963E+01    0.334341824054718018E+01    0.117413808202743539E+00   -0.661656546939586576E+02   -0.521920759141426860E+01    1
    0.170454779267311096E+03    0.851292788982391357E+00    0.932247042655944824E+00    0.383657752132415764E+00   -0.661110387949145775E+02   -0.522702009141426593E+01    1
    0.286192286014556885E+03   -0.187844532728195190E+01    0.181463479995727539E+01    0.190799067449569704E+00   -0.654376923502825889E+02   -0.523483259141426860E+01    1
    0.127998991310596466E+03   -0.190142560005187988E+01    0.426002204418182373E+01    0.251008003234863275E-01   -0.652663090531556236E+02   -0.524264509141427393E+01    1
    0.236436718702316284E+03   -0.778353214263916016E+00    0.966634750366210938E+00    0.400144822955131541E+00   -0.597218244601620469E+02   -0.525045759141427482E+01    1
    0.173096768558025360E+03    0.467616915702819824E+00    0.553585290908813477E+00    0.531750433802604672E+00   -0.574920673189642102E+02   -0.525827009141427659E+01    1
    0.191089831292629242E+03    0.990242838859558105E+00    0.189995765686035156E+00    0.305591612863540640E+00   -0.572058305328509604E+02   -0.526608259141428015E+01    1
    0.289794211089611053E+03   -0.373421370983123779E+00    0.249379873275756836E-01    0.451785132837295544E+00   -0.565520950918013199E+02   -0.527389509141427659E+01    1
    0.234635816514492035E+03   -0.142505043745040894E+01    0.976019501686096191E+00    0.370047690367698690E+00   -0.548440201593551109E+02   -0.528170759141427126E+01    1
    0.185387052595615387E+03   -0.667017757892608643E+00    0.155088841915130615E+01    0.228080909729003911E+00   -0.501797004128987041E+02   -0.528952009141427393E+01    1
    0.210625325143337250E+03    0.571359932422637939E+00   -0.564771890640258789E-01    0.404128473687171974E+00   -0.500259940236984093E+02   -0.529733259141427126E+01    1
    0.180353739857673645E+03    0.224246144294738770E+00    0.127238929271697998E+01    0.192019150471687328E+00   -0.482924519578669020E+02   -0.530514509141426416E+01    1
    0.276826642453670502E+03    0.277164340019226074E+00    0.872455835342407227E+00    0.392592358589172359E-02   -0.475415978377357149E+02   -0.531295759141427038E+01    1
    0.210600206255912781E+03   -0.449279785156250000E+00    0.673264861106872559E+00    0.333824588513374321E+00   -0.470417182872201352E+02   -0.532077009141427038E+01    1
    0.258921864628791809E+03    0.897809088230133057E+00   -0.919882059097290039E+00    0.283207980179786711E+00   -0.465671747144812969E+02   -0.532858259141426416E+01    1
    0.275355061888694763E+03   -0.852156162261962891E+00    0.105935692787170410E+01    0.512381304502487200E-01   -0.461647691722482278E+02   -0.533639509141427304E+01    1
    0.156332921981811523E+03    0.772443711757659912E+00    0.843881368637084961E+00    0.148239319539070130E+00   -0.446995309940782803E+02   -0.534420759141427837E+01    1
    0.196176399290561676E+03   -0.570239365100860596E+00    0.810378789901733398E+00    0.302532347059249862E+00   -0.442492719092152811E+02   -0.535202009141427126E+01    1
    0.285269324481487274E+03    0.583582222461700439E+00   -0.288847684860229492E+00    0.114047994875907902E+00   -0.420176569339714163E+02   -0.535983259141427126E+01    1
    0.175336198508739471E+03   -0.288242638111114502E+00    0.556029081344604492E+00    0.356153018760681173E+00   -0.407075747518329933E+02   -0.536764509141427837E+01    1
    0.311007480323314667E+03   -0.697330832481384277E+00   -0.520704984664916992E+00    0.299550289607048048E+00   -0.404715071666556838E+02   -0.537545759141427215E+01    1
    0.185573922097682953E+03   -0.788888752460479736E+00    0.137714207172393799E+01    0.978564856767654423E-01   -0.398131221568974496E+02   -0.538327009141427126E+01    1
    0.262989836931228638E+03    0.254334986209869385E+00   -0.147442877292633057E+01    0.567428607773780791E+00   -0.397088064167065227E+02   -0.539108259141427482E+01    1
    0.246005915105342865E+03    0.848750948905944824E+00   -0.135262012481689453E+01    0.318495438265800512E+00   -0.385906842342818948E+02   -0.539889509141427748E+01    1
    0.308788743615150452E+03   -0.128495150804519653E+01   -0.118309199810028076E+01    0.485956771588325509E+00   -0.381052916814482359E+02   -0.540670759141427926E+01    1
    0.215721750259399414E+03   -0.133694005012512207E+01   -0.268982052803039551E+00    0.477573438906669645E+00   -0.376584568300060027E+02   -0.541452009141427926E+01    1
    0.214315655827522278E+03   -0.142280828952789307E+01    0.178599357604980469E-01    0.401768654823303262E+00   -0.374859892924231133E+02   -0.542233259141428015E+01    1
    0.307066081464290619E+03   -0.127036654949188232E+01   -0.433887839317321777E+00    0.259457319545745857E+00   -0.371282847739045110E+02   -0.543014509141427837E+01    1
    0.151915471255779266E+03   -0.119657182693481445E+01    0.727231502532958984E+00    0.363701661944389354E+00   -0.350443808437047437E+02   -0.543795759141427748E+01    1
    0.188975660502910614E+03   -0.137733966112136841E+01    0.782680511474609375E-01    0.370177235269546545E+00   -0.330797730755858339E+02   -0.544577009141427748E+01    1
    0.224378177523612976E+03    0.403063833713531494E+00   -0.423200726509094238E+00    0.201088828897476202E+00   -0.321651886005931829E+02   -0.545358259141427038E+01    1
    0.260606077313423157E+03   -0.141762071847915649E+01   -0.303713083267211914E+00    0.232644117808341988E+00   -0.315756464445428762E+02   -0.546139509141426327E+01    1
    0.256229020655155182E+03   -0.197365391254425049E+01    0.457521080970764160E+00    0.374951802492141731E-01   -0.304177404616129898E+02   -0.546920759141426149E+01    1
    0.177990311384201050E+03   -0.538053929805755615E+00   -0.630041956901550293E+00    0.490287842845916755E+00   -0.302753607906939948E+02   -0.547702009141426238E+01    1
    0.257035480439662933E+03    0.167410671710968018E+00   -0.761472582817077637E+00    0.202616073560714732E+00   -0.302553648295009765E+02   -0.548483259141427393E+01    1
    0.337038560211658478E+03    0.829187631607055664E+00   -0.205607175827026367E+01    0.127138546442985528E+00   -0.298452770126550391E+02   -0.549264509141427659E+01    1
    0.286289717257022858E+03    0.116709947586059570E+00   -0.962302088737487793E+00    0.179306725358963026E+00   -0.294224665351014103E+02   -0.550045759141427482E+01    1
    0.172736386954784393E+03   -0.418756783008575439E+00   -0.416243076324462891E+00    0.405239243602752708E+00   -0.284896462380432247E+02   -0.550827009141427482E+01    1
    0.304175665974617004E+03   -0.197950309514999390E+01   -0.182146191596984863E+01    0.517282721328735318E+00   -0.284059993782653528E+02   -0.551608259141426771E+01    1
    0.242990589141845703E+03   -0.118091773986816406E+01   -0.124794423580169678E+01    0.456375566840171831E+00   -0.280315958316718756E+02   -0.552389509141426327E+01    1
    0.219282127916812897E+03    0.471400797367095947E+00   -0.161737501621246338E+01    0.434368627667427065E+00   -0.279496490134117153E+02   -0.553170759141427304E+01    1
    0.329909785091876984E+03    0.739494740962982178E+00   -0.240239441394805908E+01    0.231324922871589678E+00   -0.275351568745808741E+02   -0.553952009141427837E+01    1
    0.335811489820480347E+03   -0.192535877227783203E+00   -0.162279427051544189E+01    0.230437248587608334E+00   -0.265254725473142443E+02   -0.554733259141427215E+01    1
    0.186333389580249786E+03    0.598870992660522461E+00   -0.278297066688537598E+00    0.487992949962616010E-01   -0.263596593451690069E+02   -0.555514509141427126E+01    1
    0.140316942334175110E+03   -0.139251935482025146E+01    0.763732194900512695E-01    0.423767542219162019E+00   -0.262717513967380398E+02   -0.556295759141427038E+01    1
    0.274277886748313904E+03   -0.150019913911819458E+01   -0.109274148941040039E+01    0.301105135488510145E+00   -0.261254845179632156E+02   -0.557077009141426682E+01    1
    0.177431634068489075E+03    0.591985940933227539E+00   -0.525854825973510742E+00    0.143722170352935802E+00   -0.258154099792584333E+02   -0.557858259141426949E+01    1
    0.340295673906803131E+03    0.928085505962371826E+00   -0.300949871540069580E+01    0.209886213970184338E+00   -0.246189388861536500E+02   -0.558639509141427038E+01    1
    0.237555213272571564E+03   -0.125937342643737793E+01    0.153553485870361328E-01    0.291232087612152100E-01   -0.245014993452993863E+02   -0.559420759141427038E+01    1
    0.317743687331676483E+03   -0.169203162193298340E+00   -0.177663505077362061E+01    0.231101997828483591E+00   -0.233383317501731753E+02   -0.560202009141427748E+01    1
    0.254507552087306976E+03   -0.154448956251144409E+01   -0.569626092910766602E+00    0.140085906028747570E+00   -0.233103617255495337E+02   -0.560983259141427482E+01    1
    0.191736015677452087E+03   -0.165865725278854370E+01   -0.396039485931396484E+00    0.269124978876113918E+00   -0.225377748919575609E+02   -0.561764509141427304E+01    1
    0.133461149036884308E+03   -0.953080356121063232E+00   -0.303468704223632812E+00    0.440627007722854624E+00   -0.224584615864454875E+02   -0.562545759141427126E+01    1
    0.235523614287376404E+03   -0.114728552103042603E+01   -0.576993227005004883E+00    0.141386029171943678E+00   -0.223487384793869595E+02   -0.563327009141427126E+01    1
    0.348419991135597229E+03    0.663328588008880615E+00   -0.303868234157562256E+01    0.286946085834503206E+00   -0.222574548977432514E+02   -0.564108259141427304E+01    1
    0.247706167399883270E+03    0.199441432952880859E+00   -0.256538927555084229E+01    0.508265618276596109E+00   -0.208845568214967017E+02   -0.564889509141427038E+01    1
    0.226050508022308350E+03   -0.191951370239257812E+01   -0.448948144912719727E+00    0.124952045488357547E+00   -0.201629390235905319E+02   -0.565670759141426860E+01    1
    0.339138488471508026E+03   -0.174103826284408569E+01   -0.168740034103393555E+01    0.187971324348449709E+00   -0.200581048673269393E+02   -0.566452009141426682E+01    1
    0.138272508978843689E+03   -0.130486565828323364E+01   -0.115305185317993164E-01    0.273318453454971300E+00   -0.195344606475991895E+02   -0.567233259141426682E+01    1
    0.222613324224948883E+03   -0.136207771301269531E+01   -0.192075192928314209E+01    0.504162657952308635E+00   -0.194627432363573014E+02   -0.568014509141426771E+01    1
    0.167109581828117371E+03   -0.536066591739654541E+00   -0.476619005203247070E+00    0.216967239975929260E+00   -0.192378587381149657E+02   -0.568795759141426771E+01    1
    0.242647950351238251E+03   -0.133469557762145996E+01   -0.198615610599517822E+01    0.449184340667724613E+00   -0.191291866341047410E+02   -0.569577009141426771E+01    1
    0.255883136391639709E+03   -0.427946746349334717E+00   -0.178526401519775391E+01    0.281522190570831332E+00   -0.188316889772327727E+02   -0.570358259141427038E+01    1
    0.145892289280891418E+03    0.835478305816650391E-03   -0.474688410758972168E+00    0.234729800963401791E+00   -0.186117747877705320E+02   -0.571139509141427126E+01    1
    0.223200942575931549E+03   -0.627201616764068604E+00   -0.475124120712280273E+00    0.603736560344696107E-02   -0.184382300250431079E+02   -0.571920759141427038E+01    1
    0.309259162843227386E+03    0.812873899936676025E+00   -0.366017758846282959E+01    0.342153025817871104E+00   -0.183612269996582924E+02   -0.572702009141427482E+01    1
    0.317254774272441864E+03   -0.166233491897583008E+01   -0.305144786834716797E+01    0.559729642009735073E+00   -0.183412076330511091E+02   -0.573483259141427482E+01    1
    0.224764415621757507E+03   -0.122614729404449463E+01   -0.114922642707824707E+01    0.225819861602783223E+00   -0.180705334293865576E+02   -0.574264509141427038E+01    1
    0.330265499651432037E+03   -0.194584155082702637E+01   -0.207193255424499512E+01    0.251065866851806652E+00   -0.175280971326864687E+02   -0.575045759141426860E+01    1
    0.193763819336891174E+03   -0.177407431602478027E+01   -0.827165246009826660E+00    0.240370548319816607E+00   -0.171320964523922186E+02   -0.575827009141427304E+01    1
    0.132383893430233002E+03    0.692331850528717041E+00   -0.509061813354492188E+00    0.439254452705383283E-01   -0.170803768578571606E+02   -0.576608259141427304E+01    1
    0.278525365889072418E+03    0.288196980953216553E+00   -0.332953631877899170E+01    0.514785305786132796E+00   -0.170681035270336494E+02   -0.577389509141427215E+01    1
    0.133816246688365936E+03   -0.944782495498657227E+00   -0.383684039115905762E+00    0.302531528234481817E+00   -0.170060646032834200E+02   -0.578170759141427126E+01    1
    0.141972951591014862E+03   -0.168415594100952148E+01   -0.505436062812805176E+00    0.346529030084610001E+00   -0.169553313144535807E+02   -0.578952009141427215E+01    1
    0.130095352232456207E+03    0.732440352439880371E+00   -0.152410924434661865E+01    0.320996402049064655E+00   -0.167584190395174062E+02   -0.579733259141427038E+01    1
    0.139306795597076416E+03    0.636200726032257080E+00   -0.465127229690551758E+00    0.869967198371887195E-03   -0.162743268902854581E+02   -0.580514509141426771E+01    1
    0.187943010032176971E+03   -0.443136453628540039E+00   -0.180124521255493164E+01    0.409452779388427723E+00   -0.160803993720540070E+02   -0.581295759141427393E+01    1
    0.349412073194980621E+03   -0.138405734300613403E+01   -0.183482050895690918E+01    0.759610772609710660E-01   -0.160683691333090337E+02   -0.582077009141427482E+01    1
    0.185841593146324158E+03   -0.188394117355346680E+01   -0.107997536659240723E+01    0.291051912045478811E+00   -0.156372132460062510E+02   -0.582858259141427570E+01    1
    0.161877182126045227E+03   -0.170956397056579590E+01   -0.760673880577087402E+00    0.287232538032531737E+00   -0.155655125814306867E+02   -0.583639509141427126E+01    1
    0.210843053460121155E+03   -0.114203929901123047E+00   -0.196011543273925781E+01    0.339265133213996872E+00   -0.155332576962915390E+02   -0.584420759141426860E+01    1
    0.309178227186203003E+03   -0.112767124176025391E+01   -0.340805709362030029E+01    0.554605811905860890E+00   -0.154909167802744374E+02   -0.585202009141427393E+01    1
    0.338725401461124420E+03    0.752361834049224854E+00   -0.450423598289489746E+01    0.460990838527679470E+00   -0.154277821314551780E+02   -0.585983259141427748E+01    1
    0.152717424929141998E+03   -0.171999830007553101E+01   -0.107049942016601562E-02    0.985446737766265957E-01   -0.153665233214617984E+02   -0.586764509141427215E+01    1
    0.202552962303161621E+03   -0.156185668706893921E+01   -0.163573324680328369E+01    0.370896265769004807E+00   -0.152488146960729694E+02   -0.587545759141427215E+01    1
    0.304064595699310303E+03   -0.513125658035278320E+00   -0.188696444034576416E+01    0.828249441146850646E-01   -0.151056263839236280E+02   -0.588327009141427304E+01    1
    0.297391688823699951E+03   -0.172735774517059326E+01   -0.166859149932861328E+01    0.118714067816734312E+00   -0.150066118288657968E+02   -0.589108259141427215E+01    1
    0.221397358179092407E+03   -0.190446794033050537E+01   -0.118336141109466553E+01    0.186201809906959531E+00   -0.148137401391498926E+02   -0.589889509141427570E+01    1
    0.155503877997398376E+03    0.360984086990356445E+00   -0.182013809680938721E+01    0.394795133686065669E+00   -0.146926645153072570E+02   -0.590670759141427304E+01    1
    0.291720184683799744E+03   -0.520494937896728516E+00   -0.280161440372467041E+01    0.350594904470443725E+00   -0.143452606473558912E+02   -0.591452009141427748E+01    1
    0.306257489323616028E+03    0.129699707031250000E+00   -0.273724496364593506E+01    0.215957219624519359E+00   -0.142276046938721148E+02   -0.592233259141427659E+01    1
    0.284087918698787689E+03   -0.686721622943878174E+00   -0.209200084209442139E+01    0.170061101961135858E+00   -0.140933224290170998E+02   -0.593014509141427659E+01    1
    0.244500270485877991E+03   -0.187748348712921143E+01   -0.183471679687500000E+01    0.275311336469650281E+00   -0.140540043364251073E+02   -0.593795759141427748E+01    1
    0.239240780472755432E+03    0.777775228023529053E+00   -0.401049196720123291E+01    0.496149468183517461E+00   -0.139678790538900728E+02   -0.594577009141426949E+01    1
    0.169931936264038086E+03    0.129081726074218750E+00   -0.246889650821685791E+01    0.531801439762115469E+00   -0.137208930109802001E+02   -0.595358259141426593E+01    1
    0.137984640896320343E+03   -0.155814075469970703E+01   -0.621123909950256348E+00    0.275294823503494268E+00   -0.135242854372252026E+02   -0.596139509141426860E+01    1
    0.215932504832744598E+03   -0.100384777784347534E+01   -0.186342120170593262E+01    0.294348807621002184E+00   -0.134808966371052588E+02   -0.596920759141426593E+01    1
    0.198420523107051849E+03   -0.793279170989990234E+00   -0.161855340003967285E+01    0.265784446763992321E+00   -0.134675892738243768E+02   -0.597702009141426682E+01    1
    0.340840604901313782E+03    0.575102686882019043E+00   -0.406253755092620850E+01    0.353187133097648653E+00   -0.132076885105107156E+02   -0.598483259141427570E+01    1
    0.253724843263626099E+03   -0.876918315887451172E+00   -0.256363749504089355E+01    0.359856017303466835E+00   -0.131285763079263393E+02   -0.599264509141427126E+01    1
    0.137322403490543365E+03    0.128830492496490479E+00   -0.122909545898437500E+01    0.290254206132888826E+00   -0.130524675869117068E+02   -0.600045759141427215E+01    1
    0.220696362853050232E+03    0.948727607727050781E+00   -0.449605584144592285E+01    0.547711239123344407E+00   -0.129589513728664976E+02   -0.600827009141427126E+01    1
    0.185730294883251190E+03   -0.131601202487945557E+01   -0.224932372570037842E+01    0.494627921175956720E+00   -0.128017482698899272E+02   -0.601608259141427038E+01    1
    0.275330613553524017E+03    0.840737044811248779E+00   -0.459367632865905762E+01    0.459830325007438701E+00   -0.123199429173377233E+02   -0.602389509141427926E+01    1
    0.316289053427756471E+03   -0.166942628467561160E+01   -0.223083495772323914E+01    0.117888769966967968E+00   -0.118544284862705798E+02   -0.603170759141427570E+01    1
    0.201245224475860596E+03    0.578020572662353516E+00   -0.236289978027343750E+01    0.173455676507949824E+00   -0.117430183197046976E+02   -0.603952009141427215E+01    1
    0.289259231090545654E+03   -0.411978662014007568E+00   -0.288606286048889160E+01    0.275710138249397274E+00   -0.116853235161298059E+02   -0.604733259141427837E+01    1
    0.342930461466312408E+03    0.411484181880950928E+00   -0.434832990169525146E+01    0.453323875164985679E+00   -0.116689987382345262E+02   -0.605514509141427748E+01    1
    0.201954685348885533E+03    0.485437419468119913E-01   -0.174844614082331784E+01    0.126855879184579440E+00   -0.112672650883292267E+02   -0.606295759141427126E+01    1
    0.254777204280250942E+03   -0.169003974901606746E+01   -0.262332854717301078E+01    0.346305717586668393E+00   -0.110016293222231116E+02   -0.607077009141427482E+01    1
    0.167148111760616302E+03   -0.168459975719451904E+01   -0.885421633720397949E+00    0.133824557733535771E+00   -0.109979267952756992E+02   -0.607858259141427482E+01    1
    0.334929338097572327E+03   -0.104040521383285522E+01   -0.392245233058929443E+01    0.479496141815185573E+00   -0.109827580514366030E+02   -0.608639509141426860E+01    1
    0.281525343270116593E+03   -0.173749729369123429E+01   -0.335425038003824394E+01    0.477255724302643403E+00   -0.107678694834279050E+02   -0.609420759141427393E+01    1
    0.321604137122631073E+03   -0.138009786605834961E-01   -0.428684115409851074E+01    0.516452774190902741E+00   -0.107352046244764843E+02   -0.610202009141427393E+01    1
    0.189856458362431908E+03   -0.185184618930373435E+01   -0.156345186436430517E+01    0.236001469433706340E+00   -0.106589551486278822E+02   -0.610983259141426860E+01    1
    0.335138295590877533E+03    0.441492915153503418E+00   -0.458088040351867676E+01    0.458112737703323392E+00   -0.102632027869846389E+02   -0.611764509141427482E+01    1
    0.311580252647399902E+03   -0.153060555458068848E-01   -0.399480164051055908E+01    0.429928140950202931E+00   -0.101886189831798006E+02   -0.612545759141427215E+01    1
    0.224133667349815369E+03   -0.152193039655685425E+01   -0.229041516780853271E+01    0.289596348667144787E+00   -0.100322138846311315E+02   -0.613327009141427215E+01    1
    0.153051480650901794E+03    0.912798523902893066E+00   -0.318336009979248047E+01    0.306533363699913020E+00   -0.100210501015614284E+02   -0.614108259141427126E+01    1
    0.166688635945320129E+03    0.351289868354797363E+00   -0.215037465095520020E+01    0.264398074078559864E+00   -0.997316646943389706E+01   -0.614889509141426327E+01    1
    0.256262145936489105E+03   -0.177906054258346558E+01   -0.314915478229522705E+01    0.434829898953437821E+00   -0.954088409996908382E+01   -0.615670759141427038E+01    1
    0.329701055586338043E+03   -0.109415256977081299E+01   -0.245995640754699707E+01    0.245224029779434229E-01   -0.952131853607446565E+01   -0.616452009141426771E+01    1
    0.341022428837751420E+03    0.791830410965334686E+00   -0.382847520475847825E+01    0.897577260030936463E-02   -0.947337335659729440E+01   -0.617233259141426593E+01    1
    0.140712960932169551E+03   -0.135187895400924152E+01   -0.179476407443694441E+01    0.424925381293585980E+00   -0.943163610658894846E+01   -0.618014509141427659E+01    1
    0.182083469629287720E+03    0.357845187187194824E+00   -0.315821349620819092E+01    0.456177445363998402E+00   -0.938623024660379990E+01   -0.618795759141427215E+01    1
    0.147946848028685764E+03    0.666316258950125917E+00   -0.330698282494236162E+01    0.494103868689113213E+00   -0.926752804550715936E+01   -0.619577009141426949E+01    1
    0.321264851093292236E+03    0.466291546821594238E+00   -0.314436376094818115E+01    0.296225895166397114E-01   -0.925105538184078569E+01   -0.620358259141426771E+01    1
    0.274512647092342377E+03    0.628530323505401611E+00   -0.393319606781005859E+01    0.266973550915718061E+00   -0.923509978420830535E+01   -0.621139509141426327E+01    1
    0.233435713293147984E+03   -0.132792857354131977E+01   -0.179749175968196528E+01    0.630913153238738672E-01   -0.911216203022561544E+01   -0.621920759141426949E+01    1
    0.252018448710441589E+03    0.364786386489868164E-02   -0.406003057956695557E+01    0.529146843981742832E+00   -0.865810955545257066E+01   -0.622702009141427304E+01    1
    0.159956744835832325E+03    0.589528378032405875E+00   -0.190232693348384263E+01    0.447764454268057832E-01   -0.865415376976906003E+01   -0.623483259141427393E+01    1
    0.169677166640758514E+03   -0.165610986948013306E+01   -0.167072236537933350E+01    0.227618921971321109E+00   -0.830366343340381619E+01   -0.624264509141427482E+01    1
    0.173101489245891571E+03   -0.154396545886993408E+01   -0.116417348384857178E+01    0.481771587610244773E-01   -0.813183556689361353E+01   -0.625045759141427126E+01    1
    0.197337607889273329E+03   -0.138962452670923708E+01   -0.248472159908811108E+01    0.330526784471208646E+00   -0.802910988328484621E+01   -0.625827009141426860E+01    1
    0.224754357337951660E+03   -0.183825796842575073E+01   -0.325003981590270996E+01    0.486457789993286149E+00   -0.799805979028257674E+01   -0.626608259141427304E+01    1
    0.209587511420249939E+03   -0.583336949348449707E-01   -0.235492467880249023E+01    0.142331874132156366E+00   -0.791464830211575610E+01   -0.627389509141427126E+01    1
    0.282609806954860687E+03    0.441906332969665527E+00   -0.304324924945831299E+01    0.312344801902771016E-01   -0.785517412215080491E+01   -0.628170759141427304E+01    1
    0.317757111787796021E+03   -0.188358461856842041E+01   -0.347476422786712646E+01    0.300861944532394399E+00   -0.781287114913981640E+01   -0.628952009141427304E+01    1
    0.322774854302406311E+03   -0.186920762062072754E+00   -0.301769673824310303E+01    0.477739899158477824E-01   -0.780922553250663487E+01   -0.629733259141426682E+01    1
    0.242020997405052185E+03    0.181063294410705566E+00   -0.335590600967407227E+01    0.280300231075286899E+00   -0.777081778419422875E+01   -0.630514509141426771E+01    1
    0.323820620775222778E+03   -0.151184421777725220E+01   -0.434633135795593262E+01    0.505408329248428378E+00   -0.768426062329830284E+01   -0.631295759141427393E+01    1
    0.269039841987614011E+03   -0.136625890619483847E+01   -0.351584751677900886E+01    0.372867242867115922E+00   -0.741343669262739535E+01   -0.632077009141427393E+01    1
    0.347386996046076774E+03    0.461842245419981534E+00   -0.384464190004554141E+01    0.886070795275587936E-01   -0.736916607386145195E+01   -0.632858259141427215E+01    1
    0.247028157962194655E+03   -0.104045761187267827E+00   -0.397082620614999549E+01    0.466688145329863413E+00   -0.731088877092766243E+01   -0.633639509141427126E+01    1
    0.294781228899955750E+03   -0.776798427104949951E+00   -0.272966206073760986E+01    0.353769829273223868E-01   -0.707573762494791225E+01   -0.634420759141426949E+01    1
    0.210961084067821503E+03   -0.192743855714797974E+01   -0.194626629352569580E+01    0.109761310744285592E+00   -0.703971093059413633E+01   -0.635202009141426949E+01    1
    0.283586345391591635E+03   -0.666897224103757402E-02   -0.390845187870136090E+01    0.321749744131588855E+00   -0.701944357002805575E+01   -0.635983259141426771E+01    1
    0.131958956613951244E+03   -0.481996823161602084E+00   -0.149706638990898622E+01    0.184836912865121550E+00   -0.687522789024228498E+01   -0.636764509141426682E+01    1
    0.224864582717418671E+03    0.823709845542907715E+00   -0.409127712249755859E+01    0.183305114936828606E+00   -0.680966336798774918E+01   -0.637545759141426593E+01    1
    0.312197710573673248E+03   -0.122350817918777466E+01   -0.378302156925201416E+01    0.301596942114830013E+00   -0.679348492369973034E+01   -0.638327009141426771E+01    1
    0.181672102392448323E+03   -0.180865819437269515E+01   -0.196814869267898107E+01    0.180189305713478798E+00   -0.676108321263880274E+01   -0.639108259141427304E+01    1
    0.236349444192819959E+03   -0.160220960911702814E+01   -0.230865525052112375E+01    0.957701038437728247E-01   -0.674000346423831598E+01   -0.639889509141427215E+01    1
    0.175574713945388794E+03   -0.525510489940643311E+00   -0.230151414871215820E+01    0.216313613104820252E+00   -0.673409793707611115E+01   -0.640670759141427126E+01    1
    0.181686198543027615E+03    0.430216126973964830E+00   -0.249164286840321436E+01    0.893855498998619991E-01   -0.652569159718610692E+01   -0.641452009141427126E+01    1
    0.323301309105040673E+03   -0.168042089742279632E+01   -0.322246525562111508E+01    0.135563633498008651E+00   -0.648282635260852302E+01   -0.642233259141426949E+01    1
    0.203317506479087228E+03   -0.153060662604894837E+01   -0.276915860361080002E+01    0.312968597822365524E+00   -0.645242909934457565E+01   -0.643014509141427215E+01    1
    0.198034174536824708E+03   -0.942024280152769844E+00   -0.220033880967908546E+01    0.127209639007749620E+00   -0.645066723346235449E+01   -0.643795759141427748E+01    1
    0.295982201397418976E+03   -0.102343595027923584E+01   -0.374363780021667480E+01    0.297231650805473313E+00   -0.641734083794669719E+01   -0.644577009141427570E+01    1
    0.327308873832225800E+03   -0.195897936820983887E+00   -0.319956243038177490E+01    0.984223959445953457E-02   -0.636070785777163916E+01   -0.645358259141426771E+01    1
    0.326156878471374512E+03   -0.105381768941879272E+01   -0.413325250148773193E+01    0.334397902321815488E+00   -0.630760337565999407E+01   -0.646139509141426860E+01    1
    0.331182592444377121E+03   -0.244693992248224079E+00   -0.352520856980348274E+01    0.800632120508121825E-01   -0.610258109137111227E+01   -0.646920759141426949E+01    1
    0.302866841269425890E+03   -0.833169935811954199E+00   -0.339876416085943589E+01    0.144116008004244789E+00   -0.604845569440050035E+01   -0.647702009141426327E+01    1
    0.269994590343845971E+03   -0.182095732722896519E+01   -0.259409242775507076E+01    0.567273483696078343E-01   -0.604335577175246641E+01   -0.648483259141426416E+01    1
    0.193550288677215576E+03    0.986185014247894287E+00   -0.441762864589691162E+01    0.123734111881256104E+00   -0.582792849692268167E+01   -0.649264509141426593E+01    1
    0.298228216171264648E+03    0.502649962902069092E+00   -0.402969419956207275E+01    0.120343017339706426E+00   -0.582011725305125172E+01   -0.650045759141426771E+01    1
    0.255183482170104980E+03   -0.166809988021850586E+01   -0.268194794654846191E+01    0.954970079898834201E-01   -0.576272190936543272E+01   -0.650827009141426682E+01    1
    0.148360350728034973E+03    0.259562969207763672E+00   -0.366691052913665771E+01    0.568897545289993256E+00   -0.570254056119974884E+01   -0.651608259141426682E+01    1
    0.213370861113071442E+03    0.348511993885040283E+00   -0.321447193622589111E+01    0.174252870655059816E+00   -0.569475493133013089E+01   -0.652389509141426860E+01    1
    0.185338222980499268E+03   -0.676647961139678955E+00   -0.215521812438964844E+01    0.783017219781875634E-01   -0.568968488739119671E+01   -0.653170759141427215E+01    1
    0.128620614368798954E+03    0.174968141397528143E+00   -0.432949690204090487E+01    0.632333121756267907E-01   -0.566776177437567963E+01   -0.653952009141427570E+01    1
    0.147820287942886353E+03   -0.805183887481689453E+00   -0.137169778347015381E+01    0.180323296308517456E-01   -0.566070189429901571E+01   -0.654733259141427926E+01    1
    0.271039655804634094E+03    0.370879828929901123E+00   -0.423071146011352539E+01    0.286913059902191181E+00   -0.563396073956713828E+01   -0.655514509141427837E+01    1
    0.230406459689054657E+03    0.330354883360134632E+00   -0.324456974587867597E+01    0.124045484295322694E+00   -0.559948244912430404E+01   -0.656295759141427215E+01    1
    0.136693882337616799E+03   -0.207853323798795842E+00   -0.301976277437742580E+01    0.498595796147628945E+00   -0.555213146226909693E+01   -0.657077009141427215E+01    1
    0.317829625308513641E+03   -0.157334208488464355E-01   -0.374810934066772461E+01    0.103311359810829173E+00   -0.548336374958202377E+01   -0.657858259141427482E+01    1
    0.301267878118878912E+03   -0.159400993784234091E+01   -0.429226124836634337E+01    0.409777786675385947E+00   -0.544242324010921408E+01   -0.658639509141427038E+01    1
    0.259889176487922668E+03    0.242750167846679688E+00   -0.310835540294647217E+01    0.237674124240875272E-02   -0.534809381781605619E+01   -0.659420759141426860E+01    1
    0.243579700036983610E+03   -0.302760002855648747E+00   -0.453557207436587184E+01    0.528781594701347335E+00   -0.531770998963220443E+01   -0.660202009141426860E+01    1
    0.191955004632472992E+03   -0.723237395286560059E+00   -0.477451205253601074E+01    0.439664206266403221E-01   -0.529776499395077671E+01   -0.660983259141427215E+01    1
    0.272373732924461365E+03   -0.105665349960327148E+01   -0.406279981136322021E+01    0.367819156408309922E+00   -0.529236476264110056E+01   -0.661764509141427659E+01    1
    0.226370005696041346E+03   -0.199398557290907830E+01   -0.346438552041877657E+01    0.385714038301708306E+00   -0.526364502975455917E+01   -0.662545759141427837E+01    1
    0.136777392029762268E+03   -0.205115795135498047E+00   -0.474276661872863770E+01    0.224444747757911678E+00   -0.525341364049671888E+01   -0.663327009141427837E+01    1
    0.140910877287387848E+03   -0.477226257324218750E+00   -0.173133969306945801E+01    0.100754067707061773E+00   -0.525203000497996086E+01   -0.664108259141427570E+01    1
    0.141609632968902588E+03   -0.986450254917144775E+00   -0.140717446804046631E+01    0.394639420509338423E-01   -0.522802498254939341E+01   -0.664889509141427126E+01    1
    0.128886601328849792E+03    0.861599445343017578E+00   -0.399823367595672607E+01    0.342099802207946779E+00   -0.515998880611414190E+01   -0.665670759141426949E+01    1
    0.257064220309257507E+03   -0.169231057167053223E+01   -0.264418721199035645E+01    0.327693331003189106E-01   -0.509124906182588344E+01   -0.666452009141427482E+01    1
    0.200483727970730683E+03    0.592576746007385413E+00   -0.491157866742425231E+01    0.534086564210278003E+00   -0.507962046385246513E+01   -0.667233259141427837E+01    1
    0.251711185152004759E+03   -0.883010823073960616E+00   -0.315145290738542494E+01    0.138133819880204595E+00   -0.507355690863935926E+01   -0.668014509141427837E+01    1
    0.206760870221536237E+03    0.398703410301884720E+00   -0.340205437591684490E+01    0.188523566496483524E+00   -0.500926332199640711E+01   -0.668795759141427659E+01    1
    0.262778492271900177E+03   -0.199471336603164673E+01   -0.311692118644714355E+01    0.161484697222709667E+00   -0.499709648022766828E+01   -0.669577009141427304E+01    1
    0.329428006708621979E+03   -0.135392898321151733E+01   -0.328661561012268066E+01    0.195786802053451552E-01   -0.498810137880526305E+01   -0.670358259141426682E+01    1
    0.180244989693164825E+03   -0.106234103441238403E+01   -0.334912359714508057E+01    0.417887152147293106E+00   -0.498804015828276093E+01   -0.671139509141426149E+01    1
    0.248218482732772827E+03   -0.853790521621704102E+00   -0.393030047416687012E+01    0.360351372170448325E+00   -0.497676416251827103E+01   -0.671920759141426238E+01    1
    0.274001055738164951E+03   -0.574132614674445207E+00   -0.323511433147675564E+01    0.688751221085962262E-01   -0.494917374368046659E+01   -0.672702009141426149E+01    1
    0.136641336977481842E+03   -0.141770511865615845E+01   -0.449564039707183838E+01    0.270639770579338079E+00   -0.493906923253642915E+01   -0.673483259141427038E+01    1
    0.188436120748519897E+03   -0.130969166755676270E+01   -0.273754894733428955E+01    0.228670156502723709E+00   -0.493861113987435463E+01   -0.674264509141428192E+01    1
    0.205014268815233066E+03   -0.118158250175687662E+01   -0.388340902963136303E+01    0.495103283589023557E+00   -0.487068074131430340E+01   -0.675045759141427837E+01    1
    0.159764200896307415E+03   -0.101528994517688242E+01   -0.212846410371001005E+01    0.137255375641662042E+00   -0.481899625672923815E+01   -0.675827009141426771E+01    1
    0.150365092155839079E+03   -0.105152021393869388E+01   -0.307442278081214049E+01    0.457626351890971950E+00   -0.481550340605577265E+01   -0.676608259141426949E+01    1
    0.125456323292884093E+03    0.801519221954100747E+00   -0.347802054528120186E+01    0.228564647579452523E+00   -0.480940597757584420E+01   -0.677389509141427126E+01    1
    0.129079157114028931E+03   -0.119964510202407837E+01   -0.257929623126983643E+01    0.427482993721961968E+00   -0.479310685783341928E+01   -0.678170759141426238E+01    1
    0.229617044469738829E+03   -0.177726806547575156E+01   -0.313187331206187869E+01    0.225232518158586109E+00   -0.474166446681016662E+01   -0.678952009141426061E+01    1
    0.297053810954093933E+03   -0.976055979728698730E+00   -0.398179113864898682E+01    0.239467282247543350E+00   -0.471541248491408815E+01   -0.679733259141426327E+01    1
    0.345768144726753235E+03   -0.267052650451660156E+00   -0.383772790431976318E+01    0.494834230899810837E-01   -0.471300645356014858E+01   -0.680514509141427482E+01    1
    0.266435285897134690E+03    0.641775461169824091E+00   -0.404850560543331994E+01    0.146142544186069513E-01   -0.469819239794250088E+01   -0.681295759141427570E+01    1
    0.322940279168636380E+03   -0.452401062581333502E+00   -0.423759878055304373E+01    0.213897436359096665E+00   -0.468739323580966527E+01   -0.682077009141426860E+01    1
    0.263162410259246826E+03    0.279692411422729492E-01   -0.370931267738342285E+01    0.145159241938591005E+00   -0.461981619857082748E+01   -0.682858259141427482E+01    1
    0.254414391733534956E+03   -0.168971561815340587E+01   -0.326758814783890239E+01    0.178435704178259463E+00   -0.460571451633735673E+01   -0.683639509141427926E+01    1
    0.281033105097940677E+03   -0.120255565295633371E+01   -0.323202817239091722E+01    0.679127473517272540E-01   -0.458604623924418142E+01   -0.684420759141426682E+01    1
    0.335287497214213658E+03   -0.127083484749929498E+01   -0.356219142680462797E+01    0.348350727566752241E-01   -0.444636457245685524E+01   -0.685202009141426238E+01    1
    0.149791309237480164E+03    0.726521253585815430E+00   -0.495513737201690674E+01    0.184153792691230778E+00   -0.436727693308074283E+01   -0.685983259141427304E+01    1
    0.253560802554413357E+03    0.136615509364331089E+00   -0.406497031446546231E+01    0.229438122674199801E+00   -0.433722171797306544E+01   -0.686764509141426860E+01    1
    0.318549727762064094E+03   -0.140101549539146020E+01   -0.492292955297035562E+01    0.447794480053178456E+00   -0.432509353384193229E+01   -0.687545759141427038E+01    1
    0.195900614559650421E+03    0.452427387237548828E+00   -0.462301254272460938E+01    0.481409632945060728E+00   -0.427005375410500410E+01   -0.688327009141427482E+01    1
    0.264377236366271973E+03   -0.758976221084594727E+00   -0.365611135959625244E+01    0.168376950001716624E+00   -0.426520228120159040E+01   -0.689108259141427215E+01    1
    0.264605693519115448E+03   -0.182689756155014038E+01   -0.356148183345794678E+01    0.208274289178848271E+00   -0.424575358549489668E+01   -0.689889509141426771E+01    1
    0.143057898810798775E+03   -0.337459410129665738E+00   -0.370508026793682665E+01    0.570746484470861959E+00   -0.424546414714353482E+01   -0.690670759141425794E+01    1
    0.302488180994987488E+03   -0.188144940137863159E+01   -0.330179274082183838E+01    0.454155698776245106E-01   -0.422320067031620994E+01   -0.691452009141426860E+01    1
    0.127392289042472839E+03    0.623948037624359131E+00   -0.267389774322509766E+01    0.757583840131759723E-01   -0.421450074779406503E+01   -0.692233259141427748E+01    1
    0.133706852793693542E+03    0.815336346626281738E+00   -0.383716881275177002E+01    0.332093490600585961E-01   -0.421445764626709973E+01   -0.693014509141427659E+01    1
    0.348752705752849579E+03   -0.944387853145599365E+00   -0.414302945137023926E+01    0.134828846311569217E+00   -0.420567800064534048E+01   -0.693795759141427570E+01    1
    0.172937822851229214E+03   -0.575822681569648553E+00   -0.239679782437342137E+01    0.739822911374038716E-01   -0.420138648081479182E+01   -0.694577009141427482E+01    1
    0.258552971936076290E+03    0.203589627889983582E+00   -0.356117229261176815E+01    0.446407666469407077E-01   -0.418441921343851320E+01   -0.695358259141427304E+01    1
    0.242506329715251923E+03   -0.593948662281036377E+00   -0.385120213031768799E+01    0.264885445404052733E+00   -0.418296351590610449E+01   -0.696139509141427038E+01    1
    0.234927875679343174E+03   -0.171045067534019601E+00   -0.375806111210285643E+01    0.222977236528043410E+00   -0.417629760119704674E+01   -0.696920759141427393E+01    1
    0.186489748954772949E+03   -0.139641284942626953E+00   -0.283049464225769043E+01    0.103895795989036560E+00   -0.417480936138701608E+01   -0.697702009141427038E+01    1
    0.258497861027717590E+03   -0.131942772865295410E+01   -0.441454112529754639E+01    0.429352131843566909E+00   -0.416513161072246962E+01   -0.698483259141426505E+01    1
    0.276604668071602305E+03    0.246261402461822598E+00   -0.401448677705043622E+01    0.115497641204241275E+00   -0.416106078320781680E+01   -0.699264509141427038E+01    1
    0.169022416928094856E+03    0.424938170091018197E+00   -0.335313703297456689E+01    0.215908496276129319E+00   -0.413295801913317451E+01   -0.700045759141427126E+01    1
    0.262021096212498037E+03   -0.143038012258281233E+01   -0.470620268356725102E+01    0.504882722958582719E+00   -0.412335047577883529E+01   -0.700827009141426593E+01    1
    0.197904264926910400E+03   -0.100372135639190674E+00   -0.338347852230072021E+01    0.224641948056221008E+00   -0.411576407850348414E+01   -0.701608259141426682E+01    1
    0.205262392044446955E+03    0.575918765540861965E+00   -0.388997624431568934E+01    0.133805168551615061E+00   -0.410209309841682046E+01   -0.702389509141426949E+01    1
    0.142917525658211417E+03   -0.196515402671461059E+00   -0.393837248215862168E+01    0.591619720815184241E-01   -0.409892045847892028E+01   -0.703170759141427393E+01    1
    0.260751238465309143E+03   -0.367305040359497070E+00   -0.407623350620269775E+01    0.245730302309989934E+00   -0.403873728538183840E+01   -0.703952009141427126E+01    1
    0.153910732779239936E+03    0.660852036777895613E+00   -0.310184954638034727E+01    0.814621639990968822E-02   -0.402299766750991150E+01   -0.704733259141426593E+01    1
    0.213486438513029213E+03   -0.142154051842241724E+00   -0.300303531611627017E+01    0.535927381219644394E-01   -0.398311110837458049E+01   -0.705514509141426505E+01    1
    0.202005344615571801E+03   -0.185153609540233721E+01   -0.413179209488352051E+01    0.201177138943123140E-01   -0.398091562539575072E+01   -0.706295759141427038E+01    1
    0.205870455887173648E+03   -0.161491009211613967E+01   -0.422814534380256291E+01    0.258093326941256328E-01   -0.392924023057410921E+01   -0.707077009141427748E+01    1
    0.173256317706593734E+03    0.355262900919387281E+00   -0.405962717125235351E+01    0.402531641787664873E+00   -0.392710071858363818E+01   -0.707858259141427659E+01    1
    0.186598732297199319E+03   -0.119045026034040147E+01   -0.387083524131494094E+01    0.457954929676231248E+00   -0.391463065124336351E+01   -0.708639509141427038E+01    1
    0.176662575124768352E+03   -0.757042839778106158E+00   -0.395882267044736302E+01    0.489955399208141518E+00   -0.390092257315952828E+01   -0.709420759141427215E+01    1
    0.259795127636237112E+03   -0.137907591473441138E+01   -0.406689215820145655E+01    0.302684595051736838E+00   -0.389684276060229706E+01   -0.710202009141427038E+01    1
    0.233836739037219502E+03   -0.139547064476231686E+01   -0.412073071371742206E+01    0.387490741074374201E+00   -0.386837162634733911E+01   -0.710983259141426949E+01    1
    0.163520477712154388E+03    0.351837217807769775E+00   -0.426153063774108887E+01    0.496765906763076803E+00   -0.386834438932756708E+01   -0.711764509141427482E+01    1
    0.128856727520701639E+03    0.355608998168304602E+00   -0.216961630557959184E+01    0.418212020393589137E-01   -0.382403662510437492E+01   -0.712545759141426949E+01    1
    0.271384051442146301E+03    0.377805292606353760E+00   -0.431236684322357178E+01    0.149212390422821056E+00   -0.381903361418949761E+01   -0.713327009141426505E+01    1
    0.267852504489412809E+03   -0.182872042558090797E+01   -0.376583482377759982E+01    0.211533156695205227E+00   -0.380507328592273719E+01   -0.714108259141426771E+01    1
    0.276974003545775702E+03   -0.166892232578765909E+01   -0.382867744661439247E+01    0.196196185001519835E+00   -0.379388527458513680E+01   -0.714889509141426682E+01    1
    0.276972154294669451E+03   -0.106696345283306626E+01   -0.421927835098701820E+01    0.267414439633455459E+00   -0.378134968194993171E+01   -0.715670759141426238E+01    1
    0.180254620184457934E+03   -0.108427675445355010E+01   -0.390404227917151214E+01    0.463373531495923086E+00   -0.375918857518508887E+01   -0.716452009141426149E+01    1
    0.342231636626951968E+03   -0.175933020731505052E+01   -0.475737862649335064E+01    0.320103286893769989E+00   -0.375463108087627351E+01   -0.717233259141426416E+01    1
    0.295136445546531718E+03   -0.141401072072862299E+01   -0.392507305158610320E+01    0.161603788555410272E+00   -0.372636596687231769E+01   -0.718014509141426682E+01    1
    0.248485040169651683E+03   -0.778004477096257085E+00   -0.427153096256999198E+01    0.332260041941521977E+00   -0.371454827122563191E+01   -0.718795759141426505E+01    1
    0.245556446962199857E+03   -0.116716264538172609E+01   -0.359485065774542978E+01    0.173353023930153782E+00   -0.370869667361549027E+01   -0.719577009141426505E+01    1
    0.216103391073837372E+03   -0.116207542247816686E+01   -0.365705221653036139E+01    0.277925018258332102E+00   -0.369238374774825040E+01   -0.720358259141426771E+01    1
    0.198736047506446539E+03    0.303008661865754370E+00   -0.324060590351424604E+01    0.571246922283578235E-01   -0.367897845950948010E+01   -0.721139509141426771E+01    1
    0.160913396600118745E+03   -0.120324636500022319E+01   -0.469283927407305423E+01    0.326242437534220608E+00   -0.366849622748925075E+01   -0.721920759141426682E+01    1
    0.237559794107667130E+03   -0.639540948836301082E+00   -0.415989199629817641E+01    0.312608709366302417E+00   -0.366496159631081175E+01   -0.722702009141426416E+01    1
    0.217474519505636238E+03   -0.194063574126410532E+01   -0.370707404907698646E+01    0.330124667626940371E+00   -0.364330288657001677E+01   -0.723483259141426949E+01    1
    0.274007574282922747E+03    0.322095128124155750E-02   -0.395763657023541882E+01    0.928406631472048216E-01   -0.364287380867991928E+01   -0.724264509141427215E+01    1
    0.174605405291873524E+03   -0.115420757478389979E+01   -0.420580013002318864E+01    0.127048487481480066E+00   -0.363834534048150493E+01   -0.725045759141426771E+01    1
    0.213170185769593957E+03    0.189468279435317744E+00   -0.428649677761793146E+01    0.327076167744559498E+00   -0.362922350057236365E+01   -0.725827009141427038E+01    1
    0.152139100692681808E+03   -0.137266386456276979E+01   -0.436199390540397136E+01    0.286066869526836243E+00   -0.361756774761294198E+01   -0.726608259141427482E+01    1
    0.323750075611667910E+03   -0.127046263086996092E+01   -0.377958188431913111E+01    0.316153389942104221E-01   -0.358962483191683379E+01   -0.727389509141427393E+01    1
    0.168020325553918212E+03   -0.150888647256191466E+01   -0.394868150668346107E+01    0.114494847951276416E+00   -0.358589859688158930E+01   -0.728170759141427215E+01    1
    0.242386488616466522E+03   -0.989528894424438477E+00   -0.484232664108276367E+01    0.883911784172058124E-01   -0.357715994040795326E+01   -0.728952009141427304E+01    1
    0.275697847202578487E+03    0.509331601753748586E+00   -0.465637214645609099E+01    0.122083809244753844E+00   -0.355467008556343211E+01   -0.729733259141427304E+01    1
    0.268344151708595575E+03   -0.986544317183050579E+00   -0.469580813624151538E+01    0.390024598953903678E+00   -0.354926970697976518E+01   -0.730514509141427570E+01    1
    0.189270890696901915E+03   -0.797757844419881401E+00   -0.372696313187128592E+01    0.331462374743305421E+00   -0.349667031110654225E+01   -0.731295759141427038E+01    1
    0.138401497872932453E+03   -0.110211065871930813E+01   -0.178319590787032078E+01    0.534709710596879915E-03   -0.348179543181900542E+01   -0.732077009141426949E+01    1
    0.325661503567774844E+03   -0.147527666818607872E+01   -0.428817235668960084E+01    0.165833806736114253E+00   -0.346194060079154742E+01   -0.732858259141427482E+01    1
    0.163312783149399536E+03    0.618294866708720026E+00   -0.459693796014136691E+01    0.181058684118547475E+00   -0.345289307229227926E+01   -0.733639509141427215E+01    1
    0.225050302545311609E+03   -0.106295551793317156E+01   -0.317450351581763357E+01    0.700273335656118462E-01   -0.343502107826390679E+01   -0.734420759141426949E+01    1
    0.175955880726715350E+03   -0.155297689794087868E+01   -0.481752167158197864E+01    0.352856857173736271E+00   -0.343296488243592135E+01   -0.735202009141427038E+01    1
    0.241502835979986855E+03   -0.151425445458531005E+01   -0.370980493436251768E+01    0.200259566242500187E+00   -0.341932996989908045E+01   -0.735983259141427304E+01    1
    0.326517017601309817E+03   -0.234783097363673310E+00   -0.484778715673991822E+01    0.227079567996673476E+00   -0.341162851800711708E+01   -0.736764509141427038E+01    1
    0.348007486245171208E+03   -0.142435581246419751E+00   -0.456730280750738693E+01    0.103857640342726015E+00   -0.340405318024067682E+01   -0.737545759141427038E+01    1
    0.144538401935935724E+03    0.244769260469156258E+00   -0.445497026676019736E+01    0.232546948036733897E+00   -0.338672059104417134E+01   -0.738327009141427215E+01    1
    0.179885041392075834E+03   -0.879683972369501799E+00   -0.428996742757530836E+01    0.140569204841241746E+00   -0.337341741037840492E+01   -0.739108259141427570E+01    1
    0.221094878859584469E+03   -0.189282993033109315E+01   -0.448333722038903382E+01    0.140435106155163886E+00   -0.336699401778896190E+01   -0.739889509141427659E+01    1
    0.348737175762653351E+03   -0.111303031444549561E+01   -0.485669851303100586E+01    0.248160267162323006E+00   -0.336459602190053531E+01   -0.740670759141427570E+01    1
    0.179581947041505401E+03   -0.467631657602663564E+00   -0.442135496993210531E+01    0.517726033894547855E+00   -0.336230592681158225E+01   -0.741452009141427482E+01    1
    0.234766111922242317E+03   -0.155160345847870551E+01   -0.433309549736866462E+01    0.340500437584928609E-01   -0.334477149865131551E+01   -0.742233259141426682E+01    1
    0.336582164496265818E+03   -0.175049761904263912E+01   -0.474110231153661221E+01    0.267480923642996637E+00   -0.333781342771488720E+01   -0.743014509141426416E+01    1
    0.227582173000596015E+03    0.327556973157646869E+00   -0.444205862106313365E+01    0.253150382253038431E+00   -0.333138207612788451E+01   -0.743795759141426238E+01    1
    0.345191131353679111E+03   -0.139659767751979658E+01   -0.475161382145683842E+01    0.235151240674814466E+00   -0.331544721870031101E+01   -0.744577009141426949E+01    1
    0.177404938207297647E+03   -0.901186395455788380E+00   -0.424328280573497185E+01    0.501554994405007060E+00   -0.331045905857328471E+01   -0.745358259141427304E+01    1
    0.269299158152239727E+03   -0.131313773277620238E+01   -0.437627822834619451E+01    0.282938922228599177E+00   -0.330373656619109823E+01   -0.746139509141426682E+01    1
    0.248353727965424525E+03   -0.196664122459581292E+01   -0.379372029001854472E+01    0.215506262713617086E+00   -0.330169859016802736E+01   -0.746920759141426505E+01    1
    0.270144455134868622E+03   -0.745544433593750000E-01   -0.472800970077514648E+01    0.286724320793151854E+00   -0.329847285890677799E+01   -0.747702009141426416E+01    1
    0.231597044233043277E+03    0.541174712103995592E+00   -0.431192660142618678E+01    0.544013118374316457E-01   -0.328184340863245616E+01   -0.748483259141426682E+01    1
    0.169455903439808537E+03    0.465272768805366610E+00   -0.321803286808968370E+01    0.254836992785312036E-01   -0.327530647545668430E+01   -0.749264509141427215E+01    1
    0.247652310809618939E+03   -0.230935086882952945E+00   -0.398394552089647114E+01    0.148525531198881094E+00   -0.326807417834427039E+01   -0.750045759141427659E+01    1
    0.283694103360176086E+03   -0.183027017116546631E+01   -0.401413559913635254E+01    0.174258363604545607E+00   -0.326718980396945646E+01   -0.750827009141427748E+01    1
    0.313311878802108822E+03   -0.155367816595533204E+01   -0.392809928923162310E+01    0.618440231660665821E-01   -0.326309218254863742E+01   -0.751608259141427304E+01    1
    0.214768648909292608E+03   -0.942953984194242256E+00   -0.475586507135290848E+01    0.190873054437695894E+00   -0.326077142917232576E+01   -0.752389509141426505E+01    1
    0.183036740124225616E+03   -0.177219533920288086E+01   -0.432837665081024170E+01    0.221299095940589913E+00   -0.325235298527506433E+01   -0.753170759141426505E+01    1
    0.146297570545169322E+03   -0.130551842030447252E+01   -0.409151765543590340E+01    0.286231848065857830E+00   -0.323797629871541615E+01   -0.753952009141426505E+01    1
    0.270953950683912922E+03   -0.171617720890387582E+01   -0.439951023541114861E+01    0.295278487746490792E+00   -0.321652466963432548E+01   -0.754733259141426505E+01    1
    0.201795225735280610E+03   -0.776931782131446980E+00   -0.357116219438252003E+01    0.204074845693970192E+00   -0.321511861017490919E+01   -0.755514509141427393E+01    1
    0.147472279955048322E+03   -0.128404617689475731E+01   -0.395835648219448899E+01    0.247242015694954659E+00   -0.319843568232038855E+01   -0.756295759141428103E+01    1
    0.227502909781045958E+03   -0.148301332003542785E+01   -0.471361275222751974E+01    0.485922216571920973E+00   -0.316423312709405202E+01   -0.757077009141427126E+01    1
    0.126973332146161226E+03    0.232549171519327302E-01   -0.213826404126270786E+01    0.958875419493326366E-02   -0.315254045876003364E+01   -0.757858259141426327E+01    1
    0.143866014480590820E+03    0.283885240554809570E+00   -0.303616583347320557E+01    0.133118491959571844E+00   -0.315162206591070015E+01   -0.758639509141426505E+01    1
    0.270445841550827026E+03   -0.112787258625030518E+01   -0.493426620960235596E+01    0.400498691725730938E+00   -0.315157111792630840E+01   -0.759420759141427126E+01    1
    0.158980767985395858E+03    0.544781542859117174E+00   -0.482519205161716158E+01    0.376610711584926705E+00   -0.314705767494382815E+01   -0.760202009141427393E+01    1
    0.197935070097446442E+03   -0.829560160636901855E-01   -0.466736555099487305E+01    0.462301606392860442E+00   -0.313484760139628360E+01   -0.760983259141427126E+01    1
    0.139782235409804855E+03   -0.869273960913901522E+00   -0.387162877081994861E+01    0.530724983847788545E+00   -0.312751896447692168E+01   -0.761764509141427304E+01    1
    0.165675072573107968E+03    0.200482552130084812E+00   -0.390021643375193960E+01    0.303958129253668219E+00   -0.312682863784197940E+01   -0.762545759141426949E+01    1
    0.233858867816196891E+03    0.338453942297485710E+00   -0.420686216171739069E+01    0.123796270246555692E+00   -0.312636346449894109E+01   -0.763327009141426949E+01    1
    0.237303334580682957E+03   -0.131956065376716225E+00   -0.473048042472795593E+01    0.353251880576096189E+00   -0.311802196369048534E+01   -0.764108259141427304E+01    1
    0.190078088641166687E+03   -0.185428023338317871E+01   -0.395629405975341797E+01    0.126948340272903443E+00   -0.311617609918956173E+01   -0.764889509141427393E+01    1
    0.300867979228496552E+03   -0.182217615842819214E+01   -0.495919942855834961E+01    0.367266893219947821E+00   -0.309950887811317521E+01   -0.765670759141426949E+01    1
    0.303021452968794847E+03   -0.166167634110481499E+01   -0.424284520182218117E+01    0.146079686957777316E+00   -0.307806639018688788E+01   -0.766452009141426771E+01    1
    0.311821761476296956E+03    0.144316649322231427E+00   -0.470333548199644724E+01    0.101285301055552335E+00   -0.307742820529580641E+01   -0.767233259141426682E+01    1
    0.349385128728588597E+03   -0.154282184977056369E+01   -0.468393027729036238E+01    0.174421195267281282E+00   -0.307164506621553590E+01   -0.768014509141426771E+01    1
    0.162517737430564296E+03    0.278639758381447500E+00   -0.313084728064906059E+01    0.615261735740828333E-01   -0.307062938863237767E+01   -0.768795759141427126E+01    1
    0.316646207869052887E+03   -0.547633171081542969E-01   -0.489956915378570557E+01    0.183913228797912609E+00   -0.306829143831230500E+01   -0.769577009141427393E+01    1
    0.271136319428618208E+03   -0.174240613278371459E+01   -0.497761996406106455E+01    0.431606042941878321E+00   -0.306748671869852263E+01   -0.770358259141427570E+01    1
    0.172153596580028534E+03   -0.155356955528259277E+01   -0.435067772865295410E+01    0.301451361894607528E+00   -0.306689372700424512E+01   -0.771139509141427304E+01    1
    0.127294160425662994E+03   -0.654143154621124268E+00   -0.470398366451263428E+01    0.547476884651184048E+00   -0.306516584212326570E+01   -0.771920759141427215E+01    1
    0.252709950439513705E+03   -0.376385075951385595E+00   -0.450023056035709512E+01    0.255897933835009306E+00   -0.306373336507362826E+01   -0.772702009141426860E+01    1
    0.235719890924577555E+03   -0.710189124882194101E+00   -0.415581024968063328E+01    0.227959069029389116E+00   -0.306355564891666976E+01   -0.773483259141426682E+01    1
    0.307021133349077559E+03   -0.160983267127245266E+01   -0.411517186501856447E+01    0.919708825266222219E-01   -0.305447282577649171E+01   -0.774264509141426860E+01    1
    0.148343349586120610E+03    0.116153981836392362E+00   -0.279253459406461024E+01    0.549321041853790756E-01   -0.304951192745692801E+01   -0.775045759141427126E+01    1
    0.150816938102799327E+03    0.313061049399300906E+00   -0.364021469284034715E+01    0.232816844113304978E-01   -0.304796154565740984E+01   -0.775827009141427570E+01    1
    0.311225203872635291E+03   -0.154287749645943451E+01   -0.406234473634039794E+01    0.622210719726801545E-01   -0.304677242645105828E+01   -0.776608259141427570E+01    1
    0.246971463395095014E+03   -0.578996251720287791E+00   -0.399748209481075323E+01    0.136182717029906003E+00   -0.302505562966573560E+01   -0.777389509141427215E+01    1
    0.166833395757249889E+03   -0.984595947078334532E+00   -0.431823585860269787E+01    0.283922992908450245E+00   -0.302375181024236817E+01   -0.778170759141426682E+01    1
    0.251201021480131828E+03   -0.265161615304182030E+00   -0.485174135695482622E+01    0.102697706911995965E+00   -0.302285835847440953E+01   -0.778952009141426416E+01    1
    0.266745597554902020E+03   -0.145556740755287306E+01   -0.496066957103270134E+01    0.410031006053376834E+00   -0.301509424241508173E+01   -0.779733259141426682E+01    1
    0.222479190003922838E+03   -0.751957081888895429E+00   -0.462633262122957323E+01    0.162613509764830383E+00   -0.301509105258350951E+01   -0.780514509141427038E+01    1
    0.202598145351733535E+03   -0.171467856154142484E+01   -0.395835075144536042E+01    0.332578118754749685E+00   -0.301074734471846295E+01   -0.781295759141427038E+01    1
    0.158188423312793986E+03    0.479334598606311779E+00   -0.354785716925051586E+01    0.467966586420382122E-01   -0.300069914817988925E+01   -0.782077009141427304E+01    1
    0.240671327976572513E+03    0.115710884629624200E+00   -0.453019625219677202E+01    0.300403215170584506E-03   -0.299855740723719588E+01   -0.782858259141427038E+01    1
    0.335708850105505235E+03   -0.469756670980818303E+00   -0.445165637513613710E+01    0.421848016118774247E-01   -0.299772686490659623E+01   -0.783639509141426327E+01    1
    0.315813554771411361E+03    0.182867555998555087E+00   -0.460712225313083668E+01    0.382781987346057853E-01   -0.298835093415795772E+01   -0.784420759141426505E+01    1
    0.189798134297055043E+03   -0.112832746796016825E+01   -0.424291343431886947E+01    0.412061419467645906E+00   -0.298656230293741931E+01   -0.785202009141426771E+01    1
    0.190603108768510992E+03   -0.192006804407579890E+01   -0.374954264221432210E+01    0.315424126150559980E+00   -0.298605873480171002E+01   -0.785983259141426682E+01    1
    0.208613381707052355E+03   -0.184580025673628767E+01   -0.383360231423581510E+01    0.276268327131859948E+00   -0.298001264638099617E+01   -0.786764509141426416E+01    1
    0.145090041314233247E+03   -0.229896813776032882E+00   -0.245197093609055994E+01    0.584509761795779306E-02   -0.297862700691471716E+01   -0.787545759141426682E+01    1
    0.176425629775981463E+03    0.223813382790728266E+00   -0.405737885432572742E+01    0.258468420391419318E+00   -0.297738300120726418E+01   -0.788327009141426682E+01    1
    0.252713544736941373E+03   -0.187265222769201123E+01   -0.450693983705947243E+01    0.129470467623000879E+00   -0.297384794995394763E+01   -0.789108259141426682E+01    1
    0.210890787078672304E+03   -0.405358255198249084E+00   -0.482575204327539176E+01    0.454940731344213423E+00   -0.296566396352352601E+01   -0.789889509141427570E+01    1
    0.174659048950255936E+03    0.180772280644827976E+00   -0.481819835442494071E+01    0.299142395942436246E+00   -0.296503204748462323E+01   -0.790670759141427926E+01    1
    0.344349323777877430E+03   -0.599909664762311001E+00   -0.441122371285879922E+01    0.211643472660195120E-01   -0.296004036662510828E+01   -0.791452009141427482E+01    1
    0.146952898219089718E+03    0.438745497593469036E+00   -0.387184197888254555E+01    0.140872406699297320E+00   -0.295896669925329014E+01   -0.792233259141427482E+01    1
    0.129245478218046770E+03    0.449024241136507740E+00   -0.442264852770114114E+01    0.398662726946521606E+00   -0.295836000436612112E+01   -0.793014509141427393E+01    1
    0.172031597846001318E+03   -0.188395712845791441E+01   -0.323974219141728792E+01    0.300832422688143419E-01   -0.294939792795783218E+01   -0.793795759141427215E+01    1
    0.238461139448169945E+03   -0.192535687718056892E+01   -0.401664834858101027E+01    0.367144935247012277E-01   -0.294847707786538615E+01   -0.794577009141427126E+01    1
    0.208474322649960925E+03   -0.896732710177775338E+00   -0.408988037609026733E+01    0.809541704599184980E-01   -0.294532564716673662E+01   -0.795358259141427304E+01    1
    0.151339943739685964E+03   -0.119551475932163731E+01   -0.343688376678592977E+01    0.327674061300808284E+00   -0.294378816280446820E+01   -0.796139509141427748E+01    1
    0.260470867436530966E+03    0.297884392939276932E+00   -0.438062666063637263E+01    0.630876489452556199E-01   -0.294327883399271251E+01   -0.796920759141427482E+01    1
    0.240648568496590201E+03   -0.546031813030043889E+00   -0.374176464010164977E+01    0.559851201655054698E-01   -0.294295317257163003E+01   -0.797702009141426860E+01    1
    0.329090768446839661E+03   -0.128914232038974497E+01   -0.482152166640583424E+01    0.108496490525703225E-01   -0.294003837164282489E+01   -0.798483259141427126E+01    1
    0.200217354112825376E+03    0.347981451539068232E+00   -0.437143602710661572E+01    0.798594209539773142E-01   -0.293929135597287949E+01   -0.799264509141426949E+01    1
    0.142384365916199982E+03    0.102465442693709718E+00   -0.334275299449237462E+01    0.266725700299860272E-01   -0.293869422445148043E+01   -0.800045759141426771E+01    1
    0.312102902398957212E+03   -0.117870261134713461E+01   -0.464978236717786420E+01    0.176714678196435854E+00   -0.293740616855673053E+01   -0.800827009141427126E+01    1
    0.153282657268590071E+03    0.426189021214326225E+00   -0.383180850218931290E+01    0.197953429664357000E+00   -0.293201845746728962E+01   -0.801608259141427482E+01    1
    0.274023078250659864E+03   -0.159122712294155910E+01   -0.481611557522567413E+01    0.153512116821503231E+00   -0.292761919702790019E+01   -0.802389509141427659E+01    1
    0.256824746454710237E+03   -0.824754182155678750E+00   -0.453497787058394053E+01    0.691514433266080392E-01   -0.291373530165454753E+01   -0.803170759141426949E+01    1
    0.304374119753353853E+03   -0.895822567188093499E+00   -0.483443027016980853E+01    0.431374662528696620E-01   -0.291232203362632625E+01   -0.803952009141427126E+01    1
    0.126036307585305892E+03   -0.134639286931992697E+01   -0.354530398328523955E+01    0.487607924652469604E+00   -0.291152170614738637E+01   -0.804733259141426949E+01    1
    0.179426675268951044E+03   -0.715075770688734735E+00   -0.298450288208236181E+01    0.291087760141121935E-01   -0.291143404333412414E+01   -0.805514509141426593E+01    1
    0.144200234011654231E+03    0.312067360454396869E+00   -0.301874655500115185E+01    0.525422162470136067E-01   -0.291091118179730568E+01   -0.806295759141426949E+01    1
    0.172132501006126404E+03   -0.142296546697616577E+01   -0.377731144428253174E+01    0.166311259818077095E+00   -0.290978958360237794E+01   -0.807077009141426949E+01    1
    0.251276612145675728E+03   -0.787804052227996099E+00   -0.387092501467029582E+01    0.729241616678281412E-01   -0.290833417606921074E+01   -0.807858259141426949E+01    1
    0.215640922724968789E+03   -0.810473797976591692E+00   -0.484179315686388811E+01    0.279198841702757716E+00   -0.290720432582329824E+01   -0.808639509141426949E+01    1
    0.219374212686265878E+03    0.221488286402111711E+00   -0.378242100671118386E+01    0.184124191657108263E-01   -0.290613256064296532E+01   -0.809420759141427482E+01    1
    0.295078917070371574E+03   -0.168731258473809098E+01   -0.445015828527831836E+01    0.200218669915943441E-01   -0.290155425621521257E+01   -0.810202009141427482E+01    1
    0.166052255034446716E+03   -0.567778348922729492E-01   -0.351981580257415771E+01    0.938018360137939447E-02   -0.289920709999795623E+01   -0.810983259141427482E+01    1
    0.143628443310786963E+03   -0.314086117936904108E+00   -0.439155334831252198E+01    0.564877711728865362E+00   -0.289784066165751009E+01   -0.811764509141427126E+01    1
    0.169634484284143923E+03   -0.199702354371386304E+01   -0.362944426155577649E+01    0.178543036063525951E+00   -0.289630850381350546E+01   -0.812545759141427126E+01    1
    0.277266445265920424E+03   -0.234884171753909854E+00   -0.434431751372769703E+01    0.914050905612521919E-01   -0.289349492307097345E+01   -0.813327009141427659E+01    1
    0.224842032946613415E+03    0.379416389337873028E+00   -0.495547076463547853E+01    0.282931846205614623E+00   -0.289289649649496416E+01   -0.814108259141426949E+01    1
    0.172262468264930362E+03    0.130337369711002182E+00   -0.468943552846627476E+01    0.304365205961988683E+00   -0.288704064280989625E+01   -0.814889509141426593E+01    1
    0.293514682051927593E+03   -0.178974656482859151E+00   -0.470037273145287493E+01    0.151164398781739096E+00   -0.288238734042390066E+01   -0.815670759141426238E+01    1
    0.151632375895428794E+03   -0.131323913464377617E+01   -0.404904190241965622E+01    0.332264996814223557E+00   -0.288229116251186124E+01   -0.816452009141426949E+01    1
    0.301549309656293019E+03   -0.439409404849197660E+00   -0.496299949070823399E+01    0.609281157524920458E-01   -0.288185294310729612E+01   -0.817233259141426949E+01    1
    0.298803331773326477E+03   -0.134529964607558217E+01   -0.453786453946566226E+01    0.172285350130154842E-01   -0.288179169047804429E+01   -0.818014509141426061E+01    1
    0.319945335907257288E+03   -0.604816504192799753E+00   -0.483275260734105583E+01    0.160082696756134735E+00   -0.288136374167168308E+01   -0.818795759141426061E+01    1
    0.162819635165085714E+03   -0.707731009260254673E+00   -0.439059980113065063E+01    0.338175366420327528E+00   -0.288072482885145975E+01   -0.819577009141427126E+01    1
    0.309462128659354278E+03   -0.197247952223334133E+01   -0.463367437126113924E+01    0.205178437994452401E+00   -0.288060581454165199E+01   -0.820358259141428015E+01    1
    0.250338219106197357E+03   -0.175440514087677002E+01   -0.410760939121246338E+01    0.433717491388320928E-01   -0.287961261072947083E+01   -0.821139509141427659E+01    1
    0.203212046208037009E+03   -0.900120521334182300E-01   -0.475486978119076387E+01    0.407634967709724072E+00   -0.287901083128241364E+01   -0.821920759141426949E+01    1
    0.230367906475765380E+03   -0.811614263723431595E+00   -0.436157287745659250E+01    0.262054335021181861E+00   -0.287793867542570592E+01   -0.822702009141426061E+01    1
    0.204966294129613601E+03    0.214022843215673220E+00   -0.417915353682035473E+01    0.168283645522953273E+00   -0.287652721211865092E+01   -0.823483259141425883E+01    1
    0.246993983874807100E+03   -0.667545260072456959E+00   -0.490527340706912440E+01    0.360951416306837636E+00   -0.287594984776194718E+01   -0.824264509141426238E+01    1
    0.227358646609211519E+03    0.279240426991343327E+00   -0.475326464451983810E+01    0.130791531154762608E+00   -0.287570780478525823E+01   -0.825045759141426593E+01    1
    0.229117618690350184E+03   -0.188006131430310486E+01   -0.412371695152620710E+01    0.116155877724866116E+00   -0.287507600972097022E+01   -0.825827009141427126E+01    1
    0.143077033429661611E+03   -0.131481448634416243E+00   -0.316036316214536317E+01    0.182651432597718127E+00   -0.287152284690311577E+01   -0.826608259141428015E+01    1
    0.158160449759559640E+03   -0.171276743209708648E+00   -0.383611142493749258E+01    0.154066415444306853E+00   -0.286929335653231021E+01   -0.827389509141427304E+01    1
    0.215450592339038849E+03   -0.187191736698150635E+01   -0.413024246692657471E+01    0.165004893136024483E+00   -0.286767400998072208E+01   -0.828170759141426949E+01    1
    0.211818067464064598E+03   -0.157546141633174863E+01   -0.456173364451426977E+01    0.281010624140553444E+00   -0.286683358051349879E+01   -0.828952009141427659E+01    1
    0.158897319576936582E+03   -0.649846799241912798E+00   -0.460386357714151018E+01    0.416957397577153721E+00   -0.286476426747994850E+01   -0.829733259141427482E+01    1
    0.252795528451569879E+03   -0.133911764165267422E+01   -0.455741252119915696E+01    0.141759629197659803E+00   -0.286379988156183840E+01   -0.830514509141426593E+01    1
    0.206097674147703373E+03    0.242605686765065887E+00   -0.386205491748119378E+01    0.585854927299425052E-01   -0.286282977596718169E+01   -0.831295759141426771E+01    1
    0.256564049205442984E+03   -0.108707091767199682E+01   -0.415318853262381094E+01    0.142863587334225495E+00   -0.286220454058879481E+01   -0.832077009141426949E+01    1
    0.191254505515098572E+03   -0.295787155628204346E+00   -0.481784522533416748E+01    0.475945103502273592E+00   -0.286061698626252703E+01   -0.832858259141427126E+01    1
    0.165351219147759480E+03   -0.166991093941361246E+00   -0.494972461681471909E+01    0.453882206583397452E+00   -0.285982573687579977E+01   -0.833639509141427482E+01    1
    0.340017925070371177E+03   -0.104143305520898455E+00   -0.467168849346465365E+01    0.301327540344999978E-01   -0.285940481876263064E+01   -0.834420759141427126E+01    1
