    0.221397358179092407E+03   -0.190446794033050537E+01   -0.118336141109466553E+01    0.186201809906959531E+00   -0.911091374142041843E+01
    0.188747471517742838E+03   -0.518856969330425466E+00   -0.212206767328578794E+01    0.514548410118788158E+00   -0.834102829342724306E+01
    0.295322512090206146E+03   -0.194317150115966797E+01    0.184036910533905029E+01    0.354429665565490701E-01   -0.833695733499886593E+01
    0.341209100186824799E+03   -0.115978068113327026E+01   -0.201780676841735840E+01    0.160678871297836312E+00   -0.763502878612334346E+01
    0.145892289280891418E+03    0.835478305816650391E-03   -0.474688410758972168E+00    0.234729800963401791E+00   -0.713932199291226244E+01
    0.130085852863553555E+03   -0.869088414848989022E+00   -0.358393931854027237E+00    0.354184934540570651E+00   -0.698500172390972729E+01
    0.317254774272441864E+03   -0.166233491897583008E+01   -0.305144786834716797E+01    0.559729642009735073E+00   -0.693367113361118736E+01
    0.255883136391639709E+03   -0.427946746349334717E+00   -0.178526401519775391E+01    0.281522190570831332E+00   -0.687779120546780032E+01
    0.217578013241291046E+03   -0.129861342906951904E+01   -0.208146512508392334E+01    0.544709461641311621E+00   -0.671018326731908221E+01
    0.222613324224948883E+03   -0.136207771301269531E+01   -0.192075192928314209E+01    0.504162657952308635E+00   -0.640004205475517907E+01
    0.138272508978843689E+03   -0.130486565828323364E+01   -0.115305185317993164E-01    0.273318453454971300E+00   -0.637275327246790368E+01
    0.247706167399883270E+03    0.199441432952880859E+00   -0.256538927555084229E+01    0.508265618276596109E+00   -0.620682983258028198E+01
    0.337038560211658478E+03    0.829187631607055664E+00   -0.205607175827026367E+01    0.127138546442985528E+00   -0.620066426276663218E+01
    0.329909785091876984E+03    0.739494740962982178E+00   -0.240239441394805908E+01    0.231324922871589678E+00   -0.604818949965595731E+01
    0.155497874284850042E+03    0.661433237728423329E+00    0.275352875058594293E+00    0.465007368732256288E+00   -0.603481166078318054E+01
    0.202941129764347352E+03    0.843097457867179045E-01    0.259448939737412232E+00    0.476703977111562371E+00   -0.593951865899779996E+01
    0.210625325143337250E+03    0.571359932422637939E+00   -0.564771890640258789E-01    0.404128473687171974E+00   -0.592378801323878701E+01
    0.235543867702785406E+03   -0.116236760504082492E+01    0.593287345795303622E+00    0.365200750200826152E+00   -0.591279569143204942E+01
    0.334701788566060486E+03   -0.883306813210545494E+00   -0.112746497743406060E+01    0.554434806965653157E-02   -0.586449127233627188E+01
    0.217724773811425223E+03   -0.523375853611242059E+00    0.143217587651218370E+01    0.136374669399925402E+00   -0.578925872033839717E+01
    0.258756423458399581E+03    0.208679169831302858E+00    0.924072811783026360E+00    0.865975738887258539E-01   -0.577239563435497693E+01
    0.239472790691672117E+03    0.505675172002941764E-01    0.117214305504666427E+01    0.833147215432226140E-01   -0.566370287663324934E+01
    0.240586397544393549E+03   -0.837674450840886653E+00   -0.438730438364517639E+00    0.490552235929444108E-01   -0.556628414909625846E+01
    0.156332921981811523E+03    0.772443711757659912E+00    0.843881368637084961E+00    0.148239319539070130E+00   -0.555931838474266193E+01
    0.246005915105342865E+03    0.848750948905944824E+00   -0.135262012481689453E+01    0.318495438265800512E+00   -0.554654105222204397E+01
    0.306607630944943139E+03    0.720574305595007125E+00   -0.143826533277165547E+01    0.386648770319199420E+00   -0.552494566868409098E+01
    0.296074295043945312E+03    0.180451214313507080E+00    0.832400918006896973E+00    0.502683348655700701E-02   -0.544463455334826829E+01
    0.199956691265106201E+03   -0.137780886888504028E+01    0.332951545715332031E+00    0.531850023365020741E+00   -0.540156451338801258E+01
    0.201637682307443129E+03   -0.699772999379585148E+00    0.131483981511051340E+01    0.201487712922751278E+00   -0.536168721941740145E+01
    0.213824441598619813E+03    0.265101619791771714E+00    0.404353372150558776E+00    0.325991078490583563E+00   -0.532851298744814539E+01
    0.163876154733391729E+03   -0.115214396272754782E+01   -0.141986473193885132E+00    0.263986629981030507E+00   -0.529997938854534922E+01
    0.235523614287376404E+03   -0.114728552103042603E+01   -0.576993227005004883E+00    0.141386029171943678E+00   -0.529872702650928584E+01
    0.282731807906895597E+03   -0.349818231233890664E+00   -0.944009301966955761E+00    0.746799579540490532E-01   -0.529148968862065860E+01
    0.170808897460591595E+03   -0.111233126020452655E+01   -0.796868984009286407E+00    0.426545089089480578E+00   -0.527481220122930772E+01
    0.147919621974077756E+03   -0.756974126910429757E+00    0.157573618614117272E+01    0.329667278645845052E+00   -0.527325521380439177E+01
    0.303536899399781873E+03    0.506400748586868232E-01   -0.102192491307587341E+01    0.505064178441437028E+00   -0.518761459044157469E+01
    0.241017967844678907E+03    0.562006345040785504E+00   -0.229694438330450446E+00    0.298160791431295924E+00   -0.518720723262813621E+01
    0.296093508083133031E+03   -0.394575776754307217E+00   -0.980505812612229022E+00    0.667806050501468240E-01   -0.518569984741249801E+01
    0.143904705345630646E+03   -0.861845552921295166E+00    0.210082948207855225E+01    0.193767000174522419E+00   -0.518355596300996879E+01
    0.176175004912511781E+03   -0.738617136592227830E+00   -0.491869806343431470E+00    0.294504399213995294E+00   -0.518057772306305075E+01
    0.311871342415207209E+03    0.285062686361428064E-01   -0.168316502222393360E+01    0.188784583158585817E+00   -0.517599422485525107E+01
    0.323940959943473445E+03   -0.415031377386514411E+00    0.548284636154569682E+00    0.636207247709516810E-01   -0.516103096353937385E+01
    0.145862280182693780E+03    0.433513647797503232E+00    0.857073857253514149E-01    0.155404184899734260E+00   -0.515716916219387578E+01
    0.275355061888694763E+03   -0.852156162261962891E+00    0.105935692787170410E+01    0.512381304502487200E-01   -0.515549271440681434E+01
    0.321622592134042918E+03   -0.806559694614477518E+00    0.552010538196341827E+00    0.898150430967052243E-01   -0.514115547794571093E+01
    0.222101664643472759E+03   -0.262623178596994578E+00    0.422318872266127521E+00    0.344863784387458405E+00   -0.514060682268757585E+01
    0.210657954216003418E+03   -0.490715086460113525E+00    0.108837187290191650E+01    0.204911921739578257E+00   -0.513505257262725667E+01
    0.274710791134879400E+03    0.709007627547052266E+00   -0.834167804137124769E+00    0.131311408192059647E-01   -0.513374487354289055E+01
    0.248568648903968779E+03    0.282734631424543359E+00   -0.221245108557505343E+01    0.476323940121468892E+00   -0.512144149947089922E+01
    0.317743687331676483E+03   -0.169203162193298340E+00   -0.177663505077362061E+01    0.231101997828483591E+00   -0.510967953844605383E+01
    0.203882040026715543E+03   -0.815097188364560576E+00    0.780618675691723496E+00    0.330691039543049570E+00   -0.507168170954940756E+01
    0.290242287495608934E+03   -0.108257764635071441E+01    0.739758955494185244E+00    0.119060407113889807E+00   -0.506999407288262649E+01
    0.263115626783757875E+03   -0.972438943465272931E+00   -0.475256662936434537E+00    0.479278134031256922E-01   -0.505371375106057741E+01
    0.256794404759775261E+03   -0.360720523522560788E+00    0.213101762034328956E+00    0.301513523777859338E+00   -0.504987102172633051E+01
    0.321070438203249239E+03   -0.766363917535932027E+00   -0.818011708716957386E+00    0.460100920668369551E+00   -0.499497327052643136E+01
    0.254507552087306976E+03   -0.154448956251144409E+01   -0.569626092910766602E+00    0.140085906028747570E+00   -0.496870647015673583E+01
    0.182002866184445793E+03   -0.454156385291632159E+00    0.481563813599022339E+00    0.444396559461996798E+00   -0.491181648225808942E+01
    0.166085079015279661E+03    0.414499538010137503E+00   -0.581158694601223047E+00    0.290312620520230269E+00   -0.490480756829731135E+01
    0.138498123581724201E+03   -0.880374416901555046E+00    0.109769785872997616E+01    0.488902954708289650E+00   -0.489164235351396925E+01
    0.278100450336933136E+03   -0.370758652687072754E+00   -0.227407157421112061E+01    0.495864585399627689E+00   -0.488232925386396754E+01
    0.229908222603868410E+03   -0.808741513955444358E+00   -0.294966643255996530E+00    0.937691900210532447E-01   -0.487357882161919775E+01
    0.129077264346651987E+03   -0.773581168369511518E+00    0.259271289606490818E+00    0.324513787474729143E+00   -0.486380397602237124E+01
    0.218682892560236468E+03   -0.184184797334154604E+01    0.184429045867297159E+01    0.926958071822058145E-02   -0.483740947121012965E+01
    0.162585432827472687E+03    0.698036193847656250E+00    0.684873461723327637E+00    0.117642362666130068E+00   -0.482571665681259976E+01
    0.247372515267114181E+03   -0.109482212548938929E+01    0.138408368272592597E+01    0.186751075867031338E-01   -0.482006446116801257E+01
    0.279403484156503396E+03   -0.136862641908081661E+01   -0.129755395627729309E+01    0.289303414610514842E+00   -0.477698780931923572E+01
    0.205100363857692400E+03    0.424828903198782193E+00   -0.206315607855477090E+00    0.440338224813514978E+00   -0.474022871738262719E+01
    0.196176399290561676E+03   -0.570239365100860596E+00    0.810378789901733398E+00    0.302532347059249862E+00   -0.473803887181603933E+01
    0.255619860676990214E+03   -0.900110313792239269E+00   -0.597331267044579839E+00    0.134729404304386458E+00   -0.467491141587692915E+01
    0.237555213272571564E+03   -0.125937342643737793E+01    0.153553485870361328E-01    0.291232087612152100E-01   -0.467396709778754627E+01
    0.153586275956148711E+03   -0.138674934248798554E+01    0.192532761822317156E-01    0.331744356829155873E+00   -0.466585460913816519E+01
    0.218687573144301723E+03    0.454416760369462658E-01    0.787869155279361522E+00    0.171557567565707891E+00   -0.463709837997970009E+01
    0.167745707364365671E+03   -0.946030708672865650E+00   -0.718848046224904280E+00    0.465561562344805446E+00   -0.463594537634129367E+01
    0.285269324481487274E+03    0.583582222461700439E+00   -0.288847684860229492E+00    0.114047994875907902E+00   -0.461912235944428495E+01
    0.285269324481487274E+03    0.583582222461700439E+00   -0.288847684860229492E+00    0.114047994875907902E+00   -0.461912235944428495E+01
    0.345955644547939301E+03   -0.145308792591094971E+00   -0.942962765693664551E+00    0.373008970141410823E+00   -0.460913304261512646E+01
    0.130818334505244906E+03   -0.140948306846596227E+01    0.153333445607220398E+00    0.412384153699997091E+00   -0.460145195819310970E+01
    0.334456059156983144E+03    0.443945978569046940E+00   -0.957542694654667237E+00    0.283931524849588834E+00   -0.458089616942818889E+01
    0.259006704394099188E+03   -0.252442375258142171E+00   -0.186974962945389311E+01    0.456119099296261654E+00   -0.455766995772087213E+01
    0.219282127916812897E+03    0.471400797367095947E+00   -0.161737501621246338E+01    0.434368627667427065E+00   -0.455685336228947246E+01
    0.277690958076466700E+03   -0.743873083270722546E+00   -0.197704648556694451E+00    0.338722954336960647E+00   -0.454672753507786087E+01
    0.277690958076466700E+03   -0.743873083270722546E+00   -0.197704648556694451E+00    0.338722954336960647E+00   -0.454672753507786087E+01
    0.214138373062911512E+03    0.650331503254048648E+00   -0.571512327052276170E+00    0.247985853459965960E+00   -0.452631092128508161E+01
    0.189591576431059309E+03    0.366805850642965670E+00   -0.688376046215365633E+00    0.281089720769005069E+00   -0.446137180538670020E+01
    0.164291649110227610E+03    0.572276745393313746E+00    0.117895544204780656E+01    0.358289313623828889E-01   -0.442382456607327690E+01
    0.272847165756314496E+03   -0.749203529891225628E+00   -0.559363706413509298E+00    0.438855149383737819E+00   -0.442297166634672578E+01
    0.272847165756314496E+03   -0.749203529891225628E+00   -0.559363706413509298E+00    0.438855149383737819E+00   -0.442297166634672578E+01
    0.287689861284554127E+03    0.612546897558017278E+00   -0.126850226861768167E+01    0.297011174436729253E+00   -0.441565488581186916E+01
    0.267939019761322243E+03    0.401235710464729056E+00   -0.125316973388794883E+01    0.210762460300040977E+00   -0.441181197723879670E+01
    0.267939019761322243E+03    0.401235710464729056E+00   -0.125316973388794883E+01    0.210762460300040977E+00   -0.441181197723879670E+01
    0.221823398047261833E+03    0.886529699638707314E-01   -0.228589613643300993E+00    0.807280029189162557E-01   -0.440502982946533628E+01
    0.221823398047261833E+03    0.886529699638707314E-01   -0.228589613643300993E+00    0.807280029189162557E-01   -0.440502982946533628E+01
    0.135352359182468376E+03   -0.153720438073389110E+01    0.350857556088975286E+00    0.363402795113391408E+00   -0.438664606412709901E+01
    0.135352359182468376E+03   -0.153720438073389110E+01    0.350857556088975286E+00    0.363402795113391408E+00   -0.438664606412709901E+01
    0.267630058919214775E+03   -0.152076614923821740E+00    0.543882822772969732E+00    0.955043303936212173E-01   -0.438297412383362150E+01
    0.267630058919214775E+03   -0.152076614923821740E+00    0.543882822772969732E+00    0.955043303936212173E-01   -0.438297412383362150E+01
    0.161470731387429851E+03    0.582376986926442797E-01    0.150273187763389959E+01    0.134873079102075438E+00   -0.438081365901328823E+01
    0.126212081875580324E+03   -0.195620293162980574E+01    0.940955155050016145E+00    0.263950391255963923E+00   -0.437804491029019349E+01
    0.303971898477508034E+03    0.602273656287094283E+00   -0.645079477072521890E+00    0.155441234142206074E-01   -0.436412628636748501E+01
    0.303971898477508034E+03    0.602273656287094283E+00   -0.645079477072521890E+00    0.155441234142206074E-01   -0.436412628636748501E+01
    0.296849954734511698E+03   -0.443818868959369173E+00   -0.809435470805647483E+00    0.427734253828179589E+00   -0.435243170890904096E+01
    0.296849954734511698E+03   -0.443818868959369173E+00   -0.809435470805647483E+00    0.427734253828179589E+00   -0.435243170890904096E+01
    0.191159780903776777E+03    0.605194990413253198E+00    0.714198516553281593E-01    0.154348399926210911E+00   -0.434932817935944627E+01
    0.309535616410275679E+03   -0.860722615928850576E-01   -0.812833054109329822E+00    0.366703356073449838E+00   -0.433392858191318542E+01
    0.308552440572366208E+03   -0.117784623212699557E+01   -0.880816102450482141E+00    0.139559745955659203E+00   -0.433363667829657029E+01
    0.308552440572366208E+03   -0.117784623212699557E+01   -0.880816102450482141E+00    0.139559745955659203E+00   -0.433363667829657029E+01
    0.215431876879671734E+03   -0.711883787182276961E-02    0.650916056027286416E+00    0.193702159063985579E+00   -0.433142353238881661E+01
    0.272553723205479855E+03   -0.102648360051606580E+01   -0.340354150884833118E+00    0.382304355857844391E+00   -0.433120870869904184E+01
    0.335811489820480347E+03   -0.192535877227783203E+00   -0.162279427051544189E+01    0.230437248587608334E+00   -0.432700668894641627E+01
    0.335811489820480347E+03   -0.192535877227783203E+00   -0.162279427051544189E+01    0.230437248587608334E+00   -0.432700668894641627E+01
    0.274277886748313904E+03   -0.150019913911819458E+01   -0.109274148941040039E+01    0.301105135488510145E+00   -0.431539627640218182E+01
    0.279785855086538845E+03    0.490972723587603799E+00   -0.550367027748412063E+00    0.222041978862194206E+00   -0.431091812210503900E+01
    0.150676348773391254E+03   -0.102057823045760121E+01   -0.639719589993107185E+00    0.559850312727945942E+00   -0.429240113693538827E+01
    0.173494083416971563E+03   -0.186695755888226467E+01    0.569539776173943579E+00    0.467611789044707737E+00   -0.427542007204621832E+01
    0.173494083416971563E+03   -0.186695755888226467E+01    0.569539776173943579E+00    0.467611789044707737E+00   -0.427542007204621832E+01
    0.348666873112176802E+03   -0.799186614305029686E-01   -0.156040819982947498E+01    0.195063352247126953E+00   -0.425744382737469351E+01
    0.348666873112176802E+03   -0.799186614305029686E-01   -0.156040819982947498E+01    0.195063352247126953E+00   -0.425744382737469351E+01
    0.185013330909014627E+03    0.547182048870654025E+00   -0.509562952376818146E+00    0.408982118341459033E+00   -0.422457839973070914E+01
    0.265865877622614335E+03   -0.678310694055356489E+00   -0.192100764918317068E+01    0.520678440287979605E+00   -0.422182166275984017E+01
    0.265865877622614335E+03   -0.678310694055356489E+00   -0.192100764918317068E+01    0.520678440287979605E+00   -0.422182166275984017E+01
    0.260824238056110289E+03    0.121130122445013200E+00   -0.608979017615172147E+00    0.382386456911063821E+00   -0.420774561955489368E+01
    0.260824238056110289E+03    0.121130122445013200E+00   -0.608979017615172147E+00    0.382386456911063821E+00   -0.420774561955489368E+01
    0.182152502362381654E+03    0.537119049994861708E+00   -0.714822447923772586E+00    0.368003932425618907E+00   -0.420248060648525978E+01
    0.205858774798366341E+03   -0.184261490504605918E+01   -0.171148267885606664E+00    0.274000888047229607E+00   -0.420008247581439242E+01
    0.208486811899491528E+03   -0.180235192774619857E+01    0.558248264259990634E-01    0.480076769886823129E+00   -0.419866186350000525E+01
    0.208486811899491528E+03   -0.180235192774619857E+01    0.558248264259990634E-01    0.480076769886823129E+00   -0.419866186350000525E+01
    0.293454357606520716E+03   -0.177500067108610970E+01   -0.202380494180918813E+01    0.555515140075455438E+00   -0.419300711101188739E+01
    0.293454357606520716E+03   -0.177500067108610970E+01   -0.202380494180918813E+01    0.555515140075455438E+00   -0.419300711101188739E+01
    0.304370533276612605E+03   -0.971614053280680512E+00   -0.134071009722549217E+01    0.286172718147518157E+00   -0.418456457944891014E+01
    0.335952967955017868E+03   -0.107610967450928774E+01   -0.129536889807893907E+01    0.216092093045054112E+00   -0.417989467771459022E+01
    0.184340995497190193E+03    0.263665326684449752E+00    0.727297357175893389E+00    0.196904582741431078E+00   -0.417053407338328341E+01
    0.291289187544306856E+03   -0.178141102783785144E+01   -0.151225140169065764E+01    0.422266519577306432E+00   -0.415910997260784754E+01
    0.311007480323314667E+03   -0.697330832481384277E+00   -0.520704984664916992E+00    0.299550289607048048E+00   -0.415836178764069686E+01
    0.295517263714297087E+03   -0.851577927230131371E+00   -0.101496400091610139E+01    0.488729210407454151E+00   -0.415827508571063209E+01
    0.230809923156562746E+03   -0.170022289606022436E+01    0.815617474583055113E+00    0.177239300162337021E+00   -0.415507483027800273E+01
    0.175336198508739471E+03   -0.288242638111114502E+00    0.556029081344604492E+00    0.356153018760681173E+00   -0.415053460217556580E+01
    0.221351405079716926E+03   -0.149023860266776209E+01   -0.125902277687218067E+00    0.467997396408187605E+00   -0.414609189175852944E+01
    0.274861347676681135E+03   -0.992558260394360126E+00    0.115520659358470112E+00    0.220108036602231799E+00   -0.414518346822509631E+01
    0.241400481760501862E+03    0.337888479232788086E+00   -0.489748120307922363E+00    0.110394330525398252E+00   -0.414280180711949342E+01
    0.241400481760501862E+03    0.337888479232788086E+00   -0.489748120307922363E+00    0.110394330525398252E+00   -0.414280180711949342E+01
    0.287931383523569821E+03   -0.162861633823902907E+01   -0.124098855963471255E+01    0.348318678756373179E+00   -0.413807929528669760E+01
    0.184708628228257396E+03   -0.138756006647119290E+01    0.610770356552103877E+00    0.929386852270832620E-01   -0.413791021905090872E+01
    0.169289579952153076E+03   -0.184120652714471422E+00    0.394615550380040148E+00    0.418484661570350913E+00   -0.410326893549713390E+01
    0.169289579952153076E+03   -0.184120652714471422E+00    0.394615550380040148E+00    0.418484661570350913E+00   -0.410326893549713390E+01
    0.167912696967611993E+03   -0.216602802148204043E+00    0.230779734094001654E+00    0.209302555252394107E+00   -0.408942321601038028E+01
    0.169739628233160232E+03   -0.177437887891046087E+00    0.567420048132150967E+00    0.363581216039629562E+00   -0.408942124581291999E+01
    0.179077342745862808E+03    0.440526583378795245E+00   -0.112462220076481056E+01    0.496797719958623263E+00   -0.408822372425596381E+01
    0.185573922097682953E+03   -0.788888752460479736E+00    0.137714207172393799E+01    0.978564856767654423E-01   -0.408628809276549276E+01
    0.133505687117576599E+03   -0.117504870891571045E+01    0.154073476791381836E+01    0.301624372744560276E+00   -0.407433377591624435E+01
    0.133505687117576599E+03   -0.117504870891571045E+01    0.154073476791381836E+01    0.301624372744560276E+00   -0.407433377591624435E+01
    0.318634821537218841E+03   -0.118239354722064394E+01   -0.142762201021636548E+01    0.311558184625173984E+00   -0.407233181913350961E+01
    0.200405266265162027E+03   -0.121696305426165896E+01   -0.749593084446491531E-01    0.252796015901958993E+00   -0.404745827827535809E+01
    0.200405266265162027E+03   -0.121696305426165896E+01   -0.749593084446491531E-01    0.252796015901958993E+00   -0.404745827827535809E+01
    0.242990589141845703E+03   -0.118091773986816406E+01   -0.124794423580169678E+01    0.456375566840171831E+00   -0.402512041953502564E+01
    0.337991067088875070E+03   -0.191022982902294292E+01   -0.965338087871277395E+00    0.193195165359818205E+00   -0.402484062766732897E+01
    0.337991067088875070E+03   -0.191022982902294292E+01   -0.965338087871277395E+00    0.193195165359818205E+00   -0.402484062766732897E+01
    0.262989836931228638E+03    0.254334986209869385E+00   -0.147442877292633057E+01    0.567428607773780791E+00   -0.402125330552382643E+01
    0.271565869960290968E+03    0.118080988890566729E+00   -0.404758438072033933E+00    0.445385234268480257E-01   -0.400845388112165146E+01
    0.271565869960290968E+03    0.118080988890566729E+00   -0.404758438072033933E+00    0.445385234268480257E-01   -0.400845388112165146E+01
    0.261579847412075310E+03   -0.140620104498151166E+01   -0.352760353490481293E+00    0.386148353329593352E+00   -0.400175891495877334E+01
    0.172736386954784393E+03   -0.418756783008575439E+00   -0.416243076324462891E+00    0.405239243602752708E+00   -0.399954140773030575E+01
    0.172736386954784393E+03   -0.418756783008575439E+00   -0.416243076324462891E+00    0.405239243602752708E+00   -0.399954140773030575E+01
    0.270596038352928417E+03   -0.110438816875063228E+01   -0.145296490360750230E+01    0.437978962233029234E+00   -0.399449421682147765E+01
    0.336008585840909063E+03   -0.154588105008663468E+01   -0.100791907698285588E+01    0.193398024218342124E+00   -0.399391821288922433E+01
    0.336008585840909063E+03   -0.154588105008663468E+01   -0.100791907698285588E+01    0.193398024218342124E+00   -0.399391821288922433E+01
    0.246128001990123551E+03   -0.884508752484526983E+00    0.912921144227625270E+00    0.404954051683717869E-01   -0.399342681845156422E+01
    0.221760247647762299E+03   -0.135404145717620850E+01    0.933238267898559570E+00    0.129853189373016376E+00   -0.399208140164761183E+01
    0.266478143632411957E+03   -0.109389257431030273E+01    0.217177271842956543E+00    0.192797886943817137E+00   -0.399000540752346833E+01
    0.266478143632411957E+03   -0.109389257431030273E+01    0.217177271842956543E+00    0.192797886943817137E+00   -0.399000540752346833E+01
    0.340023027187499906E+03   -0.107035063369006833E+01    0.778964686802332551E-01    0.713696756921198966E-01   -0.398975039720226254E+01
    0.340023027187499906E+03   -0.107035063369006833E+01    0.778964686802332551E-01    0.713696756921198966E-01   -0.398975039720226254E+01
    0.191648185172425059E+03   -0.165618230601190364E+01    0.433412766803371596E+00    0.171563930601069864E+00   -0.398275230742816477E+01
    0.128408505534312468E+03   -0.118034424626461187E+01    0.158554463458464934E+01    0.299480781521969941E+00   -0.398236404514478703E+01
    0.128408505534312468E+03   -0.118034424626461187E+01    0.158554463458464934E+01    0.299480781521969941E+00   -0.398236404514478703E+01
    0.170757824311670021E+03   -0.145309137474928129E+01    0.249845144143316489E+00    0.506209533770511255E+00   -0.397647318873032640E+01
    0.170757824311670021E+03   -0.145309137474928129E+01    0.249845144143316489E+00    0.506209533770511255E+00   -0.397647318873032640E+01
    0.303762816309859090E+03   -0.202130047503121135E+00   -0.135718011135461936E+01    0.275449787874523344E+00   -0.397152290573071731E+01
    0.339572757221409972E+03   -0.143747723261606319E+01   -0.114215955015423631E+01    0.224084845052395176E+00   -0.396968769460073156E+01
    0.304175665974617004E+03   -0.197950309514999390E+01   -0.182146191596984863E+01    0.517282721328735318E+00   -0.396596768690094148E+01
    0.304175665974617004E+03   -0.197950309514999390E+01   -0.182146191596984863E+01    0.517282721328735318E+00   -0.396596768690094148E+01
    0.221464467048645020E+03   -0.173339915275573730E+01    0.570587515830993652E+00    0.468594991207122794E-01   -0.395754215961029399E+01
    0.252049098244695529E+03   -0.780642927836007638E+00   -0.582947065353030425E+00    0.229575557259671242E+00   -0.395551460576041070E+01
    0.163749361288035260E+03   -0.140841236972476969E+00   -0.341844407148407470E+00    0.410656221985972625E+00   -0.395408004295061088E+01
    0.183131037506360116E+03   -0.994333024931315368E+00   -0.131222432482324791E+00    0.322492352060523346E+00   -0.394430877926011370E+01
    0.304135643915634773E+03   -0.198820872712710361E+01   -0.134697001885214762E+01    0.388991203214436476E+00   -0.394364859551297675E+01
    0.135803542790952406E+03   -0.127256286924635709E+01    0.133291270156514052E+01    0.330815917021742345E+00   -0.394310850068945395E+01
    0.308788743615150452E+03   -0.128495150804519653E+01   -0.118309199810028076E+01    0.485956771588325509E+00   -0.394228497585716298E+01
    0.233077906716562836E+03   -0.185535147302824099E+01    0.486073777902706894E+00    0.437923434058414066E-01   -0.393835665700865700E+01
    0.284124352906073000E+03   -0.121405106326242707E+01    0.486730208154484423E+00    0.715373924388209015E-01   -0.393195424811019478E+01
    0.284124352906073000E+03   -0.121405106326242707E+01    0.486730208154484423E+00    0.715373924388209015E-01   -0.393195424811019478E+01
    0.303689301255733653E+03    0.166879929533744864E+00   -0.632480482685439327E+00    0.226668779247792967E+00   -0.392936706170082317E+01
    0.146874092668539561E+03   -0.230917448563865424E+00    0.615419039420111780E+00    0.218010485296173867E+00   -0.392051797979239947E+01
    0.169264577319039233E+03   -0.177206480851660131E+01   -0.239465533795501173E+00    0.473769295997285345E+00   -0.391865298874781409E+01
    0.231059000608135648E+03   -0.114730511333265595E+01    0.408227920432098657E+00    0.352899160738269838E-01   -0.391499559232601557E+01
    0.215721750259399414E+03   -0.133694005012512207E+01   -0.268982052803039551E+00    0.477573438906669645E+00   -0.391225688145196315E+01
    0.280394330592229494E+03    0.256094244035713459E+00   -0.218730019774702367E+01    0.541336483364893373E+00   -0.390924683956049446E+01
    0.257035480439662933E+03    0.167410671710968018E+00   -0.761472582817077637E+00    0.202616073560714732E+00   -0.390898230572630467E+01
    0.257035480439662933E+03    0.167410671710968018E+00   -0.761472582817077637E+00    0.202616073560714732E+00   -0.390898230572630467E+01
    0.207802441891811384E+03   -0.149843375773402165E+01    0.908274106325497321E+00    0.170802409410163752E+00   -0.390799906213131454E+01
    0.190900453411565138E+03   -0.612613007159264811E+00    0.455097794157868663E+00    0.309172540441462362E+00   -0.390760966257849685E+01
    0.214315655827522278E+03   -0.142280828952789307E+01    0.178599357604980469E-01    0.401768654823303262E+00   -0.390398215322707465E+01
    0.214315655827522278E+03   -0.142280828952789307E+01    0.178599357604980469E-01    0.401768654823303262E+00   -0.390398215322707465E+01
    0.146208445271575073E+03   -0.183914208268000223E+01    0.135412870103257088E+01    0.288302187971146262E+00   -0.389478985140710776E+01
    0.188629608740204560E+03   -0.166834189743158667E+00   -0.240059381065707456E+00    0.482149842747519319E+00   -0.389474318122737539E+01
    0.206883882187954214E+03   -0.263031984219910253E+00   -0.122628730061301727E+01    0.529516034569279648E+00   -0.389019293433834257E+01
    0.307741250578295535E+03   -0.165349554657260400E+01   -0.180599873869057248E+01    0.502399694419849663E+00   -0.388888790380646165E+01
    0.184906093111598977E+03   -0.137794808192092511E+01    0.513993039852538303E+00    0.342287779963494687E+00   -0.388786866084190663E+01
    0.224378177523612976E+03    0.403063833713531494E+00   -0.423200726509094238E+00    0.201088828897476202E+00   -0.388716216160111561E+01
    0.255472676106994896E+03   -0.111576714677438682E+00   -0.585749819870188482E+00    0.370313397754919837E+00   -0.388568438463630095E+01
    0.284615283824326070E+03   -0.106916893021083226E+01   -0.887812047618929512E+00    0.440281000208507467E+00   -0.387862981086754033E+01
    0.200062894702009743E+03   -0.740013700106739503E+00    0.306137758406319627E+00    0.324107799362459759E+00   -0.387455159777540814E+01
    0.305608048479760669E+03   -0.963544312768275679E+00   -0.112987325837836483E+01    0.447492285079518270E+00   -0.387437784702974852E+01
    0.223588432164633787E+03   -0.544803631706240576E+00    0.645294204577677277E+00    0.138062634040541032E+00   -0.387311349996693988E+01
    0.295824135839950202E+03    0.286220556039814777E+00   -0.135612588063679684E+01    0.413218504404940790E+00   -0.387280094409628450E+01
    0.263706044266510048E+03   -0.108445329222131148E+01    0.145096798998856968E+00    0.274538182140157405E-01   -0.387165602881713955E+01
    0.263706044266510048E+03   -0.108445329222131148E+01    0.145096798998856968E+00    0.274538182140157405E-01   -0.387165602881713955E+01
    0.216470250809655795E+03    0.310159162784056974E+00   -0.916072934070881750E+00    0.499051831682228608E+00   -0.386874650244372198E+01
    0.243986563376238564E+03   -0.127600489431250441E+01   -0.134363684244890980E+01    0.519283066361726720E+00   -0.386864506733918700E+01
    0.335207686430583635E+03   -0.157018724298964241E+00   -0.147932044605431923E+01    0.263141216639531939E+00   -0.386633398976255060E+01
    0.218592623272306554E+03   -0.165062948254483888E+01   -0.348336455258664301E+00    0.336524483910220606E+00   -0.386610870041088894E+01
    0.125792472279208994E+03   -0.121863689300676303E+01    0.169395405212216410E+01    0.258189262671082997E+00   -0.386598415912519267E+01
    0.304401102636559699E+03   -0.113247519019877840E+01    0.219274129475264701E+00    0.777851171044932482E-01   -0.386520982823250980E+01
    0.167994135455739780E+03   -0.851878117547686387E-01    0.524606412228751040E+00    0.331863308441395666E+00   -0.386503029481518112E+01
    0.308932075403594581E+03   -0.327866538955805531E-01   -0.757462697903665827E-02    0.574763891200811075E-01   -0.386310032628539801E+01
    0.132354774696072440E+03   -0.150332247242912387E+01    0.970424865208419973E+00    0.285193128080490688E+00   -0.386206767218095948E+01
    0.135701903980527760E+03   -0.138601609621513422E+01    0.176620178414102824E+01    0.190518375050799715E+00   -0.386201710762082584E+01
    0.311929834157730056E+03   -0.191278399288783874E+01   -0.983069331487515186E+00    0.283708876604679194E+00   -0.386118045842565971E+01
    0.262850123856246455E+03   -0.178405866575157157E+01   -0.818831165278499640E-02    0.118979285530961890E+00   -0.386073958195074463E+01
    0.307066081464290619E+03   -0.127036654949188232E+01   -0.433887839317321777E+00    0.259457319545745857E+00   -0.385701911892373817E+01
    0.301193676321644489E+03    0.295803172788271951E+00   -0.436421720437540017E+00    0.130070530231972459E+00   -0.385443398030761841E+01
    0.314180751472986287E+03    0.127767514755978251E+00   -0.656113928536567137E+00    0.511060822964012271E-01   -0.385380446725714609E+01
    0.165483387847682508E+03   -0.179108834818488716E+01    0.458104630345888886E+00    0.303712501774017041E+00   -0.385278479650106931E+01
    0.346308726457376110E+03   -0.761698418349450179E-01   -0.776387307956433403E+00    0.494692754359686640E-01   -0.385068068941871156E+01
    0.231613209065393136E+03   -0.179006039073583900E+01    0.778730700580156920E+00    0.128564053389888799E+00   -0.385066873516031238E+01
    0.169234352526562873E+03   -0.121317837391306971E+01    0.262433100450768286E+00    0.312226881898867548E+00   -0.384293726818350789E+01
    0.283610119585118412E+03   -0.274425357081389265E-01   -0.877080132931698842E+00    0.359930852144119073E+00   -0.384234425611473718E+01
    0.338186255907802547E+03   -0.135145975405663066E+01   -0.799995471448431417E+00    0.153932332661696064E+00   -0.384117567835285412E+01
    0.324008788353742545E+03   -0.747175997521939861E+00   -0.461186479168032015E+00    0.203631328093430652E+00   -0.384015781820084801E+01
    0.311165089322797826E+03   -0.109705891071004924E+01   -0.102302737657093346E+01    0.253248332541427035E+00   -0.383831373252913854E+01
    0.289164335000335711E+03   -0.274022357046175946E+00    0.588586939137938359E-01    0.106214104609555951E+00   -0.383593081447926032E+01
    0.212828072218772945E+03   -0.735306609930108657E-01    0.187599506536225036E+00    0.102048222634615937E+00   -0.383543436772052759E+01
    0.206801232699167912E+03   -0.176605099750163630E+01    0.966430150801840249E+00    0.115380492467145098E-01   -0.383365001912075964E+01
    0.294580536250286627E+03   -0.868531859335447631E+00   -0.116705725714578179E+01    0.324556250319926964E+00   -0.382949584297381307E+01
    0.196174942286470696E+03   -0.128724171601608539E+01    0.998965748696991618E+00    0.843379945923287792E-02   -0.382930378481007638E+01
    0.182162047137099535E+03   -0.124158572625794528E+01    0.160791389663045514E+01    0.109163218628484590E-01   -0.382554136250292220E+01
    0.298407883267807279E+03    0.285991398954342557E+00   -0.180302920508951692E+01    0.416109351341124312E+00   -0.382509057825292764E+01
    0.349658219516277313E+03    0.561800003051757812E-01   -0.104342639446258545E+01    0.250161986660957347E+00   -0.382473053292580190E+01
    0.271667466576936135E+03   -0.178347304431675013E+01    0.250923203594890509E-01    0.970303873642342912E-01   -0.382169376778469605E+01
    0.318663794613288587E+03    0.160260369033753847E+00   -0.864453566608448298E+00    0.231412136216516046E+00   -0.381232016255399309E+01
    0.177990311384201050E+03   -0.538053929805755615E+00   -0.630041956901550293E+00    0.490287842845916755E+00   -0.381121677738358766E+01
    0.177326120183503633E+03   -0.146891791828807783E+01    0.838541057925173305E+00    0.130424146693188858E+00   -0.381090206960257838E+01
    0.272672195732593536E+03   -0.170528709888458252E+00   -0.437142848968505859E+00    0.186206586384773248E+00   -0.368517689903176571E+01
    0.292612521252846250E+03   -0.202291745451730343E+00   -0.271328672104616864E+00    0.173861859518258582E+00   -0.379164564974057328E+01
    0.285440127810937042E+03   -0.409277025977979880E+00   -0.556005868335499365E+00    0.156636128688361020E+00   -0.377879750802118997E+01
    0.234527877021605690E+03   -0.605746781555837943E+00   -0.313814315929884735E+00    0.277897128750123457E+00   -0.369176111077892521E+01
    0.305909494229286906E+03   -0.191826012002510593E+00   -0.959961576085897939E+00    0.224684123957906157E+00   -0.372323546371014746E+01
    0.267805884086089918E+03    0.194376031640180358E+00   -0.892124684275488633E+00    0.238664132055736555E+00   -0.380298038563564855E+01
    0.239218397438526154E+03    0.221003890037536621E+00   -0.100215017795562744E+01    0.397334718704223655E+00   -0.374104726069833848E+01
    0.284029496463579335E+03    0.169261671655938528E+00   -0.106891269583452742E+01    0.354286250218116938E+00   -0.377660374107096519E+01
    0.218523165738131581E+03   -0.470023630900350931E+00   -0.697715653493201415E+00    0.429796795275779020E+00   -0.369145808989275093E+01
    0.223489438414871643E+03   -0.140514905764272058E+00   -0.920999237107968050E+00    0.518677955955004988E+00   -0.373707352692594164E+01
    0.276262132332067722E+03   -0.481292944069470208E+00   -0.145312706112539569E+01    0.452590366335009375E+00   -0.372850897745958587E+01
    0.229450514676344199E+03   -0.828069225555556621E+00   -0.740045505878460297E+00    0.392146978198880003E+00   -0.375792999310782738E+01
    0.262022211866871942E+03   -0.667804418314131620E+00   -0.167528650607275686E+01    0.558958168978219705E+00   -0.374783492487317371E+01
    0.294491125005914455E+03   -0.696830237272684672E+00   -0.117180466906371361E+01    0.432197229551541107E+00   -0.373243380546616033E+01
    0.229540253368599650E+03   -0.813789234885016421E+00   -0.490048958985184413E+00    0.333307392480486797E+00   -0.372666280915359183E+01
    0.208927113316373038E+03   -0.669768731569835074E+00   -0.989037163098744010E+00    0.530130872534170683E+00   -0.373563204956297223E+01
    0.217141103897322921E+03   -0.762367943028778861E+00   -0.107275026532288820E+01    0.560294157716538566E+00   -0.369672057909079088E+01
    0.209151117336507724E+03   -0.220499965487964245E+00   -0.677646241666577609E+00    0.514833041448760076E+00   -0.377302672428912711E+01
    0.268741129322612892E+03   -0.353091404908906670E+00   -0.146433150174572102E+01    0.537465137658597047E+00   -0.370485505055943243E+01
    0.250764130825955476E+03   -0.121913797542172020E+00    0.131142038750442502E+00    0.976481871835337134E-01   -0.368559851113408232E+01
    0.222253459922310412E+03   -0.107861491593798320E+00    0.421818623104890378E-01    0.135822504768957519E+00   -0.377525731113998653E+01
    0.223646690037427959E+03   -0.242745711452797330E+00   -0.464098969736985723E-01    0.186857548002371282E+00   -0.372333626383657323E+01
    0.231486743304931849E+03   -0.731010846486659149E+00   -0.258596230592049281E+00    0.267088488915614264E+00   -0.370636635487341159E+01
    0.277883089782359036E+03   -0.638492804908679767E+00    0.211555648985988221E+00    0.854188405772441789E-01   -0.376262699591517524E+01
    0.258951505235152069E+03   -0.709409914323876123E+00    0.257915107842256575E+00    0.557050998167346947E-01   -0.369323156601987979E+01
    0.192815833669402565E+03   -0.377966035545171053E+00    0.398724449895649258E+00    0.252961326901264549E+00   -0.373170675118637751E+01
    0.171414630511410138E+03    0.214153868000988901E+00    0.100982326383908472E+01    0.270800686388087374E-01   -0.374957998853952379E+01
    0.171316041389824079E+03    0.385095227249987460E-01    0.470745990263969460E+00    0.192692555209775351E+00   -0.372952769971914488E+01
    0.182587274246567375E+03    0.209913153755603599E+00    0.410394890754835373E+00    0.214580551126638069E+00   -0.378684936796862814E+01
    0.193323084059894427E+03    0.137122044095846718E+00    0.696413259968846177E+00    0.949726732351067054E-01   -0.373327750490120369E+01
    0.220433185145726895E+03   -0.500685287654013544E+00    0.350496119010506924E+00    0.180013445111578740E+00   -0.372011174633724107E+01
    0.204422938959325052E+03   -0.720599905958813070E+00    0.487447875845141709E+00    0.139426364695968003E+00   -0.370725468874915798E+01
    0.226901295808519023E+03   -0.137343211899927597E+00    0.324640631946775393E+00    0.172544769776829837E+00   -0.380246647328660137E+01
    0.264558070474826991E+03   -0.848892889795459071E+00    0.275236811060607600E+00    0.105725029156576930E+00   -0.374728220490173314E+01
    0.174340119944286783E+03    0.386890846704539548E-01    0.480727768906866970E+00    0.176084532612721556E+00   -0.372667344117940358E+01
    0.213622754388276178E+03   -0.345549512839777195E+00   -0.504587149905599830E-01    0.228609221162250575E+00   -0.372023922636073534E+01
    0.200972346400166714E+03   -0.935282770719154666E-01   -0.343214879737696599E+00    0.349160537576055030E+00   -0.370153845482974830E+01
    0.183092884020548951E+03   -0.135006277013499210E+00    0.512798494627273449E+00    0.242852019228413346E+00   -0.377305267156536983E+01
    0.283915142335855535E+03   -0.136412517750453044E+01   -0.963230262007485294E+00    0.384352591312588643E+00   -0.370752055840086525E+01
    0.316910512358121196E+03   -0.180758161112384719E+01   -0.133575493148554925E+01    0.430933933426531524E+00   -0.372248958425133036E+01
    0.260606077313423157E+03   -0.141762071847915649E+01   -0.303713083267211914E+00    0.232644117808341988E+00   -0.373446770410829565E+01
    0.259383437515284697E+03   -0.150177724311902416E+01   -0.296792991944171192E+00    0.295086767691460916E+00   -0.372247765862602709E+01
    0.346435255146741326E+03   -0.144754594678211945E+01   -0.709193617096010698E+00    0.229605862028159274E+00   -0.373746364792853569E+01
    0.298307059219816551E+03   -0.108202079637430204E+01   -0.103799641005208443E+01    0.313398218048990485E+00   -0.376237149720705144E+01
    0.259473592015546501E+03   -0.959524054035644669E+00   -0.702549740799490507E+00    0.291799849072261197E+00   -0.379831759545331771E+01
    0.311151560464345380E+03   -0.159805976113460479E+01   -0.751838173333426063E+00    0.285856642262788063E+00   -0.371336473751876106E+01
    0.297469624705808883E+03   -0.130566342668624547E+01   -0.648866976651882865E+00    0.286625247535274574E+00   -0.371073533287973234E+01
    0.288703309018073696E+03   -0.121006479803596356E+01   -0.648654507360618915E+00    0.279060604221029351E+00   -0.370251213733597062E+01
    0.324339780555220784E+03   -0.814435640008896788E+00   -0.106876403212456328E+01    0.288436443690154976E+00   -0.369378393636821212E+01
    0.348551973233269337E+03   -0.174105696382076647E+01   -0.145290926544964849E+01    0.394747131646214056E+00   -0.372760635729783907E+01
    0.315891691416208459E+03   -0.190009310989101587E+01   -0.951297749845744001E+00    0.297838137946869419E+00   -0.376929195604809131E+01
    0.322004154366546402E+03   -0.171485478537114089E+01   -0.109226108315328085E+01    0.393904197391931332E+00   -0.374416699626779881E+01
    0.282757243029372887E+03   -0.129218869416408078E+01   -0.110167613184569646E+01    0.442550656551733257E+00   -0.370640535473142485E+01
    0.306412430678298620E+03   -0.190208349075214800E+01   -0.105149127258595110E+01    0.374928465544435097E+00   -0.372659544850460067E+01
    0.342659768601809333E+03   -0.928559937137348523E+00   -0.105889507760716750E+01    0.222433058536714273E+00   -0.375121358245397962E+01
    0.318332691572463091E+03   -0.144551356395509556E+01   -0.575385114626287830E+00    0.231645532024773587E+00   -0.372120444411770368E+01
    0.278083707575226924E+03   -0.937103815578367971E+00   -0.125003798549591982E+01    0.474209717121582219E+00   -0.369700652627450488E+01
    0.286438306664263678E+03   -0.117505742671055069E+01   -0.140241059428345016E+01    0.541478867041569112E+00   -0.373695319993109187E+01
    0.291628523497845663E+03   -0.889521443300012260E+00   -0.142206633335516708E+01    0.492195335133084499E+00   -0.369574089992384103E+01
    0.335078579861840012E+03   -0.159197819318082079E+01   -0.155011192376816620E+01    0.470325693981170689E+00   -0.371866982562968840E+01
    0.294217735634347036E+03   -0.127831598628066145E+01   -0.116741842177256805E+01    0.392915427665470385E+00   -0.372607932860025715E+01
    0.280707744433640528E+03   -0.125532385861832285E+01   -0.984423800758287726E+00    0.431012295970205461E+00   -0.372643401226879245E+01
    0.262669580021376532E+03   -0.931445156164634414E+00   -0.127240706473624154E+01    0.441224180066007776E+00   -0.380299253787727753E+01
    0.300871204532524644E+03   -0.114668086948893966E+01   -0.178582490870290123E+01    0.542710840554155860E+00   -0.371921284333957036E+01
    0.317875685308641891E+03   -0.181788297366296270E+01   -0.170594382410722112E+01    0.531787924049694105E+00   -0.372410787022001699E+01
    0.250677647289460765E+03   -0.106818451996701014E+01   -0.120806065620061576E+01    0.478254545707687717E+00   -0.377076914967629140E+01
    0.322649047741486129E+03   -0.147460918745758907E+01   -0.169481334115950277E+01    0.473134098305568240E+00   -0.375548123043376059E+01
    0.254258294478060691E+03   -0.145719310814826075E+01   -0.906957330420546270E+00    0.432514264883619159E+00   -0.372476880885239181E+01
    0.309629733447029594E+03   -0.736219459588792091E+00   -0.142810089007204155E+00    0.119356973848681103E+00   -0.377148339367718144E+01
    0.263585449357318680E+03   -0.917285645495006685E+00   -0.280795044273745908E+00    0.177374960025315859E+00   -0.374338753394885515E+01
    0.290644028738805673E+03   -0.114547280581405020E+01   -0.759069552816704629E-01    0.184175165134004643E+00   -0.380971010689872713E+01
    0.333283957616094426E+03   -0.320778749825249676E+00   -0.353751220895256679E+00    0.644673547001471253E-01   -0.369053229877838040E+01
    0.312312299493410251E+03   -0.664238353248284952E+00   -0.113704518056673365E+00    0.989680904065295824E-01   -0.376327892215640425E+01
    0.332124363003713654E+03   -0.450220807476888307E+00   -0.361914264986852530E+00    0.876630640173849257E-01   -0.370209856517267921E+01
    0.337689993656234833E+03   -0.503454115607770980E+00   -0.126641870122161038E+01    0.242765844566709910E+00   -0.379327266891365911E+01
    0.335712757276439618E+03   -0.335123291343500274E+00   -0.106211357479783253E+01    0.178762837252103929E+00   -0.378681726518501183E+01
    0.209180788370220426E+03   -0.190430735032618847E+01   -0.573323591836711444E+00    0.467614342699520402E+00   -0.379848022222742454E+01
    0.214368916966919954E+03   -0.933157991426956546E+00    0.434912496364061596E-01    0.207928898221135638E+00   -0.380565748989980213E+01
    0.218683614006251730E+03   -0.131411870207868642E+01    0.184615760638306980E+00    0.240353038865045887E+00   -0.370493587282953518E+01
    0.235007555453792122E+03   -0.182422330346197414E+01    0.840524688817900767E-01    0.206391811932696345E+00   -0.375922782808287126E+01
    0.297894906952366853E+03   -0.144320346492436324E+01   -0.134462040160852547E+01    0.474184512641875333E+00   -0.370770609017964636E+01
    0.198498755553929925E+03   -0.818191484936810376E+00    0.622670669945632582E+00    0.195052519168115557E+00   -0.372931535386370427E+01
    0.185526653418287196E+03   -0.109388870578473929E+01    0.682985432421858718E+00    0.210474061729988254E+00   -0.370917333859920895E+01
    0.212857269020388060E+03   -0.133274926663326032E+01    0.718651241182063139E+00    0.101845239128565995E+00   -0.370632731629273149E+01
    0.179461485568260002E+03   -0.106453675209463228E+01    0.733466662424667959E+00    0.211772848868979235E+00   -0.370473572160165476E+01
    0.173815728747876108E+03   -0.148166363859839501E+01    0.134581230597525980E+01    0.761145807444657974E-02   -0.379544600005920918E+01
    0.173483203892501592E+03   -0.127339951807108998E+01    0.152582347875559066E+01    0.266176570634531866E-01   -0.371348657517253766E+01
    0.169520207954876525E+03   -0.190628051168632240E+01    0.103111576782453085E+01    0.142461005085585346E+00   -0.380787171948459324E+01
    0.182277026811312084E+03   -0.137356866489423401E+01    0.127226583539259064E+01    0.958860280233072709E-01   -0.377261779915848905E+01
    0.179305156157573066E+03   -0.144075364617532253E+01    0.124705455306929380E+01    0.126061059962556066E+00   -0.379327538664391772E+01
    0.131629016895850810E+03   -0.171100327952669673E+01    0.904595184398183427E+00    0.452934674443073171E+00   -0.378214283992263578E+01
    0.149783178135880974E+03   -0.165124331061594187E+01    0.424029671802594876E+00    0.408158221021427514E+00   -0.375397496852935442E+01
    0.126969108154541829E+03   -0.199664122318767667E+01    0.163810653995836919E+01    0.258563514951032303E+00   -0.375573831510962108E+01
    0.147765244367028458E+03   -0.164964893558558523E+01    0.526336691588791261E+00    0.375683455254119114E+00   -0.377982908611577173E+01
    0.184253083983113640E+03   -0.192093986675704942E+01    0.720645264432381083E+00    0.242631288318246680E+00   -0.373227029831030688E+01
    0.144353117015551646E+03   -0.174320356030590817E+01    0.116632897183943385E+01    0.307639533890238570E+00   -0.376988997828649497E+01
    0.150738410589461751E+03   -0.180068925397334501E+01    0.632903299758504900E+00    0.359089005344643497E+00   -0.374420931547456259E+01
    0.166270842479801331E+03   -0.478302225481775922E+00    0.765659563921587960E-01    0.354159026874035110E+00   -0.375830755315075926E+01
    0.142290170688145594E+03   -0.530149035076475483E+00    0.341341900608888693E+00    0.391244747627467360E+00   -0.374535655621601293E+01
    0.145379375283892330E+03    0.151687297807055366E+00    0.283554684617500996E+00    0.401855238516965252E+00   -0.373269511364414441E+01
    0.135400657095948532E+03   -0.651495405848822484E+00    0.354505626354589154E+00    0.419607829738726013E+00   -0.377356497573100347E+01
    0.128404257557229556E+03   -0.185419813358000285E+00    0.702210621384007361E+00    0.317973010552150215E+00   -0.378297747784687921E+01
    0.161345646483241666E+03   -0.150538535620594760E+01    0.144708133359086055E+00    0.513260335796626443E+00   -0.375418598033593476E+01
    0.200994707454894183E+03   -0.130643100600650497E+01    0.120336984872430719E+00    0.261579763688919276E+00   -0.378454506123903078E+01
    0.188975660502910614E+03   -0.137733966112136841E+01    0.782680511474609375E-01    0.370177235269546545E+00   -0.370633800694653814E+01
    0.185341220461197565E+03   -0.154520524026515615E+01   -0.194268825203130824E+00    0.510798195581854020E+00   -0.375545992155038943E+01
    0.187524995064658128E+03   -0.151374587035743691E+01   -0.101263433866094488E-01    0.371321060648094503E+00   -0.374222108484955696E+01
    0.214015679302958347E+03   -0.171210237254475039E+01   -0.260992595743294586E+00    0.459713387062991530E+00   -0.378255752488749142E+01
    0.167272840533219238E+03   -0.958456833776712536E+00    0.453682226556839652E-01    0.384352842758065749E+00   -0.378316922701468084E+01
    0.156204906610255307E+03   -0.117636065676284618E+01    0.227438114348386122E+00    0.388649965588403090E+00   -0.378830122472818598E+01
    0.151915471255779266E+03   -0.119657182693481445E+01    0.727231502532958984E+00    0.363701661944389354E+00   -0.373589755729372364E+01
    0.125125838298366745E+03   -0.103247854175078357E+01    0.806897066502139104E+00    0.457972272476764863E+00   -0.371731453702658499E+01
    0.185456360525950998E+03   -0.715905235820292640E+00   -0.374131315728015501E+00    0.542803733036213654E+00   -0.380807665270334139E+01
    0.180055887787317943E+03   -0.568776395421905834E+00   -0.262916832971566095E+00    0.482503440683238083E+00   -0.371254982954611057E+01
    0.176464262781588957E+03   -0.102001278465692935E+01    0.314308917265311294E+00    0.292734769621124546E+00   -0.372384912224312492E+01
    0.202782690928954736E+03   -0.924656182635733348E+00    0.103594743682855039E+00    0.343566204507612660E+00   -0.374664335766608847E+01
    0.174672753986525805E+03   -0.769859967093961428E+00   -0.948271112655678650E-01    0.469008368930553088E+00   -0.370838153615880461E+01
    0.125885663996749031E+03   -0.103045944758913999E+01    0.889693969063953816E+00    0.445490921362803993E+00   -0.374619296901406340E+01
    0.141566962568942500E+03   -0.932773606657379961E+00    0.479812040386703664E+00    0.487488641639550968E+00   -0.376817729072198837E+01
