

    0.976562500000000651E-03   -0.000000000000000000E+00    0.974925583600997925E+01    0.435410904884338379E+02    0.564736059981830185E+00    0.791616678237915039E+00   -0.295470798015594482E+01   -0.722966372966766357E+00    0.198959986853599557E+00
    0.976562500000000651E-03   -0.000000000000000000E+00    0.604711323976516724E+01    0.321925622224807739E+02    0.410932876552814630E+00   -0.673097968101501465E+00   -0.250598871707916260E+01   -0.600986361503601074E+00    0.208542147231102010E+00
    0.976562500000000651E-03   -0.000000000000000000E+00    0.639480477571487427E+01    0.408121562004089355E+02    0.695718013822242409E+00    0.195546865463256836E+00   -0.137921702861785889E+01   -0.859363406896591187E+00    0.141113019347190866E+00
    0.976562500000000651E-03   -0.000000000000000000E+00    0.714722824096679688E+01    0.189087948203086853E+02    0.441189410537810134E+00   -0.350168943405151367E-01   -0.237110233306884766E+01   -0.276569995284080505E+01    0.367819156408309922E+00
    0.976562500000000651E-03   -0.000000000000000000E+00    0.416259157657623291E+01    0.309213215112686157E+02    0.770276961743020294E+00   -0.576729059219360352E+00   -0.279235243797302246E+01   -0.111703085899353027E+01    0.763060413122177150E-01
    0.976562500000000651E-03   -0.000000000000000000E+00    0.994492995738983154E+01    0.499085447192192078E+02    0.348561914966497188E+00   -0.105044615268707275E+01   -0.273458743095397949E+01   -0.224899280071258545E+01    0.550118993353843733E+00
    0.976562500000000651E-03   -0.000000000000000000E+00    0.930822771787643433E+01    0.265961641073226929E+02    0.477266223401599798E+00   -0.114203929901123047E+00   -0.239202308654785156E+01   -0.151823404431343079E+01    0.119958749699592596E+00
    0.976562500000000651E-03   -0.000000000000000000E+00    0.233929133415222168E+01    0.172726279497146606E+02    0.562828297728023452E+00   -0.273232638835906982E+00   -0.269632637500762939E+01   -0.189240652322769165E+01    0.140085906028747570E+00
    0.976562500000000651E-03   -0.000000000000000000E+00    0.614899373054504395E+01    0.281026196479797363E+02    0.380064809724892594E+00   -0.113962173461914062E+00   -0.180958342552185059E+01   -0.585159093141555786E+00    0.233545950937271124E+00
    0.976562500000000651E-03   -0.000000000000000000E+00    0.545295566320419312E+01    0.415972313284873962E+02    0.440222183815814627E+00   -0.162309134006500244E+01   -0.196145474910736084E+01   -0.102790910005569458E+01    0.226194542169570918E-01
    0.976562500000000651E-03   -0.000000000000000000E+00    0.252838653326034546E+01    0.177769827842712402E+02    0.655230202000894768E+00   -0.686721622943878174E+00   -0.241840016841888428E+01   -0.225724536180496216E+01    0.407725161480903653E+00
    0.976562500000000651E-03   -0.000000000000000000E+00    0.875074666738510132E+01    0.314890331029891968E+02    0.343319656481430868E+00    0.260168075561523438E+00   -0.279816961288452148E+01   -0.288342851400375366E+01    0.174372794365882877E+00
    0.976562500000000651E-03   -0.000000000000000000E+00    0.848790842294692993E+01    0.240590712428092957E+02    0.267799416913858723E+00   -0.419303238391876221E+00   -0.265759575366973877E+01   -0.104013565182685852E+01    0.422699862957000780E-01
    0.976562500000000651E-03   -0.000000000000000000E+00    0.881078469753265381E+01    0.302757021784782410E+02    0.523705131536506330E+00   -0.642537236213684082E+00   -0.297890508174896240E+01   -0.253940108418464661E+01    0.574624610424041768E-01
    0.976562500000000651E-03   -0.000000000000000000E+00    0.850907641649246216E+01    0.221793907880783081E+02    0.636287221745045706E+00    0.840737044811248779E+00   -0.291873526573181152E+01   -0.991656512022018433E+00    0.322404371237754839E+00
    0.976562500000000651E-03   -0.000000000000000000E+00    0.389974635839462280E+01    0.444261512160301208E+02    0.602930308413259342E+00    0.569915831089019775E+00   -0.177946877479553223E+01   -0.219415876269340515E+01    0.231101997828483591E+00
    0.976562500000000651E-03   -0.000000000000