    0.172153596580028534E+03   -0.155356955528259277E+01   -0.435067772865295410E+01    0.301451361894607528E+00   -0.120589190929736674E+03   -0.485202009141426682E+01    1
    0.215450592339038849E+03   -0.187191736698150635E+01   -0.413024246692657471E+01    0.165004893136024483E+00   -0.113545396583495460E+03   -0.485983259141427482E+01    1
    0.180468954145908356E+03    0.490760803222656250E-01   -0.388320147991180420E+01    0.187134758377075189E+00   -0.103092266376653185E+03   -0.486764509141427837E+01    1
    0.294512605667114258E+03   -0.169725441932678223E+01   -0.453371405601501465E+01    0.174372794365882877E+00   -0.101224748877377266E+03   -0.487545759141427837E+01    1
    0.316646207869052887E+03   -0.547633171081542969E-01   -0.489956915378570557E+01    0.183913228797912609E+00   -0.960668466009163780E+02   -0.488327009141427215E+01    1
    0.127392289042472839E+03    0.623948037624359131E+00   -0.267389774322509766E+01    0.757583840131759723E-01   -0.944173687680660407E+02   -0.489108259141427038E+01    1
    0.270144455134868622E+03   -0.745544433593750000E-01   -0.472800970077514648E+01    0.286724320793151854E+00   -0.916088464653779795E+02   -0.489889509141427659E+01    1
    0.163520477712154388E+03    0.351837217807769775E+00   -0.426153063774108887E+01    0.496765906763076803E+00   -0.873938231809426895E+02   -0.490670759141427038E+01    1
    0.195900614559650421E+03    0.452427387237548828E+00   -0.462301254272460938E+01    0.481409632945060728E+00   -0.854963945538573569E+02   -0.491452009141427393E+01    1
    0.224864582717418671E+03    0.823709845542907715E+00   -0.409127712249755859E+01    0.183305114936828606E+00   -0.827413092611342051E+02   -0.492233259141426949E+01    1
    0.197904264926910400E+03   -0.100372135639190674E+00   -0.338347852230072021E+01    0.224641948056221008E+00   -0.814022257608020823E+02   -0.493014509141426949E+01    1
    0.186489748954772949E+03   -0.139641284942626953E+00   -0.283049464225769043E+01    0.103895795989036560E+00   -0.808108662512493652E+02   -0.493795759141427482E+01    1
    0.263162410259246826E+03    0.279692411422729492E-01   -0.370931267738342285E+01    0.145159241938591005E+00   -0.779371706012462653E+02   -0.494577009141427482E+01    1
    0.302488180994987488E+03   -0.188144940137863159E+01   -0.330179274082183838E+01    0.454155698776245106E-01   -0.777362842578699258E+02   -0.495358259141427215E+01    1
    0.345768144726753235E+03   -0.267052650451660156E+00   -0.383772790431976318E+01    0.494834230899810837E-01   -0.760743978467082798E+02   -0.496139509141427393E+01    1
    0.259889176487922668E+03    0.242750167846679688E+00   -0.310835540294647217E+01    0.237674124240875272E-02   -0.741172555801980195E+02   -0.496920759141427215E+01    1
    0.213370861113071442E+03    0.348511993885040283E+00   -0.321447193622589111E+01    0.174252870655059816E+00   -0.725779677801171204E+02   -0.497702009141426860E+01    1
    0.188436120748519897E+03   -0.130969166755676270E+01   -0.273754894733428955E+01    0.228670156502723709E+00   -0.724439872256989617E+02   -0.498483259141426771E+01    1
    0.148360350728034973E+03    0.259562969207763672E+00   -0.366691052913665771E+01    0.568897545289993256E+00   -0.718251961304952147E+02   -0.499264509141426949E+01    1
    0.140910877287387848E+03   -0.477226257324218750E+00   -0.173133969306945801E+01    0.100754067707061773E+00   -0.716222178737611728E+02   -0.500045759141427038E+01    1
    0.317829625308513641E+03   -0.157334208488464355E-01   -0.374810934066772461E+01    0.103311359810829173E+00   -0.716112158908625247E+02   -0.500827009141427038E+01    1
    0.257064220309257507E+03   -0.169231057167053223E+01   -0.264418721199035645E+01    0.327693331003189106E-01   -0.710410246522392583E+02   -0.501608259141426771E+01    1
    0.141609632968902588E+03   -0.986450254917144775E+00   -0.140717446804046631E+01    0.394639420509338423E-01   -0.708403104106968158E+02   -0.502389509141427126E+01    1
    0.272373732924461365E+03   -0.105665349960327148E+01   -0.406279981136322021E+01    0.367819156408309922E+00   -0.706508950017657611E+02   -0.503170759141427926E+01    1
    0.327308873832225800E+03   -0.195897936820983887E+00   -0.319956243038177490E+01    0.984223959445953457E-02   -0.659436940350227303E+02   -0.503952009141427748E+01    1
    0.295982201397418976E+03   -0.102343595027923584E+01   -0.374363780021667480E+01    0.297231650805473313E+00   -0.642358836991181192E+02   -0.504733259141427748E+01    1
    0.282609806954860687E+03    0.441906332969665527E+00   -0.304324924945831299E+01    0.312344801902771016E-01   -0.629648190703328581E+02   -0.505514509141427215E+01    1
    0.274512647092342377E+03    0.628530323505401611E+00   -0.393319606781005859E+01    0.266973550915718061E+00   -0.623860752417978688E+02   -0.506295759141426593E+01    1
    0.312197710573673248E+03   -0.122350817918777466E+01   -0.378302156925201416E+01    0.301596942114830013E+00   -0.622082461299567271E+02   -0.507077009141427304E+01    1
    0.294781228899955750E+03   -0.776798427104949951E+00   -0.272966206073760986E+01    0.353769829273223868E-01   -0.613966516418386377E+02   -0.507858259141427304E+01    1
    0.242020997405052185E+03    0.181063294410705566E+00   -0.335590600967407227E+01    0.280300231075286899E+00   -0.609206654129352998E+02   -0.508639509141426860E+01    1
    0.220696362853050232E+03    0.948727607727050781E+00   -0.449605584144592285E+01    0.547711239123344407E+00   -0.605285116403999268E+02   -0.509420759141426771E+01    1
    0.210961084067821503E+03   -0.192743855714797974E+01   -0.194626629352569580E+01    0.109761310744285592E+00   -0.597999237695901655E+02   -0.510202009141427126E+01    1
    0.322774854302406311E+03   -0.186920762062072754E+00   -0.301769673824310303E+01    0.477739899158477824E-01   -0.591913156257149353E+02   -0.510983259141427748E+01    1
    0.209587511420249939E+03   -0.583336949348449707E-01   -0.235492467880249023E+01    0.142331874132156366E+00   -0.590089218291475532E+02   -0.511764509141427038E+01    1
    0.275330613553524017E+03    0.840737044811248779E+00   -0.459367632865905762E+01    0.459830325007438701E+00   -0.585929995821900320E+02   -0.512545759141426505E+01    1
    0.323820620775222778E+03   -0.151184421777725220E+01   -0.434633135795593262E+01    0.505408329248428378E+00   -0.577622474336956984E+02   -0.513327009141426593E+01    1
    0.252018448710441589E+03    0.364786386489868164E-02   -0.406003057956695557E+01    0.529146843981742832E+00   -0.564384840919397064E+02   -0.514108259141427038E+01    1
    0.224754357337951660E+03   -0.183825796842575073E+01   -0.325003981590270996E+01    0.486457789993286149E+00   -0.557039876728997498E+02   -0.514889509141427304E+01    1
    0.173101489245891571E+03   -0.154396545886993408E+01   -0.116417348384857178E+01    0.481771587610244773E-01   -0.555827061667758997E+02   -0.515670759141427038E+01    1
    0.169677166640758514E+03   -0.165610986948013306E+01   -0.167072236537933350E+01    0.227618921971321109E+00   -0.547292614775687838E+02   -0.516452009141426771E+01    1
    0.166688635945320129E+03    0.351289868354797363E+00   -0.215037465095520020E+01    0.264398074078559864E+00   -0.535781740675545564E+02   -0.517233259141426593E+01    1
    0.311580252647399902E+03   -0.153060555458068848E-01   -0.399480164051055908E+01    0.429928140950202931E+00   -0.511735583082833898E+02   -0.518014509141426593E+01    1
    0.342930461466312408E+03    0.411484181880950928E+00   -0.434832990169525146E+01    0.453323875164985679E+00   -0.490633671587319853E+02   -0.518795759141426949E+01    1
    0.334929338097572327E+03   -0.104040521383285522E+01   -0.392245233058929443E+01    0.479496141815185573E+00   -0.470558524450916238E+02   -0.519577009141427038E+01    1
    0.289259231090545654E+03   -0.411978662014007568E+00   -0.288606286048889160E+01    0.275710138249397274E+00   -0.458120273679784020E+02   -0.520358259141426593E+01    1
    0.130095352232456207E+03    0.732440352439880371E+00   -0.152410924434661865E+01    0.320996402049064655E+00   -0.434866958887839985E+02   -0.521139509141426771E+01    1
    0.309259162843227386E+03    0.812873899936676025E+00   -0.366017758846282959E+01    0.342153025817871104E+00   -0.424569749333612307E+02   -0.521920759141426860E+01    1
    0.132383893430233002E+03    0.692331850528717041E+00   -0.509061813354492188E+00    0.439254452705383283E-01   -0.418162498763319803E+02   -0.522702009141426593E+01    1
    0.185730294883251190E+03   -0.131601202487945557E+01   -0.224932372570037842E+01    0.494627921175956720E+00   -0.416626025406416858E+02   -0.523483259141426860E+01    1
    0.253724843263626099E+03   -0.876918315887451172E+00   -0.256363749504089355E+01    0.359856017303466835E+00   -0.414833101843668857E+02   -0.524264509141427393E+01    1
    0.155503877997398376E+03    0.360984086990356445E+00   -0.182013809680938721E+01    0.394795133686065669E+00   -0.409335130617594203E+02   -0.525045759141427482E+01    1
    0.198420523107051849E+03   -0.793279170989990234E+00   -0.161855340003967285E+01    0.265784446763992321E+00   -0.406677751269297900E+02   -0.525827009141427659E+01    1
    0.215932504832744598E+03   -0.100384777784347534E+01   -0.186342120170593262E+01    0.294348807621002184E+00   -0.403827359353342175E+02   -0.526608259141428015E+01    1
    0.284087918698787689E+03   -0.686721622943878174E+00   -0.209200084209442139E+01    0.170061101961135858E+00   -0.395073783001144250E+02   -0.527389509141427659E+01    1
    0.244500270485877991E+03   -0.187748348712921143E+01   -0.183471679687500000E+01    0.275311336469650281E+00   -0.382093773331296021E+02   -0.528170759141427126E+01    1
    0.210843053460121155E+03   -0.114203929901123047E+00   -0.196011543273925781E+01    0.339265133213996872E+00   -0.371805335281769089E+02   -0.528952009141427393E+01    1
    0.221397358179092407E+03   -0.190446794033050537E+01   -0.118336141109466553E+01    0.186201809906959531E+00   -0.364210077156296350E+02   -0.529733259141427126E+01    1
    0.309178227186203003E+03   -0.112767124176025391E+01   -0.340805709362030029E+01    0.554605811905860890E+00   -0.361704821030817811E+02   -0.530514509141426416E+01    1
    0.202552962303161621E+03   -0.156185668706893921E+01   -0.163573324680328369E+01    0.370896265769004807E+00   -0.359324016029251254E+02   -0.531295759141427038E+01    1
    0.152717424929141998E+03   -0.171999830007553101E+01   -0.107049942016601562E-02    0.985446737766265957E-01   -0.355173702226301984E+02   -0.532077009141427038E+01    1
    0.161877182126045227E+03   -0.170956397056579590E+01   -0.760673880577087402E+00    0.287232538032531737E+00   -0.350904011582796684E+02   -0.532858259141426416E+01    1
    0.185841593146324158E+03   -0.188394117355346680E+01   -0.107997536659240723E+01    0.291051912045478811E+00   -0.348933740482166002E+02   -0.533639509141427304E+01    1
    0.349412073194980621E+03   -0.138405734300613403E+01   -0.183482050895690918E+01    0.759610772609710660E-01   -0.346803277319374885E+02   -0.534420759141427837E+01    1
    0.340295673906803131E+03    0.928085505962371826E+00   -0.300949871540069580E+01    0.209886213970184338E+00   -0.345792722036941811E+02   -0.535202009141427126E+01    1
    0.133816246688365936E+03   -0.944782495498657227E+00   -0.383684039115905762E+00    0.302531528234481817E+00   -0.332283033764805822E+02   -0.535983259141427126E+01    1
    0.193763819336891174E+03   -0.177407431602478027E+01   -0.827165246009826660E+00    0.240370548319816607E+00   -0.321646088314696215E+02   -0.536764509141427837E+01    1
    0.348419991135597229E+03    0.663328588008880615E+00   -0.303868234157562256E+01    0.286946085834503206E+00   -0.321592558546705050E+02   -0.537545759141427215E+01    1
    0.145892289280891418E+03    0.835478305816650391E-03   -0.474688410758972168E+00    0.234729800963401791E+00   -0.318761863672360057E+02   -0.538327009141427126E+01    1
    0.330265499651432037E+03   -0.194584155082702637E+01   -0.207193255424499512E+01    0.251065866851806652E+00   -0.316392735021853504E+02   -0.539108259141427482E+01    1
    0.223200942575931549E+03   -0.627201616764068604E+00   -0.475124120712280273E+00    0.603736560344696107E-02   -0.311139695809884174E+02   -0.539889509141427748E+01    1
    0.255883136391639709E+03   -0.427946746349334717E+00   -0.178526401519775391E+01    0.281522190570831332E+00   -0.308403563070313744E+02   -0.540670759141427926E+01    1
    0.317254774272441864E+03   -0.166233491897583008E+01   -0.305144786834716797E+01    0.559729642009735073E+00   -0.304803822569960090E+02   -0.541452009141427926E+01    1
    0.247706167399883270E+03    0.199441432952880859E+00   -0.256538927555084229E+01    0.508265618276596109E+00   -0.291055150410356944E+02   -0.542233259141428015E+01    1
    0.222613324224948883E+03   -0.136207771301269531E+01   -0.192075192928314209E+01    0.504162657952308635E+00   -0.287051123943447735E+02   -0.543014509141427837E+01    1
    0.138272508978843689E+03   -0.130486565828323364E+01   -0.115305185317993164E-01    0.273318453454971300E+00   -0.286283958313950464E+02   -0.543795759141427748E+01    1
    0.342011067271232605E+03   -0.237548172473907471E+00    0.455853462219238281E+01    0.410275425338745114E+00   -0.283629751517265944E+02   -0.544577009141427748E+01    1
    0.339138488471508026E+03   -0.174103826284408569E+01   -0.168740034103393555E+01    0.187971324348449709E+00   -0.277649249071941142E+02   -0.545358259141427038E+01    1
    0.226050508022308350E+03   -0.191951370239257812E+01   -0.448948144912719727E+00    0.124952045488357547E+00   -0.271744846496235617E+02   -0.546139509141426327E+01    1
    0.329909785091876984E+03    0.739494740962982178E+00   -0.240239441394805908E+01    0.231324922871589678E+00   -0.265586551857220847E+02   -0.546920759141426149E+01    1
    0.337038560211658478E+03    0.829187631607055664E+00   -0.205607175827026367E+01    0.127138546442985528E+00   -0.256140526052560915E+02   -0.547702009141426238E+01    1
    0.235523614287376404E+03   -0.114728552103042603E+01   -0.576993227005004883E+00    0.141386029171943678E+00   -0.249292214442205626E+02   -0.548483259141427393E+01    1
    0.133461149036884308E+03   -0.953080356121063232E+00   -0.303468704223632812E+00    0.440627007722854624E+00   -0.249082215641454461E+02   -0.549264509141427659E+01    1
    0.317743687331676483E+03   -0.169203162193298340E+00   -0.177663505077362061E+01    0.231101997828483591E+00   -0.247409014245503265E+02   -0.550045759141427482E+01    1
    0.299252940714359283E+03    0.494830608367919922E+00    0.391436517238616943E+01    0.556218555521965086E+00   -0.243558777513745461E+02   -0.550827009141427482E+01    1
    0.278518646955490112E+03    0.286836743354797363E+00    0.441541790962219238E+01    0.460381257605552707E+00   -0.239244699110318777E+02   -0.551608259141426771E+01    1
    0.254507552087306976E+03   -0.154448956251144409E+01   -0.569626092910766602E+00    0.140085906028747570E+00   -0.234541304675224609E+02   -0.552389509141426327E+01    1
    0.237555213272571564E+03   -0.125937342643737793E+01    0.153553485870361328E-01    0.291232087612152100E-01   -0.222186986483356961E+02   -0.553170759141427304E+01    1
    0.219282127916812897E+03    0.471400797367095947E+00   -0.161737501621246338E+01    0.434368627667427065E+00   -0.218791720981376017E+02   -0.553952009141427837E+01    1
    0.335811489820480347E+03   -0.192535877227783203E+00   -0.162279427051544189E+01    0.230437248587608334E+00   -0.210516554001535781E+02   -0.554733259141427215E+01    1
    0.274277886748313904E+03   -0.150019913911819458E+01   -0.109274148941040039E+01    0.301105135488510145E+00   -0.203432543623387829E+02   -0.555514509141427126E+01    1
    0.172736386954784393E+03   -0.418756783008575439E+00   -0.416243076324462891E+00    0.405239243602752708E+00   -0.187383282864768645E+02   -0.556295759141427038E+01    1
    0.242990589141845703E+03   -0.118091773986816406E+01   -0.124794423580169678E+01    0.456375566840171831E+00   -0.185906330616360194E+02   -0.557077009141426682E+01    1
    0.257035480439662933E+03    0.167410671710968018E+00   -0.761472582817077637E+00    0.202616073560714732E+00   -0.181839182823790040E+02   -0.557858259141426949E+01    1
    0.304175665974617004E+03   -0.197950309514999390E+01   -0.182146191596984863E+01    0.517282721328735318E+00   -0.178671094342298709E+02   -0.558639509141427038E+01    1
    0.246005915105342865E+03    0.848750948905944824E+00   -0.135262012481689453E+01    0.318495438265800512E+00   -0.177972585068605902E+02   -0.559420759141427038E+01    1
    0.224378177523612976E+03    0.403063833713531494E+00   -0.423200726509094238E+00    0.201088828897476202E+00   -0.171713571851565909E+02   -0.560202009141427748E+01    1
    0.177990311384201050E+03   -0.538053929805755615E+00   -0.630041956901550293E+00    0.490287842845916755E+00   -0.170416649271497036E+02   -0.560983259141427482E+01    1
    0.209451282024383545E+03   -0.144727772474288940E+01    0.473685383796691895E+01    0.431009706115722646E+00   -0.168888338237747853E+02   -0.561764509141427304E+01    1
    0.260606077313423157E+03   -0.141762071847915649E+01   -0.303713083267211914E+00    0.232644117808341988E+00   -0.154205119263693469E+02   -0.562545759141427126E+01    1
    0.194850516319274902E+03    0.483321249485015869E+00    0.446262776851654053E+01    0.440076928067207329E+00   -0.153592946649020785E+02   -0.563327009141427126E+01    1
    0.178045725822448730E+03   -0.136259233951568604E+01    0.488908827304840088E+01    0.432008160567283639E+00   -0.152523574654232537E+02   -0.564108259141427304E+01    1
    0.289665612578392029E+03    0.710868775844573975E+00    0.358856916427612305E+01    0.399893034338951125E+00   -0.150706525983326873E+02   -0.564889509141427038E+01    1
    0.239218397438526154E+03    0.221003890037536621E+00   -0.100215017795562744E+01    0.397334718704223655E+00   -0.149940209681705632E+02   -0.565670759141426860E+01    1
    0.272672195732593536E+03   -0.170528709888458252E+00   -0.437142848968505859E+00    0.186206586384773248E+00   -0.148556248607092147E+02   -0.566452009141426682E+01    1
    0.227300631999969482E+03   -0.179464346170425415E+01    0.446893930435180664E+01    0.388178210735321050E+00   -0.147624853626690626E+02   -0.567233259141426682E+01    1
    0.324478016793727875E+03    0.356013774871826172E-01    0.279461383819580078E+01    0.553297636985778829E+00   -0.146026637681123699E+02   -0.568014509141426771E+01    1
    0.162585432827472687E+03    0.698036193847656250E+00    0.684873461723327637E+00    0.117642362666130068E+00   -0.146011377570175771E+02   -0.568795759141426771E+01    1
    0.298781917989253998E+03   -0.128209370374679565E+01    0.361626863479614258E+01    0.423246701431274408E+00   -0.145122014081888775E+02   -0.569577009141426771E+01    1
    0.171631818041595579E+03   -0.641875496696318937E+00    0.130924658736143673E+01    0.401088838544816292E-01   -0.143442264054307476E+02   -0.570358259141427038E+01    1
    0.188975660502910614E+03   -0.137733966112136841E+01    0.782680511474609375E-01    0.370177235269546545E+00   -0.142169812951910348E+02   -0.571139509141427126E+01    1
    0.303534068167209625E+03    0.195546865463256836E+00    0.310391485691070557E+01    0.490120154356956494E+00   -0.141859454126278361E+02   -0.571920759141427038E+01    1
    0.214884082973003387E+03    0.693317651748657227E+00    0.403800070285797119E+01    0.431142526316642793E+00   -0.137422547239090260E+02   -0.572702009141427482E+01    1
    0.236376744508743286E+03   -0.118342381715774536E+01    0.494387447834014893E+01    0.169233816003799442E+00   -0.136870360334246328E+02   -0.573483259141427482E+01    1
    0.258921864628791809E+03    0.897809088230133057E+00   -0.919882059097290039E+00    0.283207980179786711E+00   -0.133059128259355539E+02   -0.574264509141427038E+01    1
    0.254583968222141266E+03    0.674565792083740234E+00    0.391900539398193359E+01    0.331153548002243059E+00   -0.132772806741382041E+02   -0.575045759141426860E+01    1
    0.282098537683486938E+03    0.813546061515808105E+00    0.361395597457885742E+01    0.338001618361473077E+00   -0.131874709642965477E+02   -0.575827009141427304E+01    1
    0.256399280076385708E+03   -0.665641493479334656E+00    0.115766553423767959E+00    0.152204506116395855E+00   -0.131524311746168170E+02   -0.576608259141427304E+01    1
    0.151915471255779266E+03   -0.119657182693481445E+01    0.727231502532958984E+00    0.363701661944389354E+00   -0.129435045386249072E+02   -0.577389509141427215E+01    1
    0.156332921981811523E+03    0.772443711757659912E+00    0.843881368637084961E+00    0.148239319539070130E+00   -0.126817868587167943E+02   -0.578170759141427126E+01    1
    0.349658219516277313E+03    0.561800003051757812E-01   -0.104342639446258545E+01    0.250161986660957347E+00   -0.123889180047357552E+02   -0.578952009141427215E+01    1
    0.285269324481487274E+03    0.583582222461700439E+00   -0.288847684860229492E+00    0.114047994875907902E+00   -0.121742981598114568E+02   -0.579733259141427038E+01    1
    0.148310180008411407E+03   -0.809545159339904785E+00    0.456778466701507568E+01    0.527243895220756542E+00   -0.121658304677953737E+02   -0.580514509141426771E+01    1
    0.230379179218915056E+03   -0.128209011657886940E+01    0.454007196168432969E+01    0.244229256776169218E+00   -0.120590517297349820E+02   -0.581295759141427393E+01    1
    0.346434405446052551E+03   -0.167247366905212402E+01    0.305166482925415039E+01    0.408460875535011314E+00   -0.120542758961455938E+02   -0.582077009141427482E+01    1
    0.204064789414405823E+03   -0.635315299034118652E+00    0.463771581649780273E+01    0.271560095500946064E+00   -0.118036424329518859E+02   -0.582858259141427570E+01    1
    0.307066081464290619E+03   -0.127036654949188232E+01   -0.433887839317321777E+00    0.259457319545745857E+00   -0.117348539096507380E+02   -0.583639509141427126E+01    1
    0.262989836931228638E+03    0.254334986209869385E+00   -0.147442877292633057E+01    0.567428607773780791E+00   -0.115768847400171637E+02   -0.584420759141426860E+01    1
    0.214315655827522278E+03   -0.142280828952789307E+01    0.178599357604980469E-01    0.401768654823303262E+00   -0.113314179631326724E+02   -0.585202009141427393E+01    1
    0.215721750259399414E+03   -0.133694005012512207E+01   -0.268982052803039551E+00    0.477573438906669645E+00   -0.112686636334439072E+02   -0.585983259141427748E+01    1
    0.143053452670574188E+03   -0.110574847459793091E+01    0.442369818687438965E+01    0.564625395298004151E+00   -0.112102475044224974E+02   -0.586764509141427215E+01    1
    0.308788743615150452E+03   -0.128495150804519653E+01   -0.118309199810028076E+01    0.485956771588325509E+00   -0.111617559305885194E+02   -0.587545759141427215E+01    1
    0.263059337325895513E+03   -0.102145319509591115E+01    0.420537085853001358E+01    0.207302762164730037E+00   -0.111262948562594417E+02   -0.588327009141427304E+01    1
    0.249979366362094879E+03   -0.176583886146545410E+01    0.406800210475921631E+01    0.298941322803497334E+00   -0.109551986447170879E+02   -0.589108259141427215E+01    1
    0.327756656361946511E+03    0.300623341806991462E+00   -0.247106389679752958E+00    0.909944279574672749E-01   -0.108961341785492554E+02   -0.589889509141427570E+01    1
    0.266478143632411957E+03   -0.109389257431030273E+01    0.217177271842956543E+00    0.192797886943817137E+00   -0.108654996039178915E+02   -0.590670759141427304E+01    1
    0.184440394678758423E+03   -0.252253249139091640E+00    0.433730868998921615E+01    0.362112983698338442E+00   -0.108185588173045435E+02   -0.591452009141427748E+01    1
    0.345929305255413055E+03    0.415662527084350586E-01    0.286090910434722900E+01    0.350438884234428427E+00   -0.106898210028984053E+02   -0.592233259141427659E+01    1
    0.234634665771996367E+03   -0.112559061040296560E+01    0.415276679302661123E+01    0.278705582994360268E+00   -0.106003251283204829E+02   -0.593014509141427659E+01    1
    0.133505687117576599E+03   -0.117504870891571045E+01    0.154073476791381836E+01    0.301624372744560276E+00   -0.103881788822170655E+02   -0.593795759141427748E+01    1
    0.185573922097682953E+03   -0.788888752460479736E+00    0.137714207172393799E+01    0.978564856767654423E-01   -0.103828465176250191E+02   -0.594577009141426949E+01    1
    0.175336198508739471E+03   -0.288242638111114502E+00    0.556029081344604492E+00    0.356153018760681173E+00   -0.101973056626331200E+02   -0.595358259141426593E+01    1
    0.311007480323314667E+03   -0.697330832481384277E+00   -0.520704984664916992E+00    0.299550289607048048E+00   -0.101615948974878449E+02   -0.596139509141426860E+01    1
    0.177357417345046997E+03   -0.485429704189300537E+00    0.441786110401153564E+01    0.336542779684066762E+00   -0.991588889283789676E+01   -0.596920759141426593E+01    1
    0.265713265987451450E+03   -0.529353575831367884E+00    0.344357252875420805E+01    0.340986878904170676E+00   -0.975460067693524913E+01   -0.597702009141426682E+01    1
    0.299851663410663605E+03   -0.521772563457489014E+00    0.313157975673675537E+01    0.339636845541000376E+00   -0.956502906964802868E+01   -0.598483259141427570E+01    1
    0.191089831292629242E+03    0.990242838859558105E+00    0.189995765686035156E+00    0.305591612863540640E+00   -0.939662810866211551E+01   -0.599264509141427126E+01    1
    0.333271038247481044E+03    0.685012496500052137E+00    0.340079842365377161E+01    0.134991000456031462E+00   -0.932791788919946541E+01   -0.600045759141427215E+01    1
    0.224573348462581635E+03    0.991149425506591797E+00   -0.154256820678710938E-01    0.264295482158660888E+00   -0.921924632431884561E+01   -0.600827009141427126E+01    1
    0.345955644547939301E+03   -0.145308792591094971E+00   -0.942962765693664551E+00    0.373008970141410823E+00   -0.882819468781240957E+01   -0.601608259141427038E+01    1
    0.285599571466445923E+03   -0.757393717765808105E+00    0.427852869033813477E+01    0.740975003242492700E-02   -0.847254906644062977E+01   -0.602389509141427926E+01    1
    0.251731278002262115E+03   -0.103341788053512573E+01    0.340747177600860596E+01    0.344586334204673772E+00   -0.841803494269181840E+01   -0.603170759141427570E+01    1
    0.312274274230003357E+03    0.572749853134155273E+00    0.332242250442504883E+01    0.158981379318237304E+00   -0.839473948411647974E+01   -0.603952009141427215E+01    1
    0.196176399290561676E+03   -0.570239365100860596E+00    0.810378789901733398E+00    0.302532347059249862E+00   -0.839004937556737573E+01   -0.604733259141427837E+01    1
    0.318309070169925690E+03   -0.699851036071777344E+00    0.256301164627075195E+01    0.405038256239891092E+00   -0.830654433132179548E+01   -0.605514509141427748E+01    1
    0.210625325143337250E+03    0.571359932422637939E+00   -0.564771890640258789E-01    0.404128473687171974E+00   -0.825906757282367643E+01   -0.606295759141427126E+01    1
    0.346764612197875977E+03   -0.674247741699218750E-01    0.228216409683227539E+01    0.403450657367706300E+00   -0.821607488074149295E+01   -0.607077009141427482E+01    1
    0.251964160799980164E+03   -0.104772067070007324E+01    0.273590743541717529E+01    0.523895277214050270E+00   -0.818258826208145074E+01   -0.607858259141427482E+01    1
    0.297987876832485199E+03   -0.133656847476959229E+01    0.367974400520324707E+01    0.152168313717842119E+00   -0.817936950039698907E+01   -0.608639509141426860E+01    1
    0.149349576234817505E+03   -0.717883527278900146E+00    0.393261313438415527E+01    0.523907218408584563E+00   -0.814189985996444499E+01   -0.609420759141427393E+01    1
    0.276826642453670502E+03    0.277164340019226074E+00    0.872455835342407227E+00    0.392592358589172359E-02   -0.791650305954228273E+01   -0.610202009141427393E+01    1
    0.192590647935867310E+03    0.883223235607147217E+00    0.423136413097381592E+01    0.189646981000900272E+00   -0.789139098498043356E+01   -0.610983259141426860E+01    1
    0.180476450920104980E+03   -0.522017002105712891E+00    0.354942798614501953E+01    0.470864056992530866E+00   -0.779078520611203551E+01   -0.611764509141427482E+01    1
    0.210657954216003418E+03   -0.490715086460113525E+00    0.108837187290191650E+01    0.204911921739578257E+00   -0.761875085202763547E+01   -0.612545759141427215E+01    1
    0.275355061888694763E+03   -0.852156162261962891E+00    0.105935692787170410E+01    0.512381304502487200E-01   -0.756882975655497425E+01   -0.613327009141427215E+01    1
    0.180353739857673645E+03    0.224246144294738770E+00    0.127238929271697998E+01    0.192019150471687328E+00   -0.752777565707819285E+01   -0.614108259141427126E+01    1
    0.143904705345630646E+03   -0.861845552921295166E+00    0.210082948207855225E+01    0.193767000174522419E+00   -0.746739037880199508E+01   -0.614889509141426327E+01    1
    0.296074295043945312E+03    0.180451214313507080E+00    0.832400918006896973E+00    0.502683348655700701E-02   -0.745996687102446820E+01   -0.615670759141427038E+01    1
    0.210600206255912781E+03   -0.449279785156250000E+00    0.673264861106872559E+00    0.333824588513374321E+00   -0.737569900783416976E+01   -0.616452009141426771E+01    1
    0.225930633876078900E+03    0.615125460919542011E+00    0.377822694254859570E+01    0.189701672812272598E+00   -0.727705681886236277E+01   -0.617233259141426593E+01    1
    0.253354483842849731E+03   -0.132449084520339966E+01    0.347156286239624023E+01    0.259255786299705526E+00   -0.707401708954500652E+01   -0.618014509141427659E+01    1
    0.223055189721537545E+03   -0.164494448957152972E+01    0.364166844489045971E+01    0.295704141493986550E+00   -0.693630473720302554E+01   -0.618795759141427215E+01    1
    0.290865954756736755E+03   -0.130158746242523193E+01    0.263152956962585449E+01    0.388726072740554818E+00   -0.678797800568080856E+01   -0.619577009141426949E+01    1
    0.185176767849534059E+03   -0.111041941046412118E+01    0.412552051149873655E+01    0.247576372730183847E+00   -0.675130361232350129E+01   -0.620358259141426771E+01    1
    0.184703062474727631E+03   -0.123495727777481079E+01    0.438230812549591064E+01    0.177644101667404186E+00   -0.673869258057903320E+01   -0.621139509141426327E+01    1
    0.140302161255743243E+03   -0.148219438262345093E+01    0.143631037335080514E+01    0.483556409350031913E+00   -0.661306705505183157E+01   -0.621920759141426949E+01    1
    0.192007695024521581E+03   -0.121388983574504694E+01    0.399996555683305743E+01    0.259610252145855536E+00   -0.658598619264339202E+01   -0.622702009141427304E+01    1
    0.128547650575637817E+03   -0.153673386573791504E+01    0.182334959506988525E+01    0.436587983965873727E+00   -0.658093813839734043E+01   -0.623483259141427393E+01    1
    0.128343536568409007E+03   -0.338630537834316847E+00    0.308256781684640124E+01    0.556887819674672588E-02   -0.649338698669871839E+01   -0.624264509141427482E+01    1
    0.238495783507823944E+03   -0.992922782897949219E-01    0.399277389049530029E+01    0.686277849912643456E-01   -0.643841056905611531E+01   -0.625045759141427126E+01    1
    0.179329488691111919E+03   -0.207626796189649188E+00    0.813730168939986953E+00    0.426092455214911736E+00   -0.643755878191259256E+01   -0.625827009141426860E+01    1
    0.171283291760070284E+03    0.312182936794123123E-01    0.387969668165244208E+01    0.320923975966305730E+00   -0.643224812271874047E+01   -0.626608259141427304E+01    1
    0.233637900650501251E+03    0.529459714889526367E+00    0.394502043724060059E+01    0.658840396642684928E-01   -0.635308529027550684E+01   -0.627389509141427126E+01    1
    0.313978683948516846E+03    0.624395966529846191E+00    0.286212980747222900E+01    0.169143165278434759E+00   -0.632126770934318305E+01   -0.628170759141427304E+01    1
    0.185387052595615387E+03   -0.667017757892608643E+00    0.155088841915130615E+01    0.228080909729003911E+00   -0.627303811263204469E+01   -0.628952009141427304E+01    1
    0.256341311335563660E+03   -0.802284955978393555E+00    0.363928079605102539E-01    0.467344509315490764E+00   -0.610905215560038783E+01   -0.629733259141426682E+01    1
    0.156183305022521381E+03    0.509913378593536137E-01    0.418553562725404937E+01    0.261832514475967892E+00   -0.597139142503697506E+01   -0.630514509141426771E+01    1
    0.304289599056276643E+03   -0.271716064552734782E+00    0.354397681643988172E+01    0.103431486425134660E-01   -0.597036908823910029E+01   -0.631295759141427393E+01    1
    0.317210987210273743E+03   -0.924512147903442383E+00    0.110844016075134277E+01    0.368354463100433391E-01   -0.591811368145656402E+01   -0.632077009141427393E+01    1
    0.225754137337207794E+03   -0.113499635457992554E+01    0.290286719799041748E+01    0.417841468548774742E+00   -0.591378445961441201E+01   -0.632858259141427215E+01    1
    0.186552293129923981E+03    0.838180293952131450E+00    0.339533483073704723E+01    0.324967541756045808E+00   -0.584272805282887475E+01   -0.633639509141427126E+01    1
    0.231209094128765116E+03   -0.970998051662687711E+00    0.298538543275387003E+01    0.364991630042666382E+00   -0.581678765521195906E+01   -0.634420759141426949E+01    1
    0.340413208305835724E+03   -0.182422035932540894E+01    0.238216698169708252E+01    0.301323147583007822E+00   -0.575757670286839307E+01   -0.635202009141426949E+01    1
    0.296976241469383240E+03    0.881761610507965088E+00    0.306841909885406494E+01    0.945739536523819008E-01   -0.561229231717712640E+01   -0.635983259141426771E+01    1
    0.248598055541515350E+03   -0.121117126941680908E+01    0.335278630256652832E+01    0.207086754441261289E+00   -0.560930695304757165E+01   -0.636764509141426682E+01    1
    0.183268651117856081E+03    0.212849296005535926E+00    0.114166488909373243E+01    0.328725156742368962E+00   -0.557615612404819760E+01   -0.637545759141426593E+01    1
    0.157523937018082023E+03    0.472303648684456068E+00    0.323998585796545768E+01    0.486496987303085993E+00   -0.556151860414719579E+01   -0.638327009141426771E+01    1
    0.170454779267311096E+03    0.851292788982391357E+00    0.932247042655944824E+00    0.383657752132415764E+00   -0.550770994297174710E+01   -0.639108259141427304E+01    1
    0.153595808148384094E+03    0.829081594944000244E+00    0.344328761100769043E+01    0.422429753136634833E+00   -0.545585173401385415E+01   -0.639889509141427215E+01    1
    0.150629460835549025E+03   -0.301964056363841493E+00    0.208332706495432696E+01    0.255944007707658350E+00   -0.538665251433796577E+01   -0.640670759141427126E+01    1
    0.173096768558025360E+03    0.467616915702819824E+00    0.553585290908813477E+00    0.531750433802604672E+00   -0.536728912216814713E+01   -0.641452009141427126E+01    1
    0.173490323790054958E+03    0.288013354444172531E+00    0.341706856044107532E+01    0.359353762388719300E+00   -0.534834137105466656E+01   -0.642233259141426949E+01    1
    0.348774619400501251E+03    0.550628602504730225E+00    0.292952120304107666E+01    0.259383898258209247E-01   -0.534622645591447387E+01   -0.643014509141427215E+01    1
    0.331494636833535651E+03   -0.664564211034412544E+00    0.299130332257243836E+01    0.765112417953930646E-01   -0.530130503614229376E+01   -0.643795759141427748E+01    1
    0.190464225730222040E+03    0.580393209691841605E+00    0.432904905600494772E+00    0.489360973358369145E+00   -0.529111282826972129E+01   -0.644577009141427570E+01    1
    0.261252123874539507E+03   -0.150710009013133206E+01    0.297747421611425800E+01    0.264477011619457247E+00   -0.528960886728385038E+01   -0.645358259141426771E+01    1
    0.226885158009471866E+03    0.323694647909004374E+00    0.323615445723488016E+01    0.222989557129675470E+00   -0.526808410271863714E+01   -0.646139509141426860E+01    1
    0.342678789794445038E+03   -0.101669269800186157E+01    0.284800767898559570E+01    0.105670325732231146E+00   -0.525444608679186409E+01   -0.646920759141426949E+01    1
    0.159718275243056837E+03    0.143629268685815159E+00    0.373683587513759008E+01    0.316489672958818635E+00   -0.519662524833433803E+01   -0.647702009141426327E+01    1
    0.244244533208404562E+03   -0.207518287059942352E-01    0.157649769386631444E+01    0.707585144097390845E-01   -0.518337868090613618E+01   -0.648483259141426416E+01    1
    0.251287821443196179E+03    0.579261872334764227E+00    0.345316478104628111E+01    0.757936753742252389E-01   -0.516194891554641888E+01   -0.649264509141426593E+01    1
    0.200839040935389164E+03    0.985582010698101030E+00    0.376681190880134409E+01    0.119219044946195687E+00   -0.514759972647136621E+01   -0.650045759141426771E+01    1
    0.213484103977680206E+03    0.632042586803436279E+00    0.177896142005920410E+01    0.342614024162292488E-01   -0.512159908044435142E+01   -0.650827009141426682E+01    1
    0.304607890546321869E+03   -0.240663826465606689E+00    0.264683604240417480E+01    0.195368519067764285E+00   -0.507539961726164712E+01   -0.651608259141426682E+01    1
    0.304361834670964072E+03   -0.386330019194883967E+00    0.256175345620313966E+01    0.219449240542694296E+00   -0.500826970040319175E+01   -0.652389509141426860E+01    1
    0.294212061891945609E+03   -0.354086326515179461E+00    0.258608466615301857E+01    0.238143593877708615E+00   -0.500232784236017736E+01   -0.653170759141427215E+01    1
    0.134830220263730865E+03    0.145490800110100515E+00    0.164698797021862386E+01    0.449820512883853885E+00   -0.499654055801807395E+01   -0.653952009141427570E+01    1
    0.234635816514492035E+03   -0.142505043745040894E+01    0.976019501686096191E+00    0.370047690367698690E+00   -0.495558836882384224E+01   -0.654733259141427926E+01    1
    0.248909473419189453E+03    0.452733159065246582E+00    0.970449447631835938E+00    0.199588161921501167E+00   -0.492818772498985957E+01   -0.655514509141427837E+01    1
    0.187099951505661011E+03   -0.183267450332641602E+01    0.265960395336151123E+01    0.553575662112236078E+00   -0.491243497150676944E+01   -0.656295759141427215E+01    1
    0.269296542616208740E+03   -0.122909494402736708E+01    0.615432409783579715E+00    0.374342419844588215E+00   -0.487706313584125439E+01   -0.657077009141427215E+01    1
    0.184265500307083130E+03   -0.101917552947998047E+01    0.285804152488708496E+01    0.476400643014907865E+00   -0.486427746537968098E+01   -0.657858259141427482E+01    1
    0.233999839445328945E+03   -0.174513827067744653E+00    0.280293901830754866E+01    0.305391750255384842E+00   -0.482690687548098030E+01   -0.658639509141427038E+01    1
    0.289794211089611053E+03   -0.373421370983123779E+00    0.249379873275756836E-01    0.451785132837295544E+00   -0.481990963547072404E+01   -0.659420759141426860E+01    1
    0.165851947665214539E+03   -0.103532528877258301E+01    0.324502527713775635E+01    0.440808343291282656E+00   -0.481930758027860406E+01   -0.660202009141426860E+01    1
    0.160399150848388672E+03   -0.999983429908752441E+00    0.358663320541381836E+01    0.359955402159690852E+00   -0.480272440867782091E+01   -0.660983259141427215E+01    1
    0.208919923738491690E+03    0.431137513104733028E+00    0.371165078277140559E+01    0.102327862839368927E+00   -0.479645909893330114E+01   -0.661764509141427659E+01    1
    0.180071611208658709E+03    0.185917217471743612E+00    0.373051555497236365E+01    0.190338748718755613E+00   -0.475896135926074404E+01   -0.662545759141427837E+01    1
    0.149409764175082984E+03   -0.162530764610834422E+01    0.309958140538695837E+01    0.104469968709097014E+00   -0.460991072812498714E+01   -0.663327009141427837E+01    1
    0.248630225783071467E+03    0.329700575908164595E+00    0.317492384157770857E+01    0.124310965195273071E+00   -0.460149557177191593E+01   -0.664108259141427570E+01    1
    0.185715931653976440E+03   -0.866280853748321533E+00    0.159394145011901855E+01    0.346323641538619997E+00   -0.459511568903574386E+01   -0.664889509141427126E+01    1
    0.295322512090206146E+03   -0.194317150115966797E+01    0.184036910533905029E+01    0.354429665565490701E-01   -0.455349213478685932E+01   -0.665670759141426949E+01    1
    0.200629766471816964E+03    0.793699132801903406E+00    0.154741547810010704E+01    0.181750911780093422E+00   -0.446626077262795729E+01   -0.666452009141427482E+01    1
    0.301312886037500562E+03   -0.111016528175276008E+01    0.457710710342718485E+00    0.375036594577402627E+00   -0.444732670709849742E+01   -0.667233259141427837E+01    1
    0.338725812240900495E+03   -0.985060439742044158E+00    0.135006435472330644E+01    0.429579107516075767E-01   -0.442728884271811829E+01   -0.668014509141427837E+01    1
    0.231056328117847443E+03   -0.763472497463226318E+00    0.299042940139770508E+01    0.237119370460510265E+00   -0.439703347444482873E+01   -0.668795759141427659E+01    1
    0.179305008624029568E+03   -0.100245245634480407E+01    0.393665134580966125E+01    0.134795331931534562E+00   -0.439123898571241966E+01   -0.669577009141427304E+01    1
    0.157737496479651497E+03   -0.155001224454825914E+01    0.185189310712282662E+01    0.453447246206010235E+00   -0.434902568159962399E+01   -0.670358259141426682E+01    1
    0.302709020674228668E+03   -0.440738737583160400E+00    0.235049664974212646E+01    0.219402049541473410E+00   -0.430693544880200996E+01   -0.671139509141426149E+01    1
    0.154051861552454852E+03    0.446286437450619911E+00    0.275434209496233873E+01    0.534721032964428078E+00   -0.428773179413782657E+01   -0.671920759141426238E+01    1
    0.265254842941660002E+03    0.869254694278279061E+00    0.200370048868975026E+01    0.356844982341095240E+00   -0.425439958583623667E+01   -0.672702009141426149E+01    1
    0.301072698480500890E+03   -0.124690203250731768E+01    0.864712535532508042E-01    0.508603159375223379E+00   -0.424283925307785559E+01   -0.673483259141427038E+01    1
    0.126073700224153910E+03   -0.100030740430108600E+01    0.410693965077099499E+01    0.315654889569160269E+00   -0.424217571799545290E+01   -0.674264509141428192E+01    1
    0.195130213277981284E+03    0.336267803035514845E+00    0.233645790935271691E+01    0.494145020327971696E+00   -0.423709649500241969E+01   -0.675045759141427837E+01    1
    0.236436718702316284E+03   -0.778353214263916016E+00    0.966634750366210938E+00    0.400144822955131541E+00   -0.421603092683545633E+01   -0.675827009141426771E+01    1
    0.253613407769628395E+03   -0.887671313363069370E+00    0.142594706466762755E+01    0.231355611877437500E+00   -0.420865744131842767E+01   -0.676608259141426949E+01    1
    0.256208979593770664E+03   -0.802084556060820963E+00    0.162970031028357987E+01    0.163421745049584871E+00   -0.418502754253999143E+01   -0.677389509141427126E+01    1
    0.290242421627044678E+03   -0.189096552133560181E+01    0.280527412891387939E+01    0.148499432873725884E+00   -0.418028235362579004E+01   -0.678170759141426238E+01    1
    0.128444170951843262E+03   -0.789509415626525879E-01    0.356698274612426758E+01    0.222120547771453881E-01   -0.414881233061479904E+01   -0.678952009141426061E+01    1
    0.334318505227565765E+03    0.862719893455505371E+00    0.144457638263702393E+01    0.344713081455230719E+00   -0.413252345532813870E+01   -0.679733259141426327E+01    1
    0.214522628486156464E+03    0.743683278560638428E+00    0.358226299285888672E+01    0.453296273946762127E-01   -0.413167963158845986E+01   -0.680514509141427482E+01    1
    0.325516180814506697E+03   -0.658343482276254610E+00    0.107422944841147228E+00    0.428741597511262618E+00   -0.412359382650390227E+01   -0.681295759141427570E+01    1
    0.331398091297021779E+03   -0.325720593677086834E+00    0.263409046822541715E+01    0.554912470527339982E-01   -0.411469508514601756E+01   -0.682077009141426860E+01    1
    0.197017628573456193E+03   -0.951018448955405438E+00    0.163058465378074224E+01    0.361103472059851993E+00   -0.411453407623342926E+01   -0.682858259141427482E+01    1
    0.266786943847822954E+03   -0.184373859591459177E+01    0.138043625915507118E+01    0.272752934287865900E+00   -0.411065508739651708E+01   -0.683639509141427926E+01    1
    0.220095669968873949E+03   -0.170965743774140844E+01    0.219903260942890899E+01    0.489207382563341620E+00   -0.410913733644333945E+01   -0.684420759141426682E+01    1
    0.216503708064556122E+03    0.389004051685333252E+00    0.951006412506103516E+00    0.384989127087593086E+00   -0.410483707544928400E+01   -0.685202009141426238E+01    1
    0.198720898597552207E+03   -0.750037356122491783E+00    0.339432679882776078E+01    0.192475126944568392E+00   -0.410368175667708801E+01   -0.685983259141427304E+01    1
    0.224766110547910444E+03    0.345757925087394113E+00    0.342818827827676209E+01    0.667621251228704832E-01   -0.410053204194007748E+01   -0.686764509141426860E+01    1
    0.212027747616341287E+03   -0.180468174966937234E+00    0.342025125693784560E+01    0.125653751792937585E+00   -0.410044794420066072E+01   -0.687545759141427038E+01    1
    0.169803938853760712E+03    0.831818788558607025E+00    0.285279857371310008E+01    0.405308220895292171E+00   -0.409410250429146050E+01   -0.688327009141427482E+01    1
    0.184807440638542175E+03   -0.197531545162200928E+01    0.290153324604034424E+01    0.401756986570358299E+00   -0.408637853345568658E+01   -0.689108259141427215E+01    1
    0.264124611357067693E+03    0.314884997692070012E+00    0.229738458815765867E+01    0.276949414408825589E+00   -0.406670834678948800E+01   -0.689889509141426771E+01    1
    0.131393074138674166E+03   -0.380601315946166086E+00    0.363995989449524338E+01    0.384348169011974938E+00   -0.405541487705237813E+01   -0.690670759141425794E+01    1
    0.254304557672068540E+03   -0.278467822509778751E+00    0.277285631533726207E+01    0.183129831193076298E+00   -0.404170158208009411E+01   -0.691452009141426860E+01    1
    0.267373263835906982E+03    0.443569302558898926E+00    0.567036867141723633E-01    0.488572916722297690E+00   -0.403118600412596706E+01   -0.692233259141427748E+01    1
    0.230087249214345775E+03   -0.135091647395500214E+01    0.155176902065163080E+01    0.309035023231712058E+00   -0.402688192656339083E+01   -0.693014509141427659E+01    1
    0.167223702640169734E+03   -0.456950315224960324E+00    0.178058343121037232E+01    0.407590256936206985E+00   -0.402494624489191466E+01   -0.693795759141427570E+01    1
    0.314890447258949280E+03   -0.577814280986785889E+00   -0.155594348907470703E+00    0.530038339447975182E+00   -0.401600820898378696E+01   -0.694577009141427482E+01    1
    0.155422362047403823E+03   -0.111620399266272896E+01    0.354317473379855130E+01    0.308998567204245012E+00   -0.401352539745472381E+01   -0.695358259141427304E+01    1
    0.309179635345935822E+03   -0.176100963354110718E+01    0.292992413043975830E+01    0.426650351285934454E-01   -0.401023139270309414E+01   -0.696139509141427038E+01    1
    0.186865492161042454E+03   -0.979616142929414346E+00    0.197282191883343572E+01    0.304456742365953825E+00   -0.400690409937877412E+01   -0.696920759141427393E+01    1
    0.246549221264393111E+03   -0.743727112796854106E+00    0.302374499328757551E+01    0.138463252891766170E+00   -0.399179225143901606E+01   -0.697702009141427038E+01    1
    0.187935797415913640E+03   -0.132565378841824999E+01    0.321353145284703601E+01    0.274403487084192599E+00   -0.399142030541313764E+01   -0.698483259141426505E+01    1
    0.247794224321842194E+03   -0.180348438024520874E+01    0.216843187808990479E+01    0.403868257999420166E+00   -0.398767392063218695E+01   -0.699264509141427038E+01    1
    0.150966802796887350E+03    0.253347039870834401E+00    0.353566202264766716E+01    0.291991540793640425E+00   -0.398080359843542064E+01   -0.700045759141427126E+01    1
    0.336271153839122462E+03   -0.156146441539424319E+01    0.169427711124769420E+01    0.336351623845482575E-01   -0.397544211241416168E+01   -0.700827009141426593E+01    1
    0.174542520176517257E+03   -0.142633444647224961E+01    0.361332953878168794E+01    0.206420028519070209E+00   -0.395493545047916051E+01   -0.701608259141426682E+01    1
    0.228060313085136642E+03    0.302572337932951019E+00    0.208927284904495636E+01    0.476687908405067987E-01   -0.393202963075862533E+01   -0.702389509141426949E+01    1
    0.283382380804012655E+03   -0.483488023669456091E+00    0.191197612857375887E+01    0.343570689597241796E+00   -0.391599172064246082E+01   -0.703170759141427393E+01    1
    0.281541784777921748E+03   -0.552811903156932738E+00    0.214181685508712505E+01    0.283780997207876973E+00   -0.391531850736744502E+01   -0.703952009141427126E+01    1
    0.260658733569427966E+03   -0.620882587225559224E+00    0.547119540844570373E+00    0.482245336700568294E+00   -0.390037219032989757E+01   -0.704733259141426593E+01    1
    0.153036666613696411E+03   -0.152914995775902707E+01    0.292335806576587132E+01    0.220663282482421425E+00   -0.388745048865689613E+01   -0.705514509141426505E+01    1
    0.175600834183342329E+03   -0.154002088205186594E+01    0.278776721058627608E+01    0.430498600154550104E+00   -0.387485015512465703E+01   -0.706295759141427038E+01    1
    0.250755700449615091E+03    0.708117211794996759E+00    0.173591977321501822E+01    0.436096248887345786E-01   -0.387361025892907307E+01   -0.707077009141427748E+01    1
    0.283042485969306881E+03   -0.461822664264824212E+00    0.149958669254177934E+01    0.153955614541003399E+00   -0.384416566874771259E+01   -0.707858259141427659E+01    1
    0.222135501477765729E+03    0.462662486442026122E+00    0.339747730158580197E+01    0.483678075174321653E-01   -0.383355954225697371E+01   -0.708639509141427038E+01    1
    0.332386611936873464E+03   -0.129210677126887763E+01    0.941028090929012961E+00    0.256173989285813697E+00   -0.383219912722606315E+01   -0.709420759141427215E+01    1
    0.275615802915101312E+03   -0.526735744573273212E+00    0.156570600471304111E+00    0.557313027427652874E+00   -0.381787867089243349E+01   -0.710202009141427038E+01    1
    0.213800552830194647E+03    0.874752091804283705E+00    0.280287234106340755E+01    0.228401436953627107E+00   -0.380900518138915212E+01   -0.710983259141426949E+01    1
    0.135455950104101731E+03   -0.108200464700561461E+01    0.322921675767743288E+01    0.200715123348799096E+00   -0.380216731004738762E+01   -0.711764509141427482E+01    1
    0.300958046045467199E+03    0.788914773969696448E+00    0.757417682221637634E+00    0.199334945100492739E+00   -0.379934474320607674E+01   -0.712545759141426949E+01    1
    0.325386061258270502E+03   -0.947930600429598647E+00    0.216658348472563933E+01    0.172231695088369052E+00   -0.379416293885749001E+01   -0.713327009141426505E+01    1
    0.241452010861579396E+03   -0.149796681826176403E+01    0.202017571746502966E+01    0.186994918703591528E+00   -0.379377050070686472E+01   -0.714108259141426771E+01    1
    0.162012845300725985E+03   -0.576312478885075530E+00    0.262590333355132355E+01    0.501296098845617211E+00   -0.378747184474759679E+01   -0.714889509141426682E+01    1
    0.223616832494735718E+03   -0.432872712612152100E+00    0.189563035964965820E+01    0.208673500370979315E+00   -0.377696673255186255E+01   -0.715670759141426238E+01    1
    0.199727281734122755E+03   -0.132683304855274287E+01    0.289178175363807188E+01    0.295988879073833644E+00   -0.376735239032497438E+01   -0.716452009141426149E+01    1
    0.131908432897781609E+03   -0.911315560797412827E+00    0.291378125388882303E+01    0.561896908287708108E+00   -0.375332891518823697E+01   -0.717233259141426416E+01    1
    0.201764939832049663E+03   -0.729405065495245530E+00    0.278814233720574567E+01    0.303300184043570509E+00   -0.374087707114933821E+01   -0.718014509141426682E+01    1
    0.184732258319854736E+03    0.292967379093170166E+00    0.379017651081085205E+01    0.387783127784728995E-01   -0.373111270759623981E+01   -0.718795759141426505E+01    1
    0.315358452498912811E+03    0.505239009857177734E+00    0.903194546699523926E+00    0.163855809044837958E+00   -0.371883889175320981E+01   -0.719577009141426505E+01    1
    0.172211453079517298E+03   -0.431786503094000018E+00    0.250109108597223884E+01    0.479767486045375557E+00   -0.370953618098324833E+01   -0.720358259141426771E+01    1
    0.328664571342705415E+03   -0.956604759615075295E+00    0.235677021348745619E+01    0.978385899442916623E-01   -0.370882229515193140E+01   -0.721139509141426771E+01    1
    0.189942277507099163E+03    0.133223112115476994E-01    0.135054734720970160E+01    0.449659836798861567E+00   -0.367561082609673129E+01   -0.721920759141426682E+01    1
    0.172530460357666016E+03    0.389511704444885254E+00    0.141462981700897217E+01    0.456354277396202102E+00   -0.367497909320361504E+01   -0.722702009141426416E+01    1
    0.300502831958914499E+03   -0.129965318122944651E+01    0.180599999651908583E+01    0.109452646101936363E+00   -0.367396910165071278E+01   -0.723483259141426949E+01    1
    0.250936247179740860E+03   -0.121663992967174250E+01    0.193236763076887641E+01    0.395285522204014750E+00   -0.366850256157210808E+01   -0.724264509141427215E+01    1
    0.262263698445275736E+03   -0.448684877219158729E-01    0.218307343493146888E+01    0.266990409329607270E+00   -0.365363903311788141E+01   -0.725045759141426771E+01    1
    0.158922079557853408E+03   -0.193623901757858641E+01    0.270289653523258444E+01    0.333278414898187603E+00   -0.365312147968628054E+01   -0.725827009141427038E+01    1
    0.127998991310596466E+03   -0.190142560005187988E+01    0.426002204418182373E+01    0.251008003234863275E-01   -0.364970206977374101E+01   -0.726608259141427482E+01    1
    0.224227934716317520E+03    0.608006677690593023E+00    0.209810673826246052E+01    0.533766741462756641E-01   -0.364581503216706704E+01   -0.727389509141427393E+01    1
    0.203547994684713899E+03    0.463768843173157475E+00    0.195813981324383057E+01    0.180378794953836713E+00   -0.364374564934015766E+01   -0.728170759141427215E+01    1
    0.151428370706331719E+03   -0.174688470402304619E+00    0.268908330702166776E+01    0.243458252532299219E+00   -0.364328141124521521E+01   -0.728952009141427304E+01    1
    0.286192286014556885E+03   -0.187844532728195190E+01    0.181463479995727539E+01    0.190799067449569704E+00   -0.363507616722876303E+01   -0.729733259141427304E+01    1
    0.252339911641171796E+03   -0.437471576418179797E+00    0.121309405633871670E+01    0.345302389187769232E+00   -0.363208169160265371E+01   -0.730514509141427570E+01    1
    0.247035782391369992E+03   -0.819175918548012749E+00    0.307121939537946886E+01    0.642340586452258971E-01   -0.362207221679776215E+01   -0.731295759141427038E+01    1
    0.174177418174107402E+03    0.952719705834260466E+00    0.281364554281628632E+01    0.328571331623682683E+00   -0.361154319715326544E+01   -0.732077009141426949E+01    1
    0.278512692491514372E+03   -0.164752416906652677E+01    0.242438429768848529E+01    0.174780005890060708E+00   -0.360666894839089514E+01   -0.732858259141427482E+01    1
    0.147125538673076875E+03   -0.146510321340643168E+01    0.370614706786821735E+01    0.742592706131797176E-01   -0.360012961557382338E+01   -0.733639509141427215E+01    1
    0.166453902423381805E+03   -0.169883406162261963E+01    0.334341824054718018E+01    0.117413808202743539E+00   -0.359929094142928330E+01   -0.734420759141426949E+01    1
    0.323331952102590208E+03    0.405036205024463580E+00    0.724189945505390398E+00    0.518871496270410848E+00   -0.359814259087159938E+01   -0.735202009141427038E+01    1
    0.292019968267231320E+03   -0.120258171638790512E+01    0.105292420428918199E+01    0.526379557958233990E+00   -0.359522085913470990E+01   -0.735983259141427304E+01    1
    0.127333763610769893E+03   -0.141784377713868714E+01    0.329547623272942580E+01    0.292198105381845152E+00   -0.359480347699641012E+01   -0.736764509141427038E+01    1
    0.161214992841880985E+03   -0.149344853470192729E+01    0.208718054517485818E+01    0.490958830576054439E+00   -0.358530313236044229E+01   -0.737545759141427038E+01    1
    0.289656663900769786E+03   -0.118068325748423075E+01    0.199384130763633127E+01    0.978738582327762369E-01   -0.358475902092375609E+01   -0.738327009141427215E+01    1
    0.306964563561977684E+03   -0.111595360308800085E+01    0.168035014330526788E+01    0.307353198548758366E+00   -0.357970234219118133E+01   -0.739108259141427570E+01    1
    0.241664501057538388E+03   -0.137059540422515758E+01    0.184293442815348207E+01    0.276586461193259914E+00   -0.357305207254610391E+01   -0.739889509141427659E+01    1
    0.251871968557028310E+03   -0.101060282609442043E+01    0.127370318837851393E+01    0.554863459100015000E+00   -0.357039006600816800E+01   -0.740670759141427570E+01    1
    0.273737405296594602E+03   -0.165262085868761677E+01    0.286624727669096480E+01    0.476693104563205919E-01   -0.356382205645634453E+01   -0.741452009141427482E+01    1
    0.159824616588477397E+03    0.852924616327723761E+00    0.239807948441147012E+01    0.505947140954509100E+00   -0.356046262236316524E+01   -0.742233259141426682E+01    1
    0.198385509163096913E+03   -0.113612215366680647E+01    0.341840079780388884E+01    0.966304375833829388E-01   -0.355382337164778361E+01   -0.743014509141426416E+01    1
    0.340911227464675903E+03   -0.907011806964874268E+00    0.994227528572082520E+00    0.422139377403259297E+00   -0.355240866492884066E+01   -0.743795759141426238E+01    1
    0.206658347197843398E+03    0.999114859465098704E+00    0.254679025125387426E+01    0.283274222525293884E+00   -0.355084247369895722E+01   -0.744577009141426949E+01    1
    0.135360825045228125E+03   -0.967714899003504270E+00    0.400258971148914888E+01    0.185316629749739704E-01   -0.354987607221946755E+01   -0.745358259141427304E+01    1
    0.250493327607015658E+03   -0.195389472675962206E+01    0.278177272230600892E+01    0.411389649537242594E-01   -0.354923681217969156E+01   -0.746139509141426682E+01    1
    0.230627332282499935E+03    0.537925593534766211E+00    0.250363483078561266E+01    0.233063636404752500E+00   -0.354744420854235987E+01   -0.746920759141426505E+01    1
    0.278843314496331573E+03    0.236526129631201343E+00    0.120701299904711945E+01    0.478202274559809126E+00   -0.354388907012012622E+01   -0.747702009141426416E+01    1
    0.163993814524986732E+03   -0.157284608529859948E+01    0.276825669978335664E+01    0.304542584932719074E+00   -0.354326033360617032E+01   -0.748483259141426682E+01    1
    0.269510903954505920E+03    0.354690551757812500E+00    0.164973139762878418E+00    0.528911909508705147E+00   -0.353883250337681821E+01   -0.749264509141427215E+01    1
    0.158513034880161285E+03   -0.181857573986053467E+01    0.382261931896209717E+01    0.450410940170288127E-01   -0.353647873929591139E+01   -0.750045759141427659E+01    1
    0.237506907058317665E+03   -0.196055549282529396E+01    0.180967881380282325E+01    0.419510475716951825E+00   -0.353139335180058378E+01   -0.750827009141427748E+01    1
    0.309557875109533029E+03   -0.147669094061953965E+01    0.188862596549883577E+01    0.111607451998633769E+00   -0.353049530583212512E+01   -0.751608259141427304E+01    1
    0.236415663361549377E+03   -0.112515854835510254E+01    0.196592688560485840E+01    0.385711978769302355E+00   -0.352959397556702070E+01   -0.752389509141426505E+01    1
    0.127941084651934688E+03    0.199178720313245350E+00    0.244248758119498088E+01    0.407933472579647405E+00   -0.352850365713747260E+01   -0.753170759141426505E+01    1
    0.327903499690440981E+03   -0.559178239361605156E+00    0.248416658774725185E+01    0.183267668246298761E-01   -0.352578270949247408E+01   -0.753952009141426505E+01    1
    0.328213191839933756E+03   -0.128191279065834518E+01    0.851144401254302352E+00    0.482030150560796178E+00   -0.352344561543334400E+01   -0.754733259141426505E+01    1
    0.301620156693474883E+03   -0.974811091573323463E+00    0.262314155014527461E+01    0.380113628494979580E-01   -0.352281478782301782E+01   -0.755514509141427393E+01    1
    0.248601046204566956E+03   -0.151083928346633911E+01    0.115839838981628418E+01    0.482648412466049226E+00   -0.352212018673200422E+01   -0.756295759141428103E+01    1
    0.175466622431492368E+03   -0.192852890596999837E+01    0.310961833829204792E+01    0.223453056339990658E+00   -0.351893360189910576E+01   -0.757077009141427126E+01    1
    0.226043517095663049E+03    0.189417051988019391E+00    0.172487064881797991E+01    0.230868002005859996E+00   -0.351577721508761032E+01   -0.757858259141426327E+01    1
    0.263833414210279216E+03    0.209170792599575606E-01    0.202231641525817629E+01    0.282384733120218612E+00   -0.351533142643695173E+01   -0.758639509141426505E+01    1
    0.241479736633373250E+03   -0.138427627501985828E+01    0.156139278912279167E+01    0.483272468880502348E+00   -0.351498573935627201E+01   -0.759420759141427126E+01    1
    0.193659977614879608E+03   -0.161502933502197266E+01    0.186616837978363037E+01    0.539040908360481241E+00   -0.351266089038656748E+01   -0.760202009141427393E+01    1
    0.284741006511896899E+03   -0.168024023067087769E+01    0.193919245303811394E+01    0.264428309134721373E+00   -0.351204441311885596E+01   -0.760983259141427126E+01    1
    0.170210950270761430E+03    0.915738847548750456E-01    0.302934899390639067E+01    0.290180193156714561E+00   -0.351121538760615470E+01   -0.761764509141427304E+01    1
    0.257458626681375677E+03   -0.163784377779119894E+01    0.155310978652603637E+01    0.441870688254294264E+00   -0.351104016041714262E+01   -0.762545759141426949E+01    1
    0.177267157531034343E+03   -0.187474640343093024E+01    0.284425313144429648E+01    0.280811870211872983E+00   -0.351029535480224464E+01   -0.763327009141426949E+01    1
    0.175055873111347779E+03    0.851888054760997271E+00    0.193255023984172247E+01    0.263605628792035418E+00   -0.350939057827130263E+01   -0.764108259141427304E+01    1
    0.168848803252564380E+03   -0.169778625195584465E+01    0.272214978371077354E+01    0.356966021218563079E+00   -0.350070123611035555E+01   -0.764889509141427393E+01    1
    0.285595509565854059E+03    0.843755203858714165E+00    0.218233090823935605E+01    0.166152480954975479E+00   -0.350048721627498383E+01   -0.765670759141426949E+01    1
    0.298560983823677418E+03   -0.919058857473706192E+00    0.206466603537942550E+01    0.566260046144389795E-01   -0.349888550884440086E+01   -0.766452009141426771E+01    1
    0.247613432968177278E+03   -0.142332398461639009E+01    0.159041591795507742E+01    0.449380935420582495E+00   -0.349290740045730175E+01   -0.767233259141426682E+01    1
    0.202655712891541327E+03   -0.970741789609339989E+00    0.299043368319184300E+01    0.186463418056319441E+00   -0.349228314889895053E+01   -0.768014509141426771E+01    1
    0.326954136497138734E+03   -0.585184383594254953E+00    0.139170163643530742E+01    0.161116314202430888E+00   -0.348908905799744895E+01   -0.768795759141427126E+01    1
    0.318268233537673950E+03   -0.958755373954772949E+00    0.136471569538116455E+01    0.345152005648612981E+00   -0.348904009175143992E+01   -0.769577009141427393E+01    1
    0.236227804934805476E+03    0.314915205912662088E+00    0.211233634844965046E+01    0.788388151387760111E-01   -0.348358675404253759E+01   -0.770358259141427570E+01    1
    0.268743301206425372E+03   -0.170767416324733023E+01    0.234794840529172966E+01    0.128568614432046674E+00   -0.348229290363251920E+01   -0.771139509141427304E+01    1
    0.287250610288459370E+03   -0.134129353851813438E+01    0.276560350425856427E+01    0.157878478577972957E-01   -0.348129125118795280E+01   -0.771920759141427215E+01    1
    0.277664318892956089E+03   -0.136920370771361322E+01    0.233426340463129200E+01    0.734602284206753720E-01   -0.347965128073508634E+01   -0.772702009141426860E+01    1
    0.155592209259669005E+03   -0.508183675017395586E+00    0.348503996899160740E+01    0.212321773630915561E+00   -0.347798207784319935E+01   -0.773483259141426682E+01    1
    0.181740839613176831E+03   -0.124445602816018108E+01    0.199472612553769757E+01    0.526007390210627701E+00   -0.347036594978152513E+01   -0.774264509141426860E+01    1
    0.285757564952203097E+03   -0.890400821872293413E+00    0.215544290610796985E+01    0.697820323797862102E-01   -0.346986722898255273E+01   -0.775045759141427126E+01    1
    0.304228594776173509E+03   -0.172767294302733188E+01    0.127240818310285864E+01    0.375975379733063386E+00   -0.346978307675606334E+01   -0.775827009141427570E+01    1
    0.214716994762420654E+03   -0.375367581844329834E+00    0.239548504352569580E+01    0.310476857900619518E+00   -0.346937537394667439E+01   -0.776608259141427570E+01    1
    0.224946605257265190E+03   -0.136104586382894421E+01    0.168766550597914211E+01    0.463050074262437161E+00   -0.346912866290663269E+01   -0.777389509141427215E+01    1
    0.139190768310240742E+03   -0.839866773584149851E+00    0.349687415096040866E+01    0.280542696675022241E+00   -0.346894370708179256E+01   -0.778170759141426682E+01    1
    0.239064431044808316E+03   -0.381344177377461513E+00    0.213852065622515219E+01    0.306656539009638407E+00   -0.346502672145955781E+01   -0.778952009141426416E+01    1
    0.208411219696956920E+03   -0.113866658213196326E+01    0.277461362653587607E+01    0.136372383399777197E+00   -0.345948590652654087E+01   -0.779733259141426682E+01    1
    0.167430863287546316E+03   -0.992976448607226558E+00    0.243944618516289857E+01    0.458267733629465879E+00   -0.345902735660216543E+01   -0.780514509141427038E+01    1
    0.298415552200798231E+03   -0.123399502762158431E+01    0.119597778880492633E+01    0.424501044222362567E+00   -0.345883829899827910E+01   -0.781295759141427038E+01    1
    0.245122517115010680E+03   -0.941762988987813188E+00    0.184291465690840006E+01    0.374391044790630623E+00   -0.345875864225224205E+01   -0.782077009141427304E+01    1
    0.168630206358858231E+03    0.610634084865008475E+00    0.262898529774696144E+01    0.121127404961442517E+00   -0.345481080089558157E+01   -0.782858259141427038E+01    1
    0.266808444261550903E+03   -0.149443703889846802E+01    0.235779881477355957E+01    0.130005763721466078E+00   -0.345452328596536562E+01   -0.783639509141426327E+01    1
    0.148508542776107788E+03   -0.992337524890899658E+00    0.287431478500366211E+01    0.321878344559669516E+00   -0.345423484262410696E+01   -0.784420759141426505E+01    1
    0.230038880593603977E+03   -0.110972423326999792E+01    0.206479689005778422E+01    0.272622046453275979E+00   -0.345152859303001280E+01   -0.785202009141426771E+01    1
    0.302448413553938110E+03   -0.314488669918520536E+00    0.109254072337442842E+01    0.439976775189100833E+00   -0.345096334579668218E+01   -0.785983259141426682E+01    1
    0.282952606678009033E+03   -0.526978194713592529E+00    0.143050849437713623E+01    0.254347341227531443E+00   -0.344942364974312987E+01   -0.786764509141426416E+01    1
    0.318737652310349858E+03   -0.510658719917887804E+00    0.234661103705567164E+01    0.536455943205334795E-01   -0.344900408175432194E+01   -0.787545759141426682E+01    1
    0.304312217271830264E+03   -0.472436668605178411E+00    0.153562741436317651E+01    0.311526596911400999E+00   -0.344894870033585477E+01   -0.788327009141426682E+01    1
    0.182567814284783367E+03   -0.122631233120649163E+01    0.275466894963316555E+01    0.288532566084159725E+00   -0.344796852107594543E+01   -0.789108259141426682E+01    1
    0.308337079337712112E+03   -0.645007738877194425E+00    0.137224773461685778E+01    0.348579573428813683E+00   -0.344727547177736149E+01   -0.789889509141427570E+01    1
    0.266406741847975013E+03   -0.489318372892080244E+00    0.193597327033124245E+01    0.146601290519856209E+00   -0.344471549780666209E+01   -0.790670759141427926E+01    1
    0.186806667709933492E+03   -0.103743177018283372E+01    0.274055096078079430E+01    0.207188916965051734E+00   -0.344436713899454272E+01   -0.791452009141427482E+01    1
    0.263237248591150433E+03   -0.137180353268203170E+01    0.195887162943847315E+01    0.242956712961275800E+00   -0.344416744532516450E+01   -0.792233259141427482E+01    1
    0.332612666321527172E+03   -0.102718152330794155E+01    0.199876644078818622E+01    0.122401783391363803E+00   -0.344328718360219632E+01   -0.793014509141427393E+01    1
    0.310943160443494094E+03    0.415046375247844157E+00   -0.272132747368965866E+00    0.560323813270378279E+00   -0.344136498910036615E+01   -0.793795759141427215E+01    1
    0.334466140383414995E+03   -0.142279736364869303E+01    0.265277467978791037E+00    0.558928963899163467E+00   -0.344080584969263548E+01   -0.794577009141427126E+01    1
    0.272232909730017695E+03   -0.813140169846651606E+00    0.209000461012977823E+01    0.226470126513420356E+00   -0.344020056997756241E+01   -0.795358259141427304E+01    1
    0.287512549757957458E+03   -0.848244607448577881E+00    0.198097407817840576E+01    0.223888185739517215E+00   -0.343916633881953038E+01   -0.796139509141427748E+01    1
    0.250788609547090971E+03   -0.815674658360206806E+00    0.178251894533466704E+01    0.267503417177609837E+00   -0.343876271310922466E+01   -0.796920759141427482E+01    1
    0.304201078533828195E+03   -0.123095368504566549E+01    0.921503707221492441E+00    0.416219242546182144E+00   -0.343801002842622871E+01   -0.797702009141426860E+01    1
    0.289963971519038466E+03   -0.617548739741764496E+00    0.114735664559065142E+01    0.454429540102027796E+00   -0.343799880345785214E+01   -0.798483259141427126E+01    1
    0.137045327484181115E+03   -0.110543336206418030E+01    0.294482842750799101E+01    0.385571433369855665E+00   -0.343730741202301449E+01   -0.799264509141426949E+01    1
    0.135648167220172525E+03   -0.117652478958853246E+01    0.366523699836905870E+01    0.206663029345582616E+00   -0.343540980689023812E+01   -0.800045759141426771E+01    1
    0.285644199412608486E+03    0.733152596644723875E+00    0.161084539697331142E+01    0.319545923533965048E+00   -0.343050767025351266E+01   -0.800827009141427126E+01    1
    0.207389974396351192E+03   -0.673447152381072556E-01    0.266644348244901774E+01    0.243338910109610312E+00   -0.342880023854302651E+01   -0.801608259141427482E+01    1
    0.281940499602266755E+03   -0.125787271126035538E+01    0.156282737507677272E+01    0.325044436269314785E+00   -0.342838248958657532E+01   -0.802389509141427659E+01    1
    0.164600925903957574E+03   -0.150077435663452663E+00    0.317736616539207084E+01    0.247986924547109688E+00   -0.342734501174039075E+01   -0.803170759141426949E+01    1
    0.232288930352065847E+03   -0.112515554391533312E+01    0.226503306637055868E+01    0.244211171867176058E+00   -0.342343732091908448E+01   -0.803952009141427126E+01    1
    0.293210315424767145E+03   -0.121759157611937074E+01    0.104449624945389630E+01    0.442510647605693364E+00   -0.342306300720834145E+01   -0.804733259141426949E+01    1
    0.278130749922746759E+03   -0.118306825971011897E+01    0.109203262161184433E+01    0.444162525354121929E+00   -0.342244363657102335E+01   -0.805514509141426593E+01    1
    0.332886417327785921E+03   -0.450310351138068388E+00    0.164873465192871826E+01    0.834978765643518556E-01   -0.341949440389986670E+01   -0.806295759141426949E+01    1
    0.268774437697564110E+03    0.227758753778910084E+00    0.279537649842025715E+01    0.272017735971418310E-01   -0.341523165174867804E+01   -0.807077009141426949E+01    1
    0.318265169390908113E+03   -0.249621561836627093E+00    0.933361154376921576E+00    0.297418205463221286E+00   -0.341495802523075298E+01   -0.807858259141426949E+01    1
    0.152071388065814972E+03   -0.102014309167861938E+01    0.322724759578704834E+01    0.254545872116088867E+00   -0.341262151734257069E+01   -0.808639509141426949E+01    1
    0.292503365145212285E+03    0.334673504992648141E+00    0.335523518496213313E+00    0.455252270118175262E+00   -0.341016666442448591E+01   -0.809420759141427482E+01    1
    0.168306879021489721E+03   -0.951278654942418811E+00    0.267372435995175106E+01    0.328850516691058914E+00   -0.340868778604748845E+01   -0.810202009141427482E+01    1
    0.252958354188271301E+03   -0.251399993707512426E+00    0.171975719087767054E+01    0.373080490426101141E+00   -0.340863423192915338E+01   -0.810983259141427482E+01    1
    0.314978324992651437E+03   -0.107753079475760738E+01    0.143311975128050229E+01    0.253340084232885676E+00   -0.340860185582911246E+01   -0.811764509141427126E+01    1
    0.198554551484532681E+03    0.945088648551215549E+00    0.215959033645558307E+01    0.130128992809851185E+00   -0.340850939361327043E+01   -0.812545759141427126E+01    1
    0.333186453715225014E+03    0.663216655975740643E+00   -0.107802188363267604E+00    0.439648346434767801E+00   -0.340718792318939645E+01   -0.813327009141427659E+01    1
    0.310783993823439687E+03   -0.559426623890937558E+00    0.130893545400952416E+01    0.237615174363310755E+00   -0.340547946355462638E+01   -0.814108259141426949E+01    1
    0.260116787092758273E+03   -0.106762430222784510E+01    0.195993282405759839E+01    0.250252835070804924E+00   -0.340544396903730773E+01   -0.814889509141426593E+01    1
    0.188869015774346963E+03   -0.920126022104445607E+00    0.263922331687964018E+01    0.284774383729368308E+00   -0.340514652363601211E+01   -0.815670759141426238E+01    1
    0.211693457596234737E+03   -0.922750088330174467E+00    0.233341849773527166E+01    0.268347124974116724E+00   -0.339985700877747066E+01   -0.816452009141426949E+01    1
    0.312140444330091213E+03   -0.483763709428890021E+00    0.184809118645346615E+01    0.188230825793708922E+00   -0.339560429143860265E+01   -0.817233259141426949E+01    1
    0.189534521378678733E+03    0.323449137612373150E+00    0.215344091099122448E+01    0.440542706975684317E+00   -0.339524711143983060E+01   -0.818014509141426061E+01    1
    0.279598268419682086E+03    0.580953688504293631E+00    0.460571949520016233E+00    0.411673770515794957E+00   -0.339309252152096086E+01   -0.818795759141426061E+01    1
