 F
       25375      104517           3        1024
   -0.723792845400322307E+02   -0.531249863375884885E+02
 T
   2
    0.200000000000000000E+01    0.300000000000000000E+01    0.255859375000000000E+00    0.744140625000000000E+00
   0
   0
 T T     0           0
    0.000000000000000000E+00   -0.100000000000000002+101    0.000000000000000000E+00
 T F     1         262
    0.520022136490773880E-10   -0.723792845400322307E+02   -0.531249863375884885E+02
 T F     1         762
    0.212125267603951368E-10   -0.112626257514642944E+03   -0.927129890784058972E+02
