    0.594306885913247813E-65    0.377201817431001245E+03    0.168276813924312592E+03    0.110906106233596813E+00    0.297587780118696819E-01   -0.848843336105346680E+00    0.223394834995269775E+01   -0.230616331100463867E-01   -0.210290318727493286E+01    0.162612662458419793E+00
    0.266372097919538101E-38    0.254467225675840012E+03    0.184062261581420898E+03    0.104325664043426525E+00    0.120694429754879429E+00   -0.229617369174957275E+01    0.261821454763412476E+01   -0.842247605323791504E-01   -0.237156665325164795E+01    0.110098188900947580E+00
    0.922817692614786538E-29    0.210535618995496463E+03    0.182899843698917095E+03    0.428742283305438288E+00    0.135230115382683869E+00   -0.173775028573496804E+01    0.266451622528527743E+01   -0.126839398299349426E+00   -0.229298055145476631E+01    0.989979069058166128E-01
    0.175583188618992314E-96    0.522400658974784392E+03    0.177323528351762576E+03    0.252814332373694106E+00    0.122182827953265766E+00   -0.188521885642707598E+01    0.209291210410205775E+01   -0.139658608890741220E+00   -0.258664125152942059E+01    0.261457552187862097E+00
    0.175788389491457449E-49    0.305955324234548812E+03    0.183283403217792511E+03   -0.340487122535705622E-01    0.867814580059507734E-01   -0.162479317188262939E+01    0.241022056341171265E+01   -0.315563142299652100E+00   -0.215411406755447388E+01    0.413475801944732657E-01
    0.157033769450469352E-61    0.361443006596328246E+03    0.182806721372650458E+03   -0.300978797059280462E-01    0.684226828448005059E-01   -0.295712960474958164E+01    0.225377415514590762E+01   -0.271496048464179296E+00   -0.216026637739235206E+01    0.150606504691071369E+00
    0.361000763053045514E-55    0.332147147084818812E+03    0.180361686054882853E+03    0.141119220344134821E+00    0.879670684233071348E-01   -0.172480723706274075E+01    0.231989640465244484E+01   -0.864193543486102556E-04   -0.290697165987235717E+01    0.151737862809723945E-01
    0.496185690816674191E-67    0.386773048994157932E+03    0.180741449594497681E+03    0.944479525089264027E-01    0.115439246476840632E+00    0.131456494331359863E+00    0.217175447940826416E+01   -0.700448155403137207E-01   -0.243669337034225464E+01    0.129253195524215714E+00
    0.179952667011872121E-21    0.176963733194796220E+03    0.178335600959972453E+03    0.378421115177542178E+00    0.122170944552036545E+00   -0.207966692231184069E+01    0.243946192263976558E+01   -0.219462915711525763E+00   -0.160325383587656045E+01    0.307853479551083498E+00
    0.209259218032151623E-50    0.310211908776737062E+03    0.174928359687328339E+03    0.492415577173233143E+00    0.132295880835317237E+00   -0.145224094390869141E+01    0.256670475006103516E+01   -0.153133034706115723E+00   -0.278442424535751343E+01    0.756943109750747717E-01
    0.334366862153595124E-94    0.511902066922717268E+03    0.183042849898338318E+03    0.150379180908203208E-01    0.967471840962834950E-01   -0.358695745468139648E+00    0.284035670757293701E+01   -0.711754560470581055E-01   -0.154427057504653931E+01    0.409934248352050778E+00
    0.147673203609315955E-86    0.476695179497287938E+03    0.175890333724722382E+03    0.647522934348518708E+00    0.191037250964905592E+00    0.323365146095051514E-01    0.294304274040583858E+01   -0.324684136418638580E+00   -0.217385330410621069E+01    0.201957934922463583E+00
    0.807560589249502887E-98    0.528559189055592128E+03    0.184282230734825134E+03    0.231938511133193997E+00    0.154753067155396856E+00   -0.169835650920867920E+01    0.298227405548095703E+01   -0.452435016632080078E+00   -0.214573734998703003E+01    0.233804733681678784E+00
    0.488820838222551872E-83    0.460485680359913545E+03    0.174758391678333282E+03    0.609420835971832275E-01    0.180720370901963689E+00    0.241253972053527832E+00    0.289004957675933838E+01   -0.200281798839569092E+00   -0.218127572536468506E+01    0.250767951107025155E+00
    0.112337153918579374E-35    0.242378494204657954E+03    0.172528125345706940E+03    0.477449488639831610E+00    0.138272482447811568E+00   -0.128635096549987793E+01    0.294988632202148438E+01   -0.779659152030944824E-01   -0.217848801612854004E+01    0.362026039409637457E+00
    0.230318166860038075E-88    0.485016599992183728E+03    0.170541249721712802E+03    0.383357196607279627E+00    0.164885198317857834E+00   -0.209565575207706045E+01    0.271832155418765620E+01   -0.191840161324042580E+00   -0.231024507598529283E+01    0.125480513046589304E+00
    0.937752884573394625E-71    0.403920657274699749E+03    0.166124987304210663E+03    0.138371396064758317E+00    0.143830433506802191E+00    0.220760107040405273E-01    0.220087891817092896E+01   -0.374170482158660889E+00   -0.147577017545700073E+01    0.241325229763984683E+00
    0.594520897726922195E-61    0.358780416610284476E+03    0.175279729962348938E+03    0.322310310602188177E+00    0.163974642986343011E+00   -0.653163671493530273E+00    0.244384258985519409E+01   -0.176290154457092285E+00   -0.272738313674926758E+01    0.183305114936828606E+00
    0.108814274138126960E-56    0.339150792371031173E+03    0.181553127305438494E+03    0.219152442908262385E+00    0.163837986373402245E+00   -0.132917144602482562E+01    0.239732244066997335E+01   -0.477486017163563758E+00   -0.155565599255433229E+01    0.382522939905569070E+00
    0.101181856848440780E-93    0.509687535375214281E+03    0.179528170766191977E+03    0.126910158041674270E+00    0.191142089621403444E+00   -0.115066356554324400E+00    0.251744079157918366E+01   -0.608636937561000568E+00   -0.256663975345309048E+01    0.690924023183948077E-01
    0.461366132107186454E-83    0.460601288555406597E+03    0.171597588360309601E+03    0.724087071418762274E+00    0.120185705190330769E+00    0.325353026390075684E+00    0.240993583202362061E+01   -0.236341595649719238E+00   -0.190164524316787720E+01    0.109351352477073671E+00
    0.265173562361574350E-43    0.277502095869250923E+03    0.174068791866302490E+03    0.561328375339508079E+00    0.102874111201955623E+00   -0.106490170955657959E+01    0.256585597991943359E+01   -0.256413996219635010E+00   -0.170728397369384766E+01    0.219899929118156451E+00
    0.275295531966667341E-22    0.180718600726657712E+03    0.160771291255950928E+03    0.875016838312149159E+00    0.139651858182065630E+00   -0.123068761825561523E+01    0.244945287704467773E+01   -0.106983661651611328E+00   -0.243756741285324097E+01    0.339237736701965345E-01
    0.105561277788479546E-18    0.164215027114527970E+03    0.171520469768958975E+03    0.614509137495683033E+00    0.138148458411111175E+00   -0.122640576272447355E+01    0.263798861145115637E+01   -0.127056540457375799E+00   -0.204394713724125987E+01    0.176118976915732278E+00
    0.606514867396780535E-74    0.418607682279662299E+03    0.167490495443344116E+03    0.886259287595749012E+00    0.142390442085507690E+00   -0.768297672271728516E+00    0.273587942123413086E+01   -0.316561639308929443E+00   -0.274315792322158813E+01    0.121957978606224066E+00
    0.968970154657017799E-61    0.357803460722311570E+03    0.164888468682765961E+03    0.838902986049652188E+00    0.167645554495620214E+00    0.252290368080139160E+00    0.281981074810028076E+01   -0.232997596263885498E+00   -0.211018645763397217E+01    0.651281961679458649E-01
    0.460354428983912703E-63    0.368502275335639126E+03    0.177220331950389152E+03    0.563452783084111508E+00    0.156821942189513397E+00   -0.652196956382431026E+00    0.269241032734130137E+01   -0.465186572368018858E+00   -0.220428233105035076E+01    0.151625138830839945E+00
    0.122535701670477101E-43    0.279046060137600250E+03    0.169522440750183250E+03    0.647848134955134936E+00    0.162336285991245832E+00   -0.863105948228979347E+00    0.237428278113529379E+01   -0.238728832392511858E+00   -0.196509551870453869E+01    0.320222304205299069E+00
    0.721536022392732167E-97    0.524179290432312882E+03    0.170171913206577301E+03    0.950752079486847035E+00    0.174062541263244719E+00    0.316739559173583984E+00    0.259720987081527710E+01   -0.340831339359283447E+00   -0.192151862382888794E+01    0.363581738233566321E+00
    0.804551773092444325E-83    0.459489101799119339E+03    0.177794338166713715E+03    0.972560805082321234E+00    0.166432336216266630E+00   -0.541466474533081055E-01    0.246387159824371338E+01   -0.216899693012237549E+00   -0.260971105098724365E+01    0.278638289737701439E+00
    0.421012493900294343E-31    0.221315497745276957E+03    0.175660275220870972E+03    0.826605594158172696E+00    0.837508807718995163E-01   -0.185525107383728027E+01    0.222173911333084106E+01   -0.133524477481842041E+00   -0.192489123344421387E+01    0.786175153970718466E-01
    0.187466608545244455E-30    0.218328451095633994E+03    0.176673992196959034E+03    0.735139016606456641E+00    0.846627274584353107E-01   -0.197070679638922863E+01    0.224605722531142504E+01   -0.187665630858557808E+00   -0.180920814839424637E+01    0.140423225407430741E+00
    0.246613513105265579E-97    0.526326410266624066E+03    0.177103748361597411E+03    0.525980914573858316E+00    0.875612050585063972E-01   -0.138712924637179791E+01    0.264210930526590637E+01   -0.351199459980175099E+00   -0.243177123164614883E+01    0.214286025115789147E+00
    0.144949490943651247E-84    0.467522071935741394E+03    0.184793457763194994E+03    0.949188618566351283E+00    0.104295473794161972E+00   -0.479823660235544125E+00    0.211033997029578835E+01   -0.107522513902665651E+00   -0.268669287375111931E+01    0.174899811296782670E+00
    0.901250069321201124E-32    0.224398427420162932E+03    0.176412763770350068E+03    0.779641154329443364E+00    0.121914621990053637E+00   -0.211627752285455095E+01    0.247219258778433248E+01   -0.109217952328131140E+00   -0.182653677754952115E+01    0.447885271760388115E+00
    0.265781430749357849E-62    0.364995749966641142E+03    0.173304213285446167E+03    0.666747826337814375E+00    0.164154517915869685E+00   -0.174859750270843506E+01    0.232849305868148804E+01   -0.302624881267547607E+00   -0.149320864677429199E+01    0.240986270427703875E+00
    0.418121570840548339E-95    0.516060170209303124E+03    0.183227126896381378E+03    0.591197544336319103E+00    0.144304225026210292E+00    0.103893828392028809E+01    0.220012396574020386E+01   -0.420064330101013184E-01   -0.228914469480514526E+01    0.250011425256729147E+00
    0.159513752748805921E-46    0.292334115269751464E+03    0.179007732220020898E+03    0.960744871622473240E+00    0.142095983696132910E+00   -0.113477244148652412E+01    0.224013357173534411E+01   -0.344990990626688365E+00   -0.209243332060495746E+01    0.241963021398829081E+00
    0.285715231743210324E-47    0.295773554497851023E+03    0.168407946147490122E+03    0.751060274174787657E-01    0.160830514654598300E+00   -0.563405700994395353E+00    0.208198055658412251E+01   -0.399914801302717837E+00   -0.176305044837018499E+01    0.125943612718886100E+00
    0.367061833324890944E-76    0.428822420500596820E+03    0.177199147641658783E+03    0.442016726732254117E+00    0.177005428784570151E+00    0.560134649276733398E+00    0.206358575820922852E+01   -0.363799273967742920E+00   -0.163953816890716553E+01    0.869967198371887195E-03
    0.752807810213134610E-46    0.289230755628824056E+03    0.166706617772579193E+03    0.551736652851104736E-01    0.189459613504208618E+00   -0.721812129020690918E+00    0.223333072662353516E+01   -0.525425970554351807E+00   -0.136578440666198730E+01    0.176254624271392824E+00
    0.139769908969943893E-88    0.486015528240103947E+03    0.176472676992416382E+03    0.430676126480102561E+00    0.187261639324634493E+00    0.195855617523193359E+00    0.219640314579010010E+01   -0.739195883274078369E+00   -0.171293538808822632E+01    0.698786762952804535E-01
    0.463860950055571360E-89    0.488221523891096126E+03    0.158117533382308380E+03   -0.267663528740357259E-01    0.159686369516635784E+00    0.106980865624998067E+01    0.215254251070669689E+01   -0.167983581555755990E+00   -0.264338305193830925E+01    0.149595800041188193E+00
    0.186965883312923226E-90    0.494644011422437757E+03    0.163893546462059021E+03    0.111636960506439231E+00    0.138976334535125201E+00    0.121141147613525391E+01    0.230466794967651367E+01   -0.138149857521057129E-01   -0.282528859376907349E+01    0.123734111881256104E+00
    0.619486761954705439E-91    0.496853251260648221E+03    0.168626839708214419E+03    0.137937902007872149E+00    0.136427102218755952E+00    0.661053758180092821E+00    0.233394423323029576E+01   -0.339820569504362346E+00   -0.185015190273630359E+01    0.675777135724806299E-01
    0.168603363395920177E-56    0.338274979426236371E+03    0.166390862107290388E+03    0.742228562580158902E+00    0.110575484979405406E+00   -0.826275536621926321E+00    0.204985506001390227E+01   -0.380500568504793080E+00   -0.181004053216901051E+01    0.121165881514684409E+00
    0.263001004429157649E-64    0.374227123200228164E+03    0.172726486027240753E+03    0.984284895658493197E+00    0.183731231320508615E+00    0.659621357917785645E+00    0.223573470115661621E+01   -0.502658486366271973E-01   -0.273213601112365723E+01    0.164413565182685850E+00
    0.110738851336856071E-51    0.316089877007512030E+03    0.167017732923696570E+03    0.722035087961380384E+00    0.189434669586520082E+00   -0.308017414678053214E+00    0.234853920156436624E+01   -0.162091265312520605E+00   -0.154244934265630063E+01    0.192349505648425095E+00
    0.374634748551244940E-41    0.267600621530173385E+03    0.163869677879259768E+03    0.688863083695926304E+00    0.163784574990659487E+00   -0.107292105474196342E+01    0.219460644823948892E+01   -0.430273305628673608E+00   -0.154611639783923160E+01    0.124940430088430074E+00
    0.448909446450799251E-80    0.446840519500384744E+03    0.163860650564847589E+03    0.805039354239540872E+00    0.164542942469817599E+00   -0.551584245851723942E-01    0.207324113991874714E+01   -0.685204249367399765E+00   -0.179082881014988815E+01    0.564539078666928401E-01
    0.141943434735792197E-61    0.361645071082231311E+03    0.166833139359951019E+03    0.844607871770858831E+00    0.118278265733084753E+00   -0.153610789775848389E+01    0.219531857967376709E+01   -0.672036767005920410E+00   -0.170675325393676758E+01    0.331495373225212109E+00
    0.144634690553733733E-94    0.513578122106531964E+03    0.168090183734893799E+03    0.980680125951767123E+00    0.996298758824336050E-01   -0.293652176856994629E+00    0.203975963592529297E+01   -0.146076679229736328E-01   -0.228445369005203247E+01    0.348975303196907061E+00
    0.217728564334431036E-93    0.508154875957960257E+03    0.168845645785331726E+03    0.744045221805572643E+00    0.645247655711940205E-01   -0.506669282913208008E+00    0.213455808162689209E+01   -0.372151315212249756E+00   -0.144233465194702148E+01    0.237838878607749937E+00
    0.115114745878349007E-29    0.214698623550934514E+03    0.183614525198936462E+03    0.935602867603302024E+00    0.122780171648275011E+00   -0.208686625957489014E+01    0.206476992368698120E+01   -0.121339559555053711E-01   -0.463986933231353760E+00    0.480228580570220942E+00
    0.320114298971131791E-51    0.313966870252361559E+03    0.173668956020220293E+03    0.839509002539751248E+00    0.107287539306512109E+00   -0.802291372995029395E+00    0.226774751652004092E+01   -0.207556787699053835E+00   -0.939311714267293763E+00    0.401406487885553054E+00
    0.856729286427305912E-78    0.436337577539553820E+03    0.184061336747195099E+03    0.610416448406619794E+00    0.797210187805856979E-01   -0.217001427418926784E+01    0.226349806334927273E+01   -0.879787732019122526E+00   -0.588705165641581374E+00    0.476147247027656484E+00
    0.149914755219207387E-68    0.393771985978736325E+03    0.177346524058021572E+03    0.742691222969612541E+00    0.114713382244869003E+00   -0.267734104802354267E+00    0.209271015132799221E+01   -0.278127291254496978E+00   -0.137057712024591671E+01    0.172691268063145914E+00
    0.158046654879815176E-43    0.278537084450086354E+03    0.180292902834944016E+03    0.853393161909727582E+00    0.829455935165808039E-01   -0.179841324189528740E+01    0.230292660796512427E+01   -0.451762296154442744E+00   -0.653896173896761024E+00    0.237150499759890165E+00
    0.113346240732090793E-66    0.385120884852250128E+03    0.174167360961437225E+03    0.791800618171692006E+00    0.139881931134984316E+00   -0.215505838394165039E+00    0.205359482765197754E+01   -0.164160847663879395E+00   -0.202313196659088135E+01    0.272578918218612687E+00
    0.107923906332269870E-05    0.104303545113916371E+03    0.172059091329574585E+03    0.853730857372284047E-01    0.168352268716774778E+00   -0.163725614547729492E+01    0.239787834882736206E+01   -0.256316721439361572E+00   -0.425321102142333984E+00    0.453296273946762127E-01
    0.359342360702094692E-15    0.147949548619331466E+03    0.178511076448592974E+03    0.202373593429754167E+00    0.168503034074561908E+00   -0.105859474581565305E+01    0.230037104240962620E+01   -0.220590022973631950E+00   -0.130505973034368505E+01    0.126989247932561999E+00
    0.136095558702038907E-98    0.532120510673374952E+03    0.179303299188613892E+03    0.351485013961792825E-02    0.192970824257416518E+00    0.429360866546630859E+00    0.250113040208816528E+01   -0.653393089771270752E+00   -0.109367859363555908E+01    0.970226491212844849E-01
    0.796781280836070091E-93    0.505560213870332632E+03    0.167589402496814728E+03    0.168776887655258195E+00    0.156977301966023858E+00    0.249786972999572754E+00    0.247202533483505249E+01   -0.499151229858398438E+00   -0.996307790279388428E+00    0.243974912595748911E+00
    0.906162545555936541E-31    0.219782385365093006E+03    0.174692719280719757E+03   -0.436861276626586900E-01    0.195827957646089429E+00   -0.211179256439208984E+00    0.270070827007293701E+01   -0.481994569301605225E+00   -0.218645811080932617E+00    0.238715396404266360E-01
    0.173332917124382825E-29    0.213880054149832432E+03    0.179049909710884094E+03    0.358798867464065530E+00    0.179632610987042529E+00   -0.197126054763793945E+01    0.286181598901748657E+01   -0.248721063137054443E+00   -0.456984758377075195E+00    0.352766768932342573E-01
    0.247253515790581820E-11    0.130276590665485969E+03    0.170736336001503616E+03    0.653702254979954267E-01    0.192041067906342205E+00   -0.137794852832381443E+01    0.287089302100283073E+01   -0.255845473788595346E+00   -0.751637170046966396E+00    0.265955313048373727E-01
    0.146864567711495080E-55    0.333945885520863726E+03    0.172600397569572237E+03    0.341678139102724709E+00    0.161978777191457368E+00    0.344385683265773235E+00    0.237763302978225965E+01   -0.328293295118059714E+00   -0.126276198834078812E+01    0.512093453134459808E-01
    0.419678629224814853E-97    0.525263076540672159E+03    0.169806917116997568E+03    0.401754045260896642E+00    0.155784411870164563E+00    0.999332346203857913E+00    0.204610754227593716E+01   -0.161289571477414295E+00   -0.432053560876549003E+00    0.599916553591963095E-01
    0.310863769331920784E-64    0.373892729351857611E+03    0.176584852039813995E+03    0.723413646221161000E-01    0.188160576360297760E+00    0.746767401695251465E+00    0.232387459278106689E+01   -0.271350145339965820E-02   -0.829668760299682617E+00    0.370415922689437904E+00
    0.136193734926408187E-30    0.218967495792047458E+03    0.180438716113567352E+03   -0.345342874526977511E-01    0.159572699291288894E+00   -0.788429260253906250E+00    0.250975841283798218E+01   -0.241419196128845215E+00   -0.120227551460266113E+01    0.328610278272628786E+00
    0.750400784860935052E-24    0.187923416576060191E+03    0.184586956501007080E+03   -0.624427318572998089E-01    0.189663734273139428E+00   -0.124022626876831055E+01    0.250418978929519653E+01   -0.277892053127288818E+00   -0.107000005245208740E+01    0.230557274651527422E+00
    0.237182895818863704E-28    0.208647649095573996E+03    0.179288080632686615E+03    0.290552604198455855E+00    0.166689534048874266E+00   -0.190205919742584229E+01    0.238071489334106445E+01   -0.220555007457733154E+00   -0.113311296701431274E+01    0.227905681228637691E+00
    0.125182473860243767E-84    0.467815297695124798E+03    0.172083347983747075E+03    0.636969804053903910E+00    0.181500581593248389E+00   -0.191241411724610133E+01    0.239374587931492133E+01   -0.198609250933932557E+00   -0.107947142275246333E+01    0.297669467504254048E+00
    0.124751128956583872E-58    0.348087776218199338E+03    0.180130904912948608E+03    0.651172900199890270E+00    0.169162729283484053E+00   -0.854655504226684570E-01    0.220994317531585693E+01   -0.398765623569488525E+00   -0.129662418365478516E+01    0.204078255772590644E+00
    0.909053354335345197E-59    0.348720780396686393E+03    0.184516234558628639E+03    0.140699911192391558E+00    0.187610373187241775E+00   -0.243670818386836574E+01    0.255132013494306964E+01   -0.238672216745863253E-01   -0.114973432782804075E+01    0.140072823269755647E+00
    0.100306699831612692E-81    0.454442867083292469E+03    0.182809029459908487E+03    0.524355486766654000E+00    0.178795630364957658E+00   -0.400505986722075491E+00    0.211577324249952392E+01   -0.403988237377082449E+00   -0.108150131970775787E+01    0.311569128766225723E+00
    0.657102817830452289E-68    0.390816438642411697E+03    0.183310431540012360E+03   -0.504736304283141812E-02    0.112887830965297711E+00   -0.102965068817138672E+01    0.267478507757186890E+01   -0.722835659980773926E+00   -0.123826324939727783E+01    0.392592358589172359E-02
    0.291640742512098385E-55    0.332573861807073740E+03    0.180975012183189392E+03    0.422244125604629539E+00    0.157640345239102780E+00   -0.275069475173950195E+01    0.239546042680740356E+01   -0.547590851783752441E+00   -0.456801831722259521E+00    0.112938487315177916E+00
    0.868372322329275518E-66    0.381048538143857058E+03    0.172320935295590260E+03    0.799281748061355768E+00    0.159721741175494869E+00   -0.203566881742657246E+01    0.223646540061936960E+01   -0.250849424595942949E+00   -0.152599959281987996E+01    0.299968636535794366E-02
    0.202409623239118104E-40    0.264226767475237693E+03    0.167942464649677277E+03    0.814882028102874800E+00    0.158926625203667404E+00   -0.886358499526977539E+00    0.225576043128967285E+01   -0.579200685024261475E+00   -0.136940056085586548E+01    0.644692810535430899E-01
    0.584641464543742097E-32    0.225263995394751419E+03    0.172357961541047075E+03    0.984061791262711094E+00    0.145311936782689693E+00   -0.189464827093921340E+01    0.229515895760832755E+01   -0.592402774705877988E-01   -0.124261388496464775E+01    0.209076931379643775E-01
    0.149234090000776031E-37    0.251020811587273613E+03    0.180142718851566315E+03    0.912297159433364979E+00    0.100276954849812361E+00   -0.124660670757293701E+01    0.243319392204284668E+01   -0.171651184558868408E+00   -0.980810523033142090E+00    0.197515238785743730E+00
    0.242378098513464716E-28    0.208604314412350561E+03    0.174303675759946287E+03    0.869201909923749017E+00    0.896675436178393931E-01   -0.255232976774519082E+01    0.252216930833630704E+01   -0.371360182836435015E+00   -0.154693330470107338E+01    0.135783723318209398E+00
    0.311579542269217774E-47    0.295600236424976515E+03    0.177321951687335968E+03    0.924576652050018377E+00    0.272789917012755713E-01   -0.255186581611633301E+01    0.205533158779144287E+01   -0.959401130676269531E-01   -0.338593840599060059E+00    0.134707796716690059E+00
    0.135457516409468453E-96    0.522919568736182782E+03    0.176306194961071014E+03    0.887983518838882602E+00    0.105943410333336624E+00   -0.222224807739257812E+01    0.248596101999282837E+01   -0.131708139181137085E+01   -0.129871201515197754E+01    0.418990245580673215E-01
    0.893706913165904967E-79    0.440858235925033057E+03    0.181931890108653562E+03    0.811054681665410726E+00    0.964867932092440400E-01   -0.216344982230038019E+01    0.226302993180150569E+01   -0.129634620541919188E+01   -0.131412407931398389E+01    0.942085121105432424E-02
    0.199258366324403019E-48    0.301099511315264408E+03    0.165491581496153913E+03    0.968778335031101778E+00    0.546069782721882585E-01   -0.203043427298218582E+01    0.255707170317201449E+01   -0.299275933243456471E+00   -0.946604036276368355E+00    0.188024573286792562E+00
    0.622524688725312613E-27    0.202112575444943616E+03    0.180562065939326999E+03    0.953561618201276162E+00    0.775141571702666760E-01   -0.297538887433660193E+01    0.241922453450727071E+01   -0.510011968981681996E+00   -0.201645353416457951E+00    0.312842160233441413E+00
    0.297668997168963903E-49    0.304901921870166689E+03    0.175956344200149630E+03    0.569862541345755869E+00    0.129096515934588596E+00   -0.218521173846792127E+01    0.224496911968978141E+01   -0.112299603893041278E+01   -0.860689724343856710E+00    0.273100407800608335E-02
    0.255039505122531451E-70    0.401919623108325368E+03    0.184836179912090302E+03    0.499610364437103383E+00    0.128822818704385889E+00   -0.282543969154357910E+01    0.211647582054138184E+01   -0.514854311943054199E+00   -0.123213529586791992E+01    0.183028932166099556E+00
    0.123357042132848647E-77    0.435608485456648339E+03    0.167345999479293823E+03    0.920537972450256370E+00    0.166559961933627265E+00    0.871000885963439941E+00    0.261816716194152832E+01   -0.160659492015838623E+00   -0.110270082950592041E+01    0.220281467342376719E+00
    0.152450814917770330E-89    0.490447009514724527E+03    0.162972979247570038E+03    0.848388749361038252E+00    0.157704808601385638E+00    0.108388960361480713E+01    0.271727794408798218E+01   -0.244112312793731689E+00   -0.695276856422424316E+00    0.356809716224670420E-01
    0.127269409696972462E-57    0.343442635249299826E+03    0.161829582750797272E+03    0.896877360343933172E+00    0.185526900825561947E+00    0.926061630249023438E+00    0.273486751317977905E+01   -0.557277202606201172E-01   -0.116295343637466431E+01    0.100868976116180427E-02
    0.237087456923142342E-18    0.162596752168124198E+03    0.173109630644321442E+03    0.840762937068939342E+00    0.139482907183744370E+00   -0.603502035140991211E+00    0.222647047042846680E+01   -0.558630824089050293E-01   -0.334092199802398682E+00    0.229586694359779353E+00
    0.887226422032631263E-66    0.381005578840861801E+03    0.178253959088403377E+03    0.578069364156479026E+00    0.149191577220704807E+00   -0.150157178377900991E-01    0.239102070068466910E+01   -0.575432981906295993E+00   -0.457182202171480867E+00    0.114678298737283649E+00
    0.805757787210880958E-96    0.519353318484035526E+03    0.160937074422836304E+03    0.938302052021026678E+00    0.166415100559703183E+00    0.139262545108795166E+01    0.218831014633178711E+01   -0.334596097469329834E+00   -0.114299386739730835E+01    0.113684197854995728E+00
    0.648075085717449853E-78    0.436895808381326333E+03    0.172789736390113831E+03    0.202915394306182856E+00    0.591759572727190292E-01    0.155436515808105469E+00    0.227678376436233521E+01   -0.251057446002960205E+00   -0.704468071460723877E+00    0.197615851879119897E-01
    0.164028275378561107E-84    0.467274764974959396E+03    0.171597771481190790E+03    0.383573592511416428E+00    0.174677289795907464E+00    0.491625245666342359E+00    0.297210975195746752E+01   -0.240959495338351815E+00   -0.117236069551269795E+01    0.157153459749880237E+00
    0.350121205342910735E-45    0.286156646578010168E+03    0.174747009575366974E+03    0.381535404920578025E+00    0.105762471852596088E+00   -0.121738886833190918E+01    0.271230810880661011E+01   -0.416417777538299561E+00   -0.158665430545806885E+01    0.114047994875907902E+00
    0.136203165616404733E-25    0.195941506377565048E+03    0.177069809734821320E+03    0.574609178304672286E+00    0.118201537622433683E+00   -0.211168098449707031E+01    0.273443555831909180E+01   -0.604833662509918213E+00   -0.791722118854522705E+00    0.188840745663642895E+00
    0.810755402224762859E-58    0.344344484970067356E+03    0.178875792423471324E+03    0.564205917496363729E+00    0.617652991668650106E-01   -0.271960151474242640E+01    0.271240341589583922E+01   -0.671220281396366136E+00   -0.126363472802456012E+01    0.187460125043528630E+00
    0.134755183692640959E-78    0.440036902150624314E+03    0.181365358233451843E+03    0.526904463768005482E+00    0.458106111373097064E-01   -0.182664549350738525E+01    0.272051948308944702E+01   -0.342144906520843506E+00   -0.176474797725677490E+01    0.159616992044448847E+00
    0.136013517116403657E-41    0.269627016082369664E+03    0.174275564935381396E+03    0.904863905625158949E+00    0.120757886035805465E+00   -0.152225834622521394E+01    0.280518887494162650E+01   -0.568298446492787157E+00   -0.179168161833868034E+01    0.253109501464442374E-01
    0.751274252876924752E-88    0.482651981829143949E+03    0.181066161661788783E+03    0.525280817177999571E+00    0.893744563805163456E-01   -0.189689668590470362E+01    0.294295653942913971E+01   -0.669961959636930615E+00   -0.169337953346015491E+01    0.160884075438036678E+00
    0.382418244326039987E-61    0.359662898564655734E+03    0.177999716699123383E+03    0.941512906551361106E+00    0.896798649270777321E-01   -0.367185831069946289E+00    0.271703964471817017E+01   -0.800997018814086914E-02   -0.506794095039367676E+00    0.218047679257392879E+00
    0.351175941503547161E-97    0.525619480328974646E+03    0.172717279791831970E+03    0.769322603940963856E+00    0.543788684055886706E-01    0.747442245483398438E-02    0.276433885097503662E+01   -0.118238389492034912E+00   -0.579474270343780518E+00    0.945739536523819008E-01
    0.117840724754376467E-95    0.518593046823522172E+03    0.176133210462809274E+03    0.610180188996865769E+00    0.124891347939323688E+00    0.508112044569343446E+00    0.290126559159782804E+01   -0.147086917696147790E+00   -0.405343072250893499E+00    0.221725537207702966E+00
    0.783523704932500360E-85    0.468752410175529349E+03    0.178906265723294638E+03    0.431546688392319022E+00    0.153945652165598607E+00    0.242078215897732818E+00    0.276535007749233319E+01   -0.367436557641986905E+00   -0.572844441569643426E+00    0.226593829677931652E+00
    0.372923126980708015E-20    0.170901206110301501E+03    0.174457395970821381E+03    0.367121767997741766E+00    0.128772742168026755E+00   -0.930976510047912598E+00    0.259991097450256348E+01   -0.163913369178771973E-01   -0.132397234439849854E+00    0.798940973281860312E-01
    0.104632449732463532E-72    0.412911892929901967E+03    0.182522256374359131E+03    0.563283461332321211E+00    0.160662434394205883E+00    0.550197243690490723E+00    0.288062983751296997E+01   -0.252272307872772217E+00   -0.585535347461700439E+00    0.255310245037078873E-01
    0.201111044644071311E-64    0.374763724469964586E+03    0.181981191490426681E+03    0.422424429511903510E+00    0.163904086948793493E+00    0.371991098322350666E-01    0.281176855991916153E+01   -0.463021825818088928E+00   -0.906388404124227609E+00    0.159790739781718698E-01
    0.141251855413802436E-23    0.186658372266075446E+03    0.174776772856712341E+03    0.493767267465591519E+00    0.175476245102398232E+00   -0.117139971256256104E+01    0.288616526126861572E+01   -0.190970420837402344E+00   -0.710737824440002441E+00    0.765612075805664066E-01
    0.682155028118498297E-87    0.478239839288603093E+03    0.171135175454657599E+03    0.553557574402123942E+00    0.150400326661489697E+00    0.306697839225220648E-01    0.295450259550756922E+01   -0.460194368736085657E+00   -0.450108016170189362E+00    0.218262943328539377E+00
    0.123905708090725147E-38    0.255997972351689299E+03    0.180906409660222039E+03    0.732265801491502111E+00    0.136608266267352313E+00   -0.101587430844175119E+01    0.272104867067225964E+01   -0.548190885285880114E+00   -0.138507934488755291E+01    0.996157577061522193E-01
    0.892470725102526529E-81    0.450071344640390635E+03    0.177357925912724312E+03    0.692003964873481481E+00    0.144924300536454359E+00   -0.103445722412390539E+01    0.281508690203266454E+01   -0.945664420789860127E+00   -0.685542107601887718E+00    0.121007633600039299E+00
    0.196514942826890581E-47    0.296522068794338850E+03    0.183441365361213684E+03    0.878114199638366788E+00    0.167272506154382244E+00   -0.602728486061096191E+00    0.263924413919448853E+01   -0.275149405002593994E+00   -0.106072211265563965E+01    0.166401910543441778E+00
    0.325677827584317337E-65    0.378404791821255628E+03    0.172817974686622620E+03    0.687796390056610196E+00    0.159446037960892906E+00   -0.134932637214660645E+00    0.264889180660247803E+01   -0.518900334835052490E+00   -0.137551975250244141E+01    0.139532380485534679E+00
    0.119801345974227819E-63    0.371194598875234647E+03    0.167619300818610327E+03    0.691962527561416185E+00    0.154160148038714861E+00   -0.199600540762072676E+00    0.282815639676603769E+01   -0.599615005737807127E+00   -0.490359927629637760E+00    0.812701243597754031E-01
    0.271968160757549930E-54    0.328108367036120740E+03    0.181481030458360578E+03    0.614750562023448577E+00    0.139361709258089717E+00   -0.463597450663403965E+00    0.281847615820276776E+01   -0.369801083915316298E+00   -0.116522575968875319E+01    0.155786013940196810E+00
    0.130666453704893725E-34    0.237471037480547807E+03    0.182958655632202579E+03    0.564896142104685861E+00    0.149755592029619244E+00    0.796369544220407732E-01    0.246688139807660267E+01   -0.977793402222024710E-01   -0.103270112362230737E+01    0.126207459672900545E-01
    0.974510383065952815E-09    0.118323208326162103E+03    0.179888267936095417E+03    0.306849887886083361E+00    0.155844122775547406E+00   -0.121990387887426710E+01    0.299561724426372500E+01   -0.133020876036128222E+00   -0.203151442693432660E+00    0.144715734351178682E+00
    0.570181735424370571E-31    0.220708912477027297E+03    0.178384152650833130E+03    0.372090947628021307E+00    0.164095868971746023E+00   -0.127948021888732910E+01    0.298143303394317627E+01   -0.184115231037139893E+00   -0.131390583515167236E+01    0.433793676209449808E+00
    0.205499858578671709E-97    0.526691164348911798E+03    0.180349714159965515E+03    0.407957422733306929E+00    0.156154285030574935E+00   -0.616823673248291016E+00    0.268230509757995605E+01   -0.713163256645202637E+00   -0.175374627113342285E+00    0.460381257605552707E+00
    0.134951705182013913E-68    0.393982285696682084E+03    0.183994050323963165E+03    0.543923985958099432E+00    0.502607481429570638E-01   -0.103349232673645020E+01    0.273737412691116333E+01   -0.182703137397766113E+00   -0.116089046001434326E+00    0.245585711503028881E+00
    0.665246706290230861E-88    0.482895207449008126E+03    0.178970324695110321E+03    0.908291131258010975E+00    0.325661399504487553E-01   -0.146718013286590576E+01    0.283469557762145996E+01   -0.228623092174530029E+00   -0.554679393768310547E+00    0.464024243116378798E+00
    0.545447333981874570E-75    0.423425098440100271E+03    0.180618641376495361E+03    0.695355457067489691E+00    0.144874292997126342E+00   -0.207309615612030029E+01    0.241409456729888916E+01   -0.643715858459472656E+00   -0.124695897102355957E+00    0.470883060550689736E+00
    0.311422991618666867E-89    0.489018389373022899E+03    0.175718866690351149E+03    0.863538319256840992E+00    0.143447894549981941E+00   -0.112553776384803772E+01    0.234560631281345700E+01   -0.895233452234287963E+00   -0.635515013802708584E+00    0.414068414321521749E+00
    0.374447303759372316E-77    0.433387749156391465E+03    0.178213383555412292E+03    0.957854223251342840E+00    0.133969491617065666E-01   -0.785694479942321777E+00    0.251408469676971436E+01   -0.121232986450195312E+00   -0.270001709461212158E+00    0.154197600317001360E+00
    0.326519531453903893E-89    0.488923714017289797E+03    0.178750614225864410E+03    0.843092465400695934E+00    0.138194552856970937E+00    0.537014007568359375E+00    0.244912111759185791E+01   -0.316383540630340576E+00   -0.139599931240081787E+01    0.136665606737136847E+00
    0.605941996736674521E-35    0.239007934976094248E+03    0.179172022556685846E+03    0.834674186481751956E+00    0.143609383646872202E+00   -0.650544408820738163E+00    0.223174086033133712E+01   -0.622816119104226740E+00   -0.121412879370139670E+00    0.411633291607950841E-01
    0.167181645012775319E-69    0.398159128000768590E+03    0.183429515575847205E+03    0.772204337409642227E+00    0.123503639092223907E+00   -0.941547848315522184E+00    0.247327096024305648E+01   -0.823007520751764865E+00   -0.427478013992142802E+00    0.162913195071105354E+00
    0.177941895287524690E-94    0.513163630350390463E+03    0.150615171790122986E+03    0.578476274013519309E+00    0.193208157482513659E+00    0.106894290447235107E+01    0.235256028175354004E+01   -0.160993874073028564E+00   -0.188423842191696167E+01    0.408224746942520145E+00
    0.633441163571459128E-19    0.165236446292819807E+03    0.150270287347589232E+03    0.580755081110099436E+00    0.861030631915452732E-01   -0.289351119011665148E+01    0.226245086633989345E+01   -0.267428476742662014E+00   -0.960657900152201094E+00    0.468264411860367269E+00
    0.440345651962693665E-43    0.276487745014755490E+03    0.154218804836273193E+03    0.579779052734375022E+00    0.804297099014755490E-01   -0.269215929508209229E+01    0.230161160230636597E+01   -0.592410564422607422E-03   -0.196363270282745361E+01    0.534896085619926520E+00
    0.633531718605849275E-17    0.156025820026691292E+03    0.160913822054862976E+03    0.555789107084274314E+00    0.123467978309677040E+00   -0.198254907131195068E+01    0.241796767711639404E+01   -0.837931036949157715E-01   -0.163476884365081787E+01    0.450521720337867748E+00
    0.434801032835894299E-79    0.442299214631291477E+03    0.156223572892702379E+03    0.473024543938453168E+00    0.104018570256058401E+00   -0.110394315476262772E+01    0.216776578554394961E+01   -0.682787376522719480E+00   -0.490687783761852625E+00    0.443043981524873232E+00
    0.308362823341061077E-89    0.489038139377437687E+03    0.172729242378499066E+03    0.533943594853349968E+00    0.576431166249325305E-01   -0.187666473990897353E+01    0.223041796665300529E+01   -0.768620840974222563E+00   -0.645094399942076624E+00    0.504396616859972724E+00
    0.852745964353383719E-69    0.394900366455195979E+03    0.167216411232948303E+03    0.414091956615448065E+00    0.545061817837191737E-01   -0.281287908554077148E+01    0.229851675033569336E+01   -0.112977933883666992E+01   -0.877206444740295410E+00    0.244062390375137328E+00
    0.222799669697980703E-72    0.411400254339623416E+03    0.160431313514709473E+03    0.522081297636032171E+00    0.234614747024439289E-01   -0.243393337726593018E+01    0.204066908359527588E+01   -0.569638967514038086E+00   -0.213335037231445312E+00    0.355454629468917871E+00
    0.172227446286630454E-91    0.499413401993703587E+03    0.162436891794204712E+03    0.396406948566436768E+00    0.451976134182066128E-01   -0.168670678138732910E+01    0.224066090583801270E+01   -0.834713816642761230E+00   -0.664630293846130371E+00    0.358782810974121125E+00
    0.250036420367860681E-64    0.374328225725367247E+03    0.165195513276297362E+03    0.554822475179445607E+00    0.648266342638875587E-01   -0.142791415110236186E+01    0.214002875370433765E+01   -0.417157939486280327E+00   -0.706365553787903000E+00    0.363715521193791913E+00
    0.509189410737705901E-37    0.248566203739961907E+03    0.160428940542960618E+03    0.354638880910235765E+00    0.787318413124963173E-01   -0.235533744908240106E+01    0.206846153250001530E+01   -0.454428205034881572E+00   -0.636416908103963230E+00    0.328398581261418243E+00
    0.185843720421296936E-80    0.448604349663127323E+03    0.163923264667205814E+03    0.715163692494347747E+00    0.673438500638706972E-01   -0.502514736387918770E+00    0.227591432772881719E+01   -0.158250788458168312E+00   -0.800863265745920483E+00    0.421547040649669580E+00
    0.135603459879172839E-64    0.375551969121785817E+03    0.157728028763802001E+03    0.435348829452945507E+00    0.153580034330292853E+00   -0.183570460364701815E+01    0.214869758350432027E+01   -0.806453263608406523E+00   -0.377101499065901624E+00    0.203247863447449911E+00
    0.434634010363022350E-60    0.354801749515934887E+03    0.162760307490825653E+03    0.713629043102264493E+00    0.118443466351368751E+00   -0.158363914489746094E+01    0.272302192449569702E+01   -0.899857878684997559E+00   -0.152522850036621094E+01    0.430927687168121340E-01
    0.262991380159816685E-79    0.443304749179469127E+03    0.151127293295792782E+03    0.774884575869027259E+00    0.127535551877265702E+00    0.703443455076886437E-01    0.282147613690489907E+01   -0.290316710300949854E+00   -0.130999455707411583E+01    0.620693837645004687E-01
    0.244337428563264969E-26    0.199377871487446157E+03    0.152018612623214722E+03    0.688741052150726452E+00    0.167362629621228859E+00   -0.848369836807250977E+00    0.280642014741897583E+01   -0.354641675949096680E-02   -0.111328768730163574E+01    0.216143775200843824E+00
    0.112807601178118517E-78    0.440392454060397995E+03    0.152212056219577789E+03    0.824024754762649581E+00    0.167627145049231596E+00   -0.876473665237426758E+00    0.255582708120346069E+01   -0.641939878463745117E+00   -0.215633654594421387E+01    0.866015345335006681E-01
    0.118705454233101548E-59    0.352792297472290670E+03    0.159166076779365540E+03    0.955252075195312522E+00    0.847314072441647664E-01   -0.242175042629241943E+01    0.243562960624694824E+01   -0.419624447822570801E-01   -0.271117419004440308E+01    0.261614888691902192E+00
    0.622404830153128525E-89    0.487633512085790130E+03    0.165770986378192902E+03    0.754518330097198597E+00    0.109969235344350144E+00   -0.141034448146820068E+01    0.299869120121002197E+01   -0.389218389987945557E+00   -0.235380488634109497E+01    0.209468067455291757E+00
    0.248436451633124124E-94    0.512496170312459867E+03    0.159985351987349361E+03    0.645878692208678662E+00    0.114164158143935809E+00   -0.271608044287631589E+01    0.274519904265603643E+01   -0.485737640778510116E+00   -0.222504342262890553E+01    0.185787634032835658E+00
    0.227085339744438814E-95    0.517281062882760125E+03    0.153379305899143219E+03    0.978264576196670732E+00    0.121340406028434156E+00   -0.311697363853454590E+00    0.295718604326248169E+01   -0.935953259468078613E-01   -0.251227390766143799E+01    0.388318707418441766E+00
    0.106976877827540963E-67    0.389841724028697342E+03    0.152487485047646402E+03    0.633722182811117252E+00    0.128216019216065596E+00   -0.130724663818613362E+01    0.295026758608622153E+01   -0.332496740392486334E+00   -0.267455193553114201E+01    0.447677885362520109E-01
    0.314990448325142981E-41    0.267947439993910393E+03    0.163517070124230315E+03    0.709953977733995822E+00    0.118352092465865089E+00   -0.157129309051822696E+01    0.285794729385388457E+01   -0.439420341175096318E+00   -0.173308703597377889E+01    0.248704495020954708E+00
    0.305045805870307120E-76    0.429192557237645929E+03    0.162180814981373629E+03    0.834739744164670339E+00    0.107244230919472133E+00   -0.233676118621140860E+01    0.291355568132901821E+01   -0.248583663517924158E+00   -0.252043626568482981E+01    0.251223583137082596E+00
    0.864985391738744349E-91    0.496185608687240119E+03    0.162632050216197968E+03    0.844384294748306341E+00    0.125369187465005028E+00   -0.182086229324340820E+01    0.281505894660949707E+01   -0.108833223581314087E+01   -0.553700387477874756E+00    0.254769035983085645E+00
    0.100080487562337801E-12    0.136690639755687300E+03    0.161617167592048645E+03    0.974078834056854359E+00    0.134031179567109415E+00   -0.151587653160095215E+01    0.279119569063186646E+01   -0.211223781108856201E+00   -0.104792332649230957E+01    0.345979735136032140E+00
    0.575746623063154209E-49    0.303582550766191616E+03    0.161184758245944977E+03    0.683227092027664296E+00    0.903949382287109471E-01   -0.195351827144622803E+01    0.296945524215698242E+01   -0.661204934120178223E+00   -0.581068396568298340E-01    0.231662142205238342E+00
    0.389394944299731593E-61    0.359626740125758431E+03    0.154719743089234527E+03    0.642155489308066985E+00    0.124091657879453518E+00   -0.149028409596125888E+01    0.278551983812265735E+01   -0.790655801031941330E+00   -0.903285220995885041E+00    0.280493449450322008E+00
    0.447202084248877735E-32    0.225799971786206925E+03    0.161498387740911454E+03    0.879803223483903274E+00    0.139110694832609627E+00   -0.168986693642704444E+01    0.259957470897131238E+01   -0.388055018158472542E+00   -0.953559845486757762E+00    0.456556501545082871E+00
    0.987046087756112553E-18    0.159744176881098070E+03    0.168229792963862138E+03    0.778601340008567844E+00    0.123998246848516749E+00   -0.220563140586851603E+01    0.284839096920876056E+01   -0.336036927939948882E+00   -0.110067737444175462E+01    0.457822320410384176E+00
    0.125573812171471922E-94    0.513860757021506174E+03    0.158143859207630157E+03    0.581890380382537931E+00    0.167533845217183397E+00   -0.617401599884033203E+00    0.269762545824050903E+01   -0.730790019035339355E+00   -0.102872622013092041E+01    0.363108559870719938E+00
    0.818937212092473794E-43    0.275246850163458760E+03    0.158387205898761749E+03    0.864807105064392179E+00    0.114974764708799873E+00   -0.261446857452392578E+01    0.298734503984451294E+01   -0.151434123516082764E+00   -0.201223200559616089E+01    0.389851683855056752E+00
    0.477812568237283389E-18    0.161195173269490994E+03    0.171086789369583130E+03    0.970928364992141746E+00    0.814679264958592386E-01   -0.279848635196685791E+01    0.292343693971633911E+01   -0.206569790840148926E+00   -0.116148805618286133E+01    0.214546179842948909E+00
    0.897773607080753738E-40    0.261247518581919906E+03    0.169682189744779350E+03    0.909755159558774618E+00    0.468888278019877688E-01   -0.281851732184513093E+01    0.269223211093665338E+01   -0.223475963966414781E+00   -0.149560376744555401E+01    0.347048639763247069E+00
    0.337393120598175440E-39    0.258599686692211606E+03    0.163870800891216987E+03    0.799064223361733328E+00    0.100630715520221709E+00   -0.197957039318663597E+01    0.293311621059295868E+01   -0.497901674720344189E+00   -0.196550537196670039E+00    0.481872206077847365E+00
    0.353876664325360849E-96    0.520998987961300941E+03    0.167415135379137695E+03    0.765737014143451744E+00    0.126243264331876021E+00   -0.255703905764520734E+01    0.284955335960960587E+01   -0.747918251119435773E+00   -0.167956942012515764E+01    0.165854487708927439E+00
    0.126966800663166638E-49    0.306606034832625369E+03    0.165304338602934848E+03    0.936168937296389836E+00    0.136083244433577555E+00   -0.199436516706321809E+01    0.293710651977583703E+01   -0.798157280159187632E+00   -0.905345207727929591E+00    0.161757705903111532E+00
    0.798203125666410565E-33    0.229246436920181310E+03    0.170561418722534711E+03    0.803346084151341899E+00    0.112835102145853933E+00   -0.169304940397010295E+01    0.279296285812372602E+01   -0.470312468561053354E+00   -0.691986987885325533E+00    0.253585782517835923E+00
    0.559386352371447571E-83    0.460215991669456457E+03    0.150146688520908356E+03    0.953623175621032826E+00    0.167385158132619644E+00   -0.684792280197143555E+00    0.236349451541900635E+01   -0.816751599311828613E+00   -0.117428719997406006E+01    0.192772605729103097E+00
    0.158397442466206916E-27    0.204849927354847637E+03    0.150260872542858124E+03    0.608143502473831310E+00    0.144316059380089512E+00   -0.572073698043823242E+00    0.223923450708389282E+01   -0.487189829349517822E+00   -0.120223277807235718E+01    0.357185010910034198E-01
    0.188039297711445123E-71    0.407134328261997894E+03    0.153549221754074097E+03    0.379008001089096047E+00    0.177596813508976575E+00   -0.146155071258544922E+01    0.206118148565292358E+01   -0.804013609886169434E-01   -0.223336994647979736E+01    0.149227743387222288E-01
    0.155596999194562223E-70    0.402907921366389530E+03    0.159726947844028473E+03    0.451365852355957053E+00    0.254970558346658827E-01   -0.518076539039611816E+00    0.214247244596481323E+01   -0.102121353149414062E+00   -0.211766213178634644E+01    0.702525721549987769E-01
    0.763114617722407773E-56    0.335255260935264403E+03    0.153262808322906494E+03    0.218787592649459878E+00    0.151018698443748739E+00   -0.194120407104492188E-02    0.226304584741592407E+01   -0.175814509391784668E+00   -0.239836549758911133E+01    0.299205905556678808E+00
    0.754929707003227254E-71    0.404354380921514917E+03    0.152797322869300842E+03   -0.728569030761717917E-02    0.171555032122475054E+00    0.674681425094604492E+00    0.227841842174530029E+01   -0.936720371246337891E-01   -0.238542133569717407E+01    0.299097001862525969E+00
    0.153237272811886450E-79    0.444385016646971394E+03    0.151437146555329235E+03    0.326393223131851706E+00    0.144107479078636191E+00   -0.146834243031740908E+01    0.201249255091024892E+01   -0.178400918353727178E-01   -0.193014648140746869E+01    0.176112077077534707E+00
    0.254606703586386846E-87    0.480210913149234671E+03    0.153340588808059692E+03    0.822705847024917669E+00    0.404199467511583907E-01   -0.304510831832885742E+00    0.245191663503646851E+01   -0.178862392902374268E+00   -0.810654938220977783E+00    0.159843397092819223E+00
    0.183702879521124021E-64    0.374944799568359940E+03    0.155833271039131660E+03    0.825996728396321100E+00    0.111056903644643254E+00   -0.315772550707257071E+00    0.253900037257391276E+01   -0.376707738658805802E+00   -0.816053784479521038E+00    0.843493158720700076E-01
    0.159464803943314869E-62    0.366017452064952181E+03    0.161148338019847870E+03    0.614329111576080389E+00    0.121084715959722700E+00    0.248589277267456055E+00    0.236824119091033936E+01   -0.236644148826599121E-01   -0.104463762044906616E+01    0.305661724734306361E+00
    0.193637267118371107E-86    0.476153209691024131E+03    0.153288944210120263E+03    0.832968876329853503E+00    0.163936410870043486E+00    0.107261591928608269E+01    0.220284264435589883E+01   -0.250923182825155244E+00   -0.423149600054903541E+00    0.290900582154464848E+00
    0.836966686153085170E-44    0.279808466646636532E+03    0.162713441848754883E+03    0.808791875839233454E-01    0.186366631989205611E+00    0.454423427581787109E-01    0.282608604431152344E+01   -0.333874404430389404E+00   -0.921109914779663086E+00    0.933727377176284817E-01
    0.730179861163418833E-79    0.441262409914735031E+03    0.168416205048561096E+03    0.454035139083862394E+00    0.124731351078632868E+00    0.497517585754394531E-01    0.288841569423675537E+01   -0.247209548950195312E+00   -0.464949309825897217E+00    0.182879803705215449E+00
    0.230847193617699083E-53    0.323831054872656637E+03    0.160805814569454469E+03    0.639711277066393080E+00    0.114502647497247090E+00   -0.192752556788979845E-01    0.231634939311185528E+01   -0.204364496665569995E+00   -0.523658914792920704E+00    0.956260881870895779E-01
    0.501093731985564696E-73    0.414384384229951820E+03    0.158956257139291608E+03    0.984167191263207841E+00    0.176493691922403051E+00    0.693421038623124986E+00    0.238452433818033871E+01   -0.378529704516862520E+00   -0.139032007783646883E+00    0.198461034806916681E+00
    0.481447549132838208E-22    0.179600696505157941E+03    0.163148682117462158E+03    0.578926378488540672E+00    0.122211820639473126E+00   -0.109895932674407959E+01    0.243678694963455200E+01   -0.299587011337280273E+00   -0.163901388645172119E+00    0.801528118371963583E-01
    0.608869152770673061E-39    0.257418977475615975E+03    0.164358564615249634E+03    0.482896244525909513E+00    0.122376605739956359E+00   -0.162032747268676758E+01    0.267174315452575684E+01   -0.759106278419494629E+00   -0.968549251556396484E+00    0.881970145940780686E-01
    0.634004697461426842E-28    0.206681199479932474E+03    0.151455498933792114E+03    0.376455748081207298E+00    0.146486711556651467E+00   -0.201644253730773926E+01    0.268191355466842651E+01   -0.808762550354003906E+00   -0.109065234661102295E+00    0.582363528013229367E-01
    0.603191433090151545E-13    0.137703290189108685E+03    0.171795527637004852E+03    0.617645722627639837E+00    0.120469780889433928E+00   -0.255700743198394775E+01    0.262651646137237549E+01   -0.400264263153076172E-01   -0.818983912467956543E-01    0.798136819124221769E-01
    0.659321874967323810E-92    0.501333780421182837E+03    0.159602303859926110E+03    0.580894067750208132E+00    0.771573878963081189E-01   -0.511308951769874565E+00    0.223331071080460708E+01   -0.821145184169025377E+00   -0.157703286797562292E+00    0.268526464376474087E-01
    0.287681904408780504E-78    0.438520110764352353E+03    0.165708680043206300E+03    0.386330676709976006E+00    0.151231217760464914E+00   -0.595930518519975472E+00    0.232937350400170473E+01   -0.102543723669147058E+01   -0.715391857081881799E+00    0.691966824363596106E-01
    0.202669468500998548E-82    0.457641349414513343E+03    0.167687866677232250E+03    0.641247837288082323E+00    0.127512573569821347E+00   -0.660720253856062367E+00    0.219092097480054093E+01   -0.106245578706656474E+01   -0.172645540780826501E+00    0.545040007649221919E-01
    0.661348496721776002E-23    0.183570899422452669E+03    0.151701065301895142E+03    0.818062591552734419E+00    0.908858926974728948E-01   -0.256304383277893066E+01    0.213821810483932495E+01   -0.418751835823059082E+00   -0.310074627399444580E+00    0.722692693233489974E-01
    0.160773272133398465E-45    0.287713215119333427E+03    0.151148605644702911E+03    0.887188345193863026E+00    0.131465972672139275E+00   -0.253956556320190430E+01    0.250442570447921753E+01   -0.109929227828979492E+01   -0.302167832851409912E+00    0.686277849912643456E-01
    0.704218022524296080E-11    0.128183243046846172E+03    0.152049106061458588E+03    0.725100183486938610E+00    0.114990866455004476E+00   -0.233133029937744141E+01    0.249173003435134888E+01   -0.561198592185974121E+00   -0.101828885078430176E+01    0.232157292366027852E-02
    0.725999338023178933E-45    0.284698107163018733E+03    0.155586879224598846E+03    0.914662024357437820E+00    0.146175934287495118E+00   -0.182920578891189289E+01    0.262635300341222733E+01   -0.652045495481026638E+00   -0.244044726623148911E+00    0.186083650450848875E+00
    0.116701335197770434E-31    0.223881586804185730E+03    0.155158166289329529E+03    0.913545125722885154E+00    0.134741386014638725E+00   -0.283047330379486084E+01    0.263670945167541504E+01   -0.595273733139038086E+00   -0.339559793472290039E+00    0.498276706695556654E-01
    0.160118521444942458E-28    0.209433483607166011E+03    0.156579373716326074E+03    0.738945103469718978E+00    0.129052379525197103E+00   -0.120515078396951081E+01    0.253384737619878475E+01   -0.617623000413642043E+00   -0.128908904651078871E+01    0.154277676819076660E-01
    0.356568482933113604E-56    0.336777024776118935E+03    0.162212000210501401E+03    0.827946318317081986E+00    0.807691607848183279E-01   -0.151053031599106213E+01    0.280069238443883339E+01   -0.457107973456667427E+00   -0.261029946358004583E+00    0.101358875721670336E+00
    0.300439419914315860E-21    0.175938628633268053E+03    0.156277613453404314E+03    0.465287941391236304E+00    0.858831349830167512E-01   -0.240209859527961722E+01    0.256691826972559545E+01   -0.441918005520379076E+00   -0.117684512593771728E+01    0.870775311241989147E-02
    0.339387286646835551E-75    0.424374027161121774E+03    0.159928837495059668E+03    0.894976584457386370E+00    0.941317803278809012E-01   -0.102178045432202680E+01    0.233464836530174846E+01   -0.933234385892989238E+00   -0.424674698811100093E+00    0.167919575308290228E-01
    0.394331327171852320E-90    0.493151480762861922E+03    0.165217396020889282E+03    0.842248970270156994E+00    0.624754572069418021E-01   -0.126236271858215332E+01    0.226606529951095581E+01   -0.851110696792602539E+00   -0.125420629978179932E+00    0.177182284498214715E+00
    0.111479688573608620E-57    0.343707562782803052E+03    0.164571240089902290E+03    0.639667084378710005E+00    0.386116330287021581E-01   -0.167183089774093996E+01    0.241667287856104407E+01   -0.227023062327699421E+00   -0.835942400994618140E+00    0.526606675350008019E-01
    0.243431594238866484E-25    0.194780129697468510E+03    0.159257932039044078E+03    0.594562160774379955E+00    0.104585927453982805E+00   -0.195448558239531822E+01    0.254126497366882953E+01   -0.390260611050828210E+00   -0.176801900240601295E+01    0.555430461051987165E-01
    0.677942613459650983E-51    0.312466101198082072E+03    0.154413772782067525E+03    0.799838531209971393E+00    0.122179205804328617E+00   -0.124997562614353219E+01    0.287224009458090812E+01   -0.656601544800773596E+00   -0.939920038128475799E+00    0.119938158707004527E+00
    0.248447832796343906E-45    0.286842739578812484E+03    0.158639474420725122E+03    0.736974171439370163E+00    0.123161509372616912E+00   -0.655864782557229464E+00    0.249371011538118337E+01   -0.428770971238323195E+00   -0.145778434446183836E+01    0.416796959450227919E-01
    0.287068885351411496E-37    0.249712399469923582E+03    0.165362203291093351E+03    0.893710543929139289E-01    0.154902771392981697E+00   -0.115296420685510825E+01    0.270548194921858265E+01   -0.466689908441579426E+00   -0.904674586042929274E+00    0.357747037792602862E+00
    0.690946529142675934E-64    0.372295314024963545E+03    0.168931205570697784E+03    0.862975537776947133E-01    0.997681034249777998E-01   -0.156005144119262695E+01    0.281538677215576172E+01   -0.464762449264526367E+00   -0.155960083007812500E+01    0.398979362368583668E+00
    0.395274237458650469E-45    0.285914045776933904E+03    0.155637451708316803E+03    0.487564146518707220E-01    0.165121903183102270E+00   -0.180703532695770264E+01    0.286287307739257812E+01   -0.632505118846893311E+00   -0.789986371994018555E+00    0.288529590582847606E+00
    0.114764461165712733E-83    0.463383908708125375E+03    0.153646782327183871E+03    0.134424070938549967E+00    0.167135628353798721E+00   -0.296572226899107605E+01    0.288249104524452804E+01   -0.367267812245138714E+00   -0.903586847840335494E+00    0.371696301724797395E+00
    0.331654249544259026E-79    0.442840805674175783E+03    0.172392750084400177E+03    0.173608642816543618E+00    0.179904152780434534E+00   -0.106505835056304932E+01    0.265129059553146362E+01   -0.557273626327514648E+00   -0.122263222932815552E+01    0.462191235637664788E+00
    0.197842434837112002E-12    0.135327647370953486E+03    0.170342695267887621E+03    0.293415310844719279E+00    0.147028953672986046E+00   -0.179691773095069141E+01    0.248712335616858704E+01   -0.283593793337401756E+00   -0.444731072442874797E+00    0.287759819506180348E+00
    0.982539965625424652E-32    0.224225710910399783E+03    0.174899499714374542E+03    0.159279125928878801E+00    0.122453861875990985E+00   -0.225026857852935791E+01    0.262872105836868286E+01   -0.578973412513732910E+00   -0.940655350685119629E+00    0.343371812367439300E+00
    0.824037454175232253E-36    0.242998241729201823E+03    0.179231463666939959E+03    0.106990197890121236E+00    0.113892109588949297E+00   -0.896006694392289749E+00    0.267373660219306020E+01   -0.968419756581262448E-02   -0.117700686547076838E+01    0.312687637053484402E+00
    0.210106105290575554E-76    0.429938255801863875E+03    0.164995144605636597E+03   -0.649715781211853138E-01    0.121182054169345965E+00   -0.104819905757904053E+01    0.221124649047851562E+01   -0.610488295555114746E+00   -0.107561105489730835E+01    0.456354277396202102E+00
    0.189100406792288604E-74    0.420938584508966471E+03    0.167302056550979614E+03    0.434877210855484031E+00    0.838211815857369397E-01   -0.138480341434478760E+01    0.239114087820053101E+01   -0.508895158767700195E+00   -0.130102336406707764E+01    0.525969837999343937E+00
    0.272625460990202845E-22    0.180738093260410039E+03    0.166392559459278317E+03    0.154316496190468194E+00    0.562669671502374555E-01   -0.275841015558290392E+01    0.229484295800278959E+01   -0.358338490428290690E+00   -0.644819171179807249E+00    0.365745789167603197E+00
    0.480784515301314998E-61    0.359205089991668729E+03    0.162924233973026276E+03   -0.771461665630340659E-01    0.142261457399680630E+00   -0.204082489013671875E+01    0.251868802309036255E+01   -0.668019890785217285E+00   -0.472272455692291260E+00    0.545743330264091497E+00
    0.298529255608625546E-59    0.350947852099334739E+03    0.170029282271862030E+03    0.706759452819824274E-01    0.120257517040600781E+00   -0.204399847984313965E+01    0.257958018779754639E+01   -0.781217336654663086E+00   -0.642347395420074463E+00    0.420514214944839482E+00
    0.519581628112918747E-79    0.441942943839792974E+03    0.165301566421985626E+03    0.726821720600128174E-01    0.692762850847779138E-01   -0.182449936866760254E+01    0.298369848728179932E+01   -0.570646047592163086E+00   -0.129840195178985596E+00    0.519205492472648689E+00
    0.380260846620787697E-76    0.428751766223260574E+03    0.173154804199426280E+03    0.272138416540491646E+00    0.988718547807207609E-01   -0.296593300444911279E+01    0.261115243767862149E+01   -0.101651834379796324E+01   -0.713557703913155983E+00    0.364053680890815301E+00
    0.119623470768281563E-51    0.315935528352678091E+03    0.172106824815273285E+03    0.415312123298645086E+00    0.103080350140822119E+00   -0.162342166900634766E+01    0.238972359895706177E+01   -0.554571211338043213E+00   -0.568218290805816650E+00    0.473934888696670553E+00
    0.129615650614160384E-69    0.398668142757676264E+03    0.167704912885248973E+03    0.183256690206290290E+00    0.100349394782573376E+00   -0.197052856408590804E+01    0.232254866335453469E+01   -0.915076779696256892E+00   -0.880958265762448178E-01    0.437576829780512933E+00
    0.569257121220311570E-92    0.501627539681090468E+03    0.163752682507038116E+03    0.291317617893218972E+00    0.124323539471924677E+00   -0.212575399875640869E+01    0.227882963418960571E+01   -0.128466081619262695E+01   -0.193144798278808594E+00    0.266616372728347761E+00
    0.170991117841168694E-91    0.499427810699083523E+03    0.156494726836681366E+03   -0.430732905864715590E-01    0.510872612236490872E-01   -0.204616212844848633E+01    0.247460937500000000E+01   -0.118795520067214966E+01   -0.205950200557708740E+00    0.154380948829650894E+00
    0.321160460966281321E-73    0.415274088823442298E+03    0.164611011147499084E+03    0.446780884265899680E+00    0.807200878169551800E-01   -0.244220280647277832E+01    0.296768087148666382E+01   -0.942309737205505371E+00   -0.685586750507354736E+00    0.244726116085052486E+00
    0.395434080228302376E-45    0.285913237171443086E+03    0.164411529019909949E+03    0.331762872309051327E+00    0.831435682285064509E-01   -0.147672569599516623E+01    0.273091814022492718E+01   -0.451686559940460697E+00   -0.181638315358865210E+00    0.471472435907629023E-01
    0.505791161808948066E-44    0.280815787462260062E+03    0.165249292985227157E+03    0.311126626352958957E+00    0.118077618537353393E+00   -0.144597381678486769E+01    0.235118974313485385E+01   -0.824405047026248727E+00   -0.860464054909118037E+00    0.107939555700884218E+00
    0.163234276330901017E-47    0.296893172846986261E+03    0.164786351575365842E+03    0.345675893697221737E+00    0.116436731526025322E+00   -0.128977017613146883E+01    0.235745373587932594E+01   -0.733830571851743052E+00   -0.510493111704525493E+00    0.198354344048052966E+00
    0.547237026465045042E-61    0.358946164286163935E+03    0.164413706064224243E+03    0.195959657430648831E+00    0.104765085584460044E+00   -0.617923378944396973E+00    0.234667932987213135E+01   -0.558889567852020264E+00   -0.255546033382415771E+00    0.134082624006271356E+00
    0.424785829353057605E-22    0.179851120869364649E+03    0.160682840049266815E+03    0.140034651756286627E+00    0.104216692143953821E+00   -0.182344794273376465E+01    0.256073355674743652E+01   -0.132967114448547363E+00   -0.510943651199340820E+00    0.159422691750526424E+00
    0.746426602095429788E-47    0.293852951162149736E+03    0.171751568019390106E+03    0.802277922630310891E-02    0.787510851660923189E-01   -0.249412429332733154E+01    0.247466570138931274E+01   -0.908779084682464600E+00   -0.946247398853302002E+00    0.199892560029029859E+00
    0.597789958673341439E-62    0.363374619625687785E+03    0.173443368673324585E+03   -0.633233368396759061E-01    0.329315209974367640E-01   -0.178775560855865479E+01    0.289044690132141113E+01   -0.259488344192504883E+00   -0.935202956199645996E+00    0.710536216020584144E-01
    0.942062331263256755E-32    0.224309850068281577E+03    0.174598775366277664E+03   -0.116305966070873457E-01    0.135153744633043638E+00   -0.102295677019935405E+01    0.267871621433816642E+01   -0.347313225647780222E+00   -0.787052928399761598E+00    0.221855389817097931E+00
    0.348455352919249650E-09    0.120380058453761336E+03    0.168801955251058388E+03    0.543700543719270735E-02    0.120277356063405366E+00   -0.246390011579200507E+01    0.264039563408262090E+01   -0.308865090372067996E+00   -0.935623732156662946E-01    0.147936827086268291E+00
    0.441497099781034742E-56    0.336349734512888801E+03    0.168780903816223145E+03   -0.929250657558441245E-01    0.133772657794348687E+00   -0.478306889533996582E+00    0.296804118156433105E+01   -0.278273105621337891E+00   -0.110133719444274902E+01    0.727011993885040286E-01
    0.391546969728299051E-75    0.424088099984687005E+03    0.171385710844530990E+03    0.410989573879530279E+00    0.165343996389181680E+00   -0.157696924327083354E+01    0.298267682577069415E+01   -0.775308077708626531E+00   -0.959132672782784024E+00    0.153904887494766052E+00
    0.633010954374481713E-18    0.160632634892394719E+03    0.162904820144176483E+03    0.215998452901840249E+00    0.133846494564237278E+00   -0.257482981681823730E+01    0.215945136547088623E+01   -0.398406565189361572E+00   -0.368201494216918945E+00    0.238110694313049320E+00
    0.110781604020750893E-56    0.339114955951238301E+03    0.169217236613287753E+03    0.268802884429903688E-01    0.146806817346631868E+00   -0.967231897081716419E+00    0.228527618308896985E+01   -0.632666063210320928E+00   -0.959854412260288115E+00    0.312593053442060287E+00
    0.692194330213696901E-23    0.183479727796897436E+03    0.168528331497828532E+03   -0.587757877362027198E-01    0.109694889115552544E+00   -0.151454684819289076E+01    0.253765070549074068E+01   -0.391568140691337163E+00   -0.250427469558998084E-01    0.133339027670562382E+00
    0.167255447709488613E-62    0.365922053989373580E+03    0.163646998131501192E+03    0.693989785123903802E-01    0.151577681882500148E+00   -0.131875294816625077E+01    0.209202172035366063E+01   -0.601059055270019460E+00   -0.319990829403018928E+00    0.309950806382582877E+00
    0.231562980026247033E-54    0.328430033265980512E+03    0.155328325115527434E+03    0.455731339082726672E+00    0.865521282405415510E-01   -0.165319525476037299E+01    0.264310316980439142E+01   -0.821842088361033341E+00   -0.316589091528862721E+00    0.530527494728263230E-01
    0.383194879767572837E-83    0.460972585068123806E+03    0.171332308719224670E+03    0.223741752839910962E+00    0.106933651963576903E+00   -0.109672483475515792E+01    0.288395636950996881E+01   -0.643808272873273246E+00   -0.827192906681233797E+00    0.238492038122286670E+00
    0.177349948073563990E-39    0.259885934476253624E+03    0.155266557037830353E+03    0.364074629545211859E+00    0.164665511875795451E+00   -0.407268047332763672E+00    0.242602646350860596E+01   -0.463370561599731445E+00   -0.430872380733489990E+00    0.236322108078002940E+00
    0.285268058266446707E-89    0.489193834965426845E+03    0.164520899355411530E+03    0.389088308811187833E+00    0.124409145595448606E+00    0.345100164413452148E-01    0.213273209333419800E+01   -0.431713700294494629E+00   -0.113082039356231689E+01    0.262576393675804154E+00
    0.137283417524849567E-63    0.370922173656850987E+03    0.163784631935118909E+03   -0.384546531197567723E-01    0.133908740472269611E+00   -0.278990539021670259E+00    0.224503918541169201E+01   -0.410013431145679341E+00   -0.100927460722087203E+01    0.256628146383612865E+00
    0.100173884027622590E-56    0.339316262382445302E+03    0.156980397999286652E+03    0.334670245647430420E-01    0.869053826106454402E-01   -0.115781199932098389E+01    0.299438232183456421E+01   -0.151366353034973145E+00   -0.865153670310974121E+00    0.393108525252342245E+00
    0.803420587241533048E-22    0.178576534397829960E+03    0.152214390635490417E+03    0.145530450344085710E+00    0.143755041609160833E+00   -0.218866753578186035E+01    0.289506775140762329E+01   -0.415561616420745850E+00   -0.308934330940246582E+00    0.505562677717208864E+00
    0.999998808429629849E+00    0.768250388247536478E+02    0.152435213029384613E+03   -0.446425259113311795E-01    0.147250433464815506E+00   -0.235052955150604248E+01    0.290738534927368164E+01   -0.941287279129028320E-01   -0.909728407859802246E-01    0.419483109855651848E+00
    0.154293246104401891E-96    0.522659174880002979E+03    0.171979877650737762E+03   -0.502484738826751709E-01    0.170341498783123824E+00   -0.476385354995727539E-01    0.238123893737792969E+01   -0.562966167926788330E+00   -0.770412683486938477E-01    0.457140110349655182E+00
    0.195313572045243459E-39    0.259692971595536733E+03    0.154841417968273163E+03    0.363756901025772073E+00    0.150054923170413079E+00   -0.851810574531555176E+00    0.239790689945220947E+01   -0.536791741847991943E+00   -0.213594496250152588E+00    0.338128467965126023E+00
    0.310598174897317308E-59    0.350868587903588491E+03    0.171709579825401306E+03    0.262700086832046487E+00    0.177179170699525906E+00   -0.545537710189819336E+00    0.273366737365722656E+01   -0.376033186912536621E+00   -0.753568768501281738E+00    0.478137847995758092E+00
    0.115922602912061715E-48    0.302182870422717770E+03    0.151668873727321625E+03    0.203020095825195285E-01    0.981313792507927385E-01   -0.229168403148651123E+01    0.259700351953506470E+01   -0.764981389045715332E+00   -0.141701477766036987E+01    0.169139651155471804E+00
    0.212823522777372626E-37    0.250310917299683524E+03    0.158696420124834617E+03    0.185702986986082591E+00    0.884740843501077706E-01   -0.276819205640701105E+01    0.267164865560438169E+01   -0.625037059991668809E+00   -0.126031469894956927E+01    0.190583732056895744E+00
    0.363217613110234092E-64    0.373581434623218456E+03    0.156588080525398254E+03    0.344053798913955711E+00    0.801023785946159556E-01   -0.271900713443756104E+01    0.299924558401107788E+01   -0.702993929386138916E+00   -0.125060659646987915E+01    0.268387456583976780E+00
    0.115686413539945273E-11    0.131795652647535320E+03    0.153048110902309418E+03    0.343311929702758811E+00    0.113475147778284921E+00   -0.236814379692077637E+01    0.258598315715789795E+01   -0.513542354106903076E+00   -0.946228623390197754E+00    0.864574213743209835E-01
    0.642285356103699949E-94    0.510596479112755674E+03    0.159861071407794952E+03   -0.937501370906829862E-01    0.135989720779175038E+00   -0.198183166980743408E+01    0.275899547338485718E+01   -0.102813255786895752E+01   -0.155632245540618896E+01    0.300848843336105343E-01
    0.160053586271285511E-14    0.144961912256692813E+03    0.152730044528564406E+03    0.193811403562371448E+00    0.126556744177177855E+00   -0.169816538948054219E+01    0.287340034820384993E+01   -0.257754650165719301E+00   -0.141388428023359491E+01    0.243124845019947355E+00
    0.318513913465206469E-47    0.295556213424201587E+03    0.151445719003677368E+03    0.230041056871414212E+00    0.143344929578742675E+00   -0.219826984405517578E+01    0.277589040994644165E+01   -0.398681044578552246E+00   -0.181802093982696533E+01    0.198241809296607979E+00
    0.396004234860375658E-22    0.179991441280735472E+03    0.167159516273073308E+03    0.144658805955581893E+00    0.911190100597633473E-01   -0.291138697035366656E+01    0.276782187959859272E+01   -0.206129005428599132E+00   -0.140222911080210011E+01    0.338985212720033291E+00
    0.107872672798734320E-36    0.247064770543062821E+03    0.151459131949817873E+03    0.827463452435671654E-01    0.160297547466797419E+00   -0.156881678657326296E+01    0.291535074811115624E+01   -0.634412114969454599E+00   -0.158299536352712078E+01    0.592303575784867073E-01
    0.303812579676493580E-45    0.286440383374917644E+03    0.156873419582843781E+03    0.155818206071853677E+00    0.109014399930484215E+00   -0.183840715885162354E+01    0.249125307798385620E+01   -0.219709038734436035E+00   -0.220081222057342529E+01    0.300944099950790411E+00
    0.112545458428535273E-07    0.113430023871595395E+03    0.164912497433563061E+03   -0.146051258157286340E-01    0.148450641098224617E+00   -0.147314557716931338E+01    0.285967563475275677E+01   -0.988804037494217525E-01   -0.158617986626078222E+01    0.209980319977976252E-02
    0.209263857548516784E-93    0.508234182432427474E+03    0.164677534699440002E+03    0.777138352394104170E-01    0.153254424412362283E+00   -0.218165266513824463E+01    0.247529065608978271E+01   -0.413999319076538086E+00   -0.234658759832382202E+01    0.952449805498123137E-01
    0.227239205760960389E-96    0.521884878389377036E+03    0.158290122151374817E+03    0.178622078895568887E+00    0.109966595098589331E+00   -0.165646862983703613E+01    0.273630028963088989E+01   -0.289152145385742188E+00   -0.287331408262252808E+01    0.161608953881263728E+00
    0.298102743023353030E-59    0.350950711568212682E+03    0.161330268227343993E+03    0.113311605086206690E+00    0.110064787729864569E+00   -0.242283480667096596E+01    0.252182760770410841E+01   -0.387396723758912653E+00   -0.230614680606394185E+01    0.842278634033551132E-01
    0.381402976515394979E-70    0.401114747024104474E+03    0.157952063679695129E+03    0.239393198490142817E+00    0.995541627146626779E-01   -0.376523852348327637E+00    0.276868003606796265E+01   -0.110437631607055664E+00   -0.187239396572113037E+01    0.139221261191368101E+00
    0.613958879276810954E-78    0.437003965598561820E+03    0.171980405449867249E+03    0.344234228134155384E-01    0.684706289053253758E-01   -0.295293796062469482E+01    0.233886766433715820E+01   -0.421979427337646484E+00   -0.220886993408203125E+01    0.173455676507949824E+00
    0.650404384951921699E-46    0.289523186954744233E+03    0.168557831196779603E+03    0.788085829043431718E-01    0.666180622788322685E-01   -0.177517920392347328E+01    0.249244023917393376E+01   -0.708612242322637087E-02   -0.213906037516611347E+01    0.228037619302677880E+00
    0.363255227771482397E-32    0.226215781563175597E+03    0.170205668152090453E+03    0.615784415769109472E-01    0.122250055220841938E+00   -0.237733672384151529E+01    0.242559683659430192E+01   -0.481217978201271102E+00   -0.149789731908776691E+01    0.171772301663765309E+00
    0.101016898187323613E-76    0.431402905511406573E+03    0.163272364200867543E+03    0.160664566043583340E-01    0.554371871578642483E-01   -0.715265947806230873E+00    0.268447741709684484E+01   -0.881976089482012782E-01   -0.179859734092486612E+01    0.229629600789505617E+00
    0.103559526754263020E-18    0.164253317177162501E+03    0.159129328193229298E+03    0.136678294225323932E+00    0.131798234678674825E+00   -0.184212434866003161E+01    0.291278467362622351E+01   -0.193861197820311304E+00   -0.185566320247981764E+01    0.201535162033511739E+00
    0.746711029469463285E-92    0.501084847572712135E+03    0.158183671481646684E+03    0.153925302143936765E+00    0.130811031446009252E+00   -0.191071245864040584E+01    0.277227690030072083E+01   -0.803220524914138423E+00   -0.147201179245794189E+01    0.413431096751107563E+00
    0.997427574430561875E-07    0.109066379223410721E+03    0.156131181716918945E+03    0.166335242986679094E+00    0.156403830006278388E+00   -0.179728925228118896E+01    0.282811731100082397E+01   -0.158006072044372559E+00   -0.116036403179168701E+01    0.270656010603904706E+00
    0.721244224156774998E-64    0.372209483283436214E+03    0.162494951784610748E+03    0.508921855688095115E+00    0.124939194838293119E+00   -0.791103243827819824E+00    0.295853912830352783E+01   -0.162190675735473633E+00   -0.210387665033340454E+01    0.413745775294303897E+00
    0.186318372180239562E-56    0.338075163637209585E+03    0.150053969025611877E+03    0.664730906486511175E-01    0.962572257118325114E-01   -0.254170417785644531E+01    0.221265655755996704E+01   -0.869060218334197998E+00   -0.115774637460708618E+01    0.318245082592964190E+00
    0.880370407289941245E-33    0.229050477664610156E+03    0.155441323220729828E+03   -0.344659090042113980E-02    0.155657824048538868E+00   -0.151087653636932373E+01    0.216522842645645142E+01   -0.225398004055023193E+00   -0.218205356597900391E+01    0.827482475280761770E-01
    0.557318501823479438E-55    0.331278633442797400E+03    0.159193863822789808E+03   -0.441258439084583620E-01    0.128212431071597799E+00   -0.218128758093504693E+01    0.221039914467390730E+01   -0.319208597636561731E+00   -0.203215119504544450E+01    0.233257474572584750E+00
    0.434793078829215504E-48    0.299538975452875604E+03    0.154279409945011139E+03    0.219605845212936440E+00    0.141872176449534343E+00   -0.166939115524291992E+01    0.230138438940048218E+01   -0.645784378051757812E+00   -0.181776130199432373E+01    0.158370945453643802E+00
    0.726176228872453628E-61    0.358380342895125182E+03    0.152809629142284393E+03    0.103031933307647705E+00    0.144985805675523660E+00   -0.451702952384948730E+00    0.241583585739135742E+01   -0.587357282638549805E+00   -0.205081593990325928E+01    0.154903973150253310E+00
    0.243629201265508388E-61    0.360564633539882209E+03    0.150742029385126102E+03    0.144018719548047652E+00    0.713778269660104853E-01   -0.251085146220229127E+01    0.233860729047407956E+01   -0.264506968135141296E+00   -0.247249518138599456E+01    0.154881211003691927E+00
    0.261561403940163625E-78    0.438710483366160588E+03    0.164398009963081250E+03    0.976194418362957839E-01    0.127350128562106729E+00   -0.267316527163993456E+01    0.217015529688871700E+01   -0.305602088041057485E+00   -0.189140832534199532E+01    0.278976980938215657E+00
    0.664381107662613833E-87    0.478292641296241413E+03    0.158601082613998841E+03   -0.318332714101036279E-01    0.155957995329295634E+00   -0.249815674066781845E+01    0.232909684061819444E+01   -0.637274532011325334E+00   -0.164569252452211545E+01    0.107098058273889796E+00
