    0.299252940714359283E+03    0.494830608367919922E+00    0.391436517238616943E+01    0.556218555521965086E+00   -0.235369624106182101E+03   -0.485202009141426682E+01    1
    0.289665612578392029E+03    0.710868775844573975E+00    0.358856916427612305E+01    0.399893034338951125E+00   -0.205825271707929630E+03   -0.485983259141427482E+01    1
    0.282098537683486938E+03    0.813546061515808105E+00    0.361395597457885742E+01    0.338001618361473077E+00   -0.201230347806770112E+03   -0.486764509141427837E+01    1
    0.214884082973003387E+03    0.693317651748657227E+00    0.403800070285797119E+01    0.431142526316642793E+00   -0.198434848121670882E+03   -0.487545759141427837E+01    1
    0.194850516319274902E+03    0.483321249485015869E+00    0.446262776851654053E+01    0.440076928067207329E+00   -0.197101490952814004E+03   -0.488327009141427215E+01    1
    0.254583968222141266E+03    0.674565792083740234E+00    0.391900539398193359E+01    0.331153548002243059E+00   -0.195531465596386965E+03   -0.489108259141427038E+01    1
    0.209451282024383545E+03   -0.144727772474288940E+01    0.473685383796691895E+01    0.431009706115722646E+00   -0.188550471969031577E+03   -0.489889509141427659E+01    1
    0.303534068167209625E+03    0.195546865463256836E+00    0.310391485691070557E+01    0.490120154356956494E+00   -0.186166669430170657E+03   -0.490670759141427038E+01    1
    0.192590647935867310E+03    0.883223235607147217E+00    0.423136413097381592E+01    0.189646981000900272E+00   -0.173628789469617971E+03   -0.491452009141427393E+01    1
    0.148310180008411407E+03   -0.809545159339904785E+00    0.456778466701507568E+01    0.527243895220756542E+00   -0.169200044913485556E+03   -0.492233259141426949E+01    1
    0.204064789414405823E+03   -0.635315299034118652E+00    0.463771581649780273E+01    0.271560095500946064E+00   -0.168185207341406908E+03   -0.493014509141426949E+01    1
    0.345929305255413055E+03    0.415662527084350586E-01    0.286090910434722900E+01    0.350438884234428427E+00   -0.166716887727649635E+03   -0.493795759141427482E+01    1
    0.249979366362094879E+03   -0.176583886146545410E+01    0.406800210475921631E+01    0.298941322803497334E+00   -0.160512257857726922E+03   -0.494577009141427482E+01    1
    0.346764612197875977E+03   -0.674247741699218750E-01    0.228216409683227539E+01    0.403450657367706300E+00   -0.151390797324818010E+03   -0.495358259141427215E+01    1
    0.318309070169925690E+03   -0.699851036071777344E+00    0.256301164627075195E+01    0.405038256239891092E+00   -0.149433770682516325E+03   -0.496139509141427393E+01    1
    0.251731278002262115E+03   -0.103341788053512573E+01    0.340747177600860596E+01    0.344586334204673772E+00   -0.148701162378234415E+03   -0.496920759141427215E+01    1
    0.149349576234817505E+03   -0.717883527278900146E+00    0.393261313438415527E+01    0.523907218408584563E+00   -0.147763823286255558E+03   -0.497702009141426860E+01    1
    0.251964160799980164E+03   -0.104772067070007324E+01    0.273590743541717529E+01    0.523895277214050270E+00   -0.147239647845485422E+03   -0.498483259141426771E+01    1
    0.334318505227565765E+03    0.862719893455505371E+00    0.144457638263702393E+01    0.344713081455230719E+00   -0.141039453731547979E+03   -0.499264509141426949E+01    1
    0.253354483842849731E+03   -0.132449084520339966E+01    0.347156286239624023E+01    0.259255786299705526E+00   -0.139398658067284970E+03   -0.500045759141427038E+01    1
    0.238495783507823944E+03   -0.992922782897949219E-01    0.399277389049530029E+01    0.686277849912643456E-01   -0.139164696380354201E+03   -0.500827009141427038E+01    1
    0.184703062474727631E+03   -0.123495727777481079E+01    0.438230812549591064E+01    0.177644101667404186E+00   -0.137130295053954882E+03   -0.501608259141426771E+01    1
    0.342678789794445038E+03   -0.101669269800186157E+01    0.284800767898559570E+01    0.105670325732231146E+00   -0.126725423808579251E+03   -0.502389509141427126E+01    1
    0.160399150848388672E+03   -0.999983429908752441E+00    0.358663320541381836E+01    0.359955402159690852E+00   -0.121915509004051287E+03   -0.503170759141427926E+01    1
    0.165851947665214539E+03   -0.103532528877258301E+01    0.324502527713775635E+01    0.440808343291282656E+00   -0.121890908701492393E+03   -0.503952009141427748E+01    1
    0.187099951505661011E+03   -0.183267450332641602E+01    0.265960395336151123E+01    0.553575662112236078E+00   -0.120735495172765681E+03   -0.504733259141427748E+01    1
    0.265540108084678650E+03    0.680938363075256348E+00    0.247224092483520508E+01    0.952996712207794250E-01   -0.120535859331132571E+03   -0.505514509141427215E+01    1
    0.231056328117847443E+03   -0.763472497463226318E+00    0.299042940139770508E+01    0.237119370460510265E+00   -0.118658314387682097E+03   -0.506295759141426593E+01    1
    0.184732258319854736E+03    0.292967379093170166E+00    0.379017651081085205E+01    0.387783127784728995E-01   -0.117391316425556653E+03   -0.507077009141427304E+01    1
    0.309179635345935822E+03   -0.176100963354110718E+01    0.292992413043975830E+01    0.426650351285934454E-01   -0.111448561774661741E+03   -0.507858259141427304E+01    1
    0.343731395900249481E+03    0.446379184722900391E+00    0.301253199577331543E+00    0.532640462207794263E+00   -0.111421695870944887E+03   -0.508639509141426860E+01    1
    0.184807440638542175E+03   -0.197531545162200928E+01    0.290153324604034424E+01    0.401756986570358299E+00   -0.110927020580788351E+03   -0.509420759141426771E+01    1
    0.340911227464675903E+03   -0.907011806964874268E+00    0.994227528572082520E+00    0.422139377403259297E+00   -0.105659455879251439E+03   -0.510202009141427126E+01    1
    0.318268233537673950E+03   -0.958755373954772949E+00    0.136471569538116455E+01    0.345152005648612981E+00   -0.103625725330731569E+03   -0.510983259141427748E+01    1
    0.236415663361549377E+03   -0.112515854835510254E+01    0.196592688560485840E+01    0.385711978769302355E+00   -0.103273229424535145E+03   -0.511764509141427038E+01    1
    0.287512549757957458E+03   -0.848244607448577881E+00    0.198097407817840576E+01    0.223888185739517215E+00   -0.102137741144161737E+03   -0.512545759141426505E+01    1
    0.143928469717502594E+03    0.711362123489379883E+00    0.234721302986145020E+01    0.330757305049896255E+00   -0.996527014352841150E+02   -0.513327009141426593E+01    1
    0.193659977614879608E+03   -0.161502933502197266E+01    0.186616837978363037E+01    0.539040908360481241E+00   -0.989429965007542478E+02   -0.514108259141427038E+01    1
    0.152071388065814972E+03   -0.102014309167861938E+01    0.322724759578704834E+01    0.254545872116088867E+00   -0.972254732092624465E+02   -0.514889509141427304E+01    1
    0.266808444261550903E+03   -0.149443703889846802E+01    0.235779881477355957E+01    0.130005763721466078E+00   -0.953853813301884372E+02   -0.515670759141427038E+01    1
    0.283100356161594391E+03    0.145952641963958740E+00    0.222978770732879639E+01    0.952688970565795934E-02   -0.953680492203974524E+02   -0.516452009141426771E+01    1
    0.148508542776107788E+03   -0.992337524890899658E+00    0.287431478500366211E+01    0.321878344559669516E+00   -0.925358232977927173E+02   -0.517233259141426593E+01    1
    0.158513034880161285E+03   -0.181857573986053467E+01    0.382261931896209717E+01    0.450410940170288127E-01   -0.923568234256918288E+02   -0.518014509141426593E+01    1
    0.248601046204566956E+03   -0.151083928346633911E+01    0.115839838981628418E+01    0.482648412466049226E+00   -0.914507479114630542E+02   -0.518795759141426949E+01    1
    0.166453902423381805E+03   -0.169883406162261963E+01    0.334341824054718018E+01    0.117413808202743539E+00   -0.895587791736765269E+02   -0.519577009141427038E+01    1
    0.269510903954505920E+03    0.354690551757812500E+00    0.164973139762878418E+00    0.528911909508705147E+00   -0.890681397535325488E+02   -0.520358259141426593E+01    1
    0.286192286014556885E+03   -0.187844532728195190E+01    0.181463479995727539E+01    0.190799067449569704E+00   -0.887375872188101198E+02   -0.521139509141426771E+01    1
    0.127998991310596466E+03   -0.190142560005187988E+01    0.426002204418182373E+01    0.251008003234863275E-01   -0.885075698026098365E+02   -0.521920759141426860E+01    1
    0.315358452498912811E+03    0.505239009857177734E+00    0.903194546699523926E+00    0.163855809044837958E+00   -0.884837801369979218E+02   -0.522702009141426593E+01    1
    0.172530460357666016E+03    0.389511704444885254E+00    0.141462981700897217E+01    0.456354277396202102E+00   -0.871368215660005774E+02   -0.523483259141426860E+01    1
    0.170454779267311096E+03    0.851292788982391357E+00    0.932247042655944824E+00    0.383657752132415764E+00   -0.825776474144938106E+02   -0.524264509141427393E+01    1
    0.236436718702316284E+03   -0.778353214263916016E+00    0.966634750366210938E+00    0.400144822955131541E+00   -0.801396008361363812E+02   -0.525045759141427482E+01    1
    0.289794211089611053E+03   -0.373421370983123779E+00    0.249379873275756836E-01    0.451785132837295544E+00   -0.755339702405310334E+02   -0.525827009141427659E+01    1
    0.173096768558025360E+03    0.467616915702819824E+00    0.553585290908813477E+00    0.531750433802604672E+00   -0.746342844207178757E+02   -0.526608259141428015E+01    1
    0.234635816514492035E+03   -0.142505043745040894E+01    0.976019501686096191E+00    0.370047690367698690E+00   -0.741391784864370749E+02   -0.527389509141427659E+01    1
    0.191089831292629242E+03    0.990242838859558105E+00    0.189995765686035156E+00    0.305591612863540640E+00   -0.699552486166865890E+02   -0.528170759141427126E+01    1
    0.185387052595615387E+03   -0.667017757892608643E+00    0.155088841915130615E+01    0.228080909729003911E+00   -0.672721730695293019E+02   -0.528952009141427393E+01    1
    0.210625325143337250E+03    0.571359932422637939E+00   -0.564771890640258789E-01    0.404128473687171974E+00   -0.640329684722467363E+02   -0.529733259141427126E+01    1
    0.180353739857673645E+03    0.224246144294738770E+00    0.127238929271697998E+01    0.192019150471687328E+00   -0.634673272858487181E+02   -0.530514509141426416E+01    1
    0.210600206255912781E+03   -0.449279785156250000E+00    0.673264861106872559E+00    0.333824588513374321E+00   -0.628935720202178175E+02   -0.531295759141427038E+01    1
    0.276826642453670502E+03    0.277164340019226074E+00    0.872455835342407227E+00    0.392592358589172359E-02   -0.623544867021382458E+02   -0.532077009141427038E+01    1
    0.275355061888694763E+03   -0.852156162261962891E+00    0.105935692787170410E+01    0.512381304502487200E-01   -0.620613559292204968E+02   -0.532858259141426416E+01    1
    0.196176399290561676E+03   -0.570239365100860596E+00    0.810378789901733398E+00    0.302532347059249862E+00   -0.592671898392110990E+02   -0.533639509141427304E+01    1
    0.258921864628791809E+03    0.897809088230133057E+00   -0.919882059097290039E+00    0.283207980179786711E+00   -0.571073171442514251E+02   -0.534420759141427837E+01    1
    0.156332921981811523E+03    0.772443711757659912E+00    0.843881368637084961E+00    0.148239319539070130E+00   -0.556307982278875599E+02   -0.535202009141427126E+01    1
    0.311007480323314667E+03   -0.697330832481384277E+00   -0.520704984664916992E+00    0.299550289607048048E+00   -0.543287666912800091E+02   -0.535983259141427126E+01    1
    0.175336198508739471E+03   -0.288242638111114502E+00    0.556029081344604492E+00    0.356153018760681173E+00   -0.542949097569027757E+02   -0.536764509141427837E+01    1
    0.285269324481487274E+03    0.583582222461700439E+00   -0.288847684860229492E+00    0.114047994875907902E+00   -0.535053553248065370E+02   -0.537545759141427215E+01    1
    0.185573922097682953E+03   -0.788888752460479736E+00    0.137714207172393799E+01    0.978564856767654423E-01   -0.534951530711857117E+02   -0.538327009141427126E+01    1
    0.262989836931228638E+03    0.254334986209869385E+00   -0.147442877292633057E+01    0.567428607773780791E+00   -0.520540876205669463E+02   -0.539108259141427482E+01    1
    0.308788743615150452E+03   -0.128495150804519653E+01   -0.118309199810028076E+01    0.485956771588325509E+00   -0.515606284042377325E+02   -0.539889509141427748E+01    1
    0.215721750259399414E+03   -0.133694005012512207E+01   -0.268982052803039551E+00    0.477573438906669645E+00   -0.509830470678839376E+02   -0.540670759141427926E+01    1
    0.214315655827522278E+03   -0.142280828952789307E+01    0.178599357604980469E-01    0.401768654823303262E+00   -0.508059379520887191E+02   -0.541452009141427926E+01    1
    0.307066081464290619E+03   -0.127036654949188232E+01   -0.433887839317321777E+00    0.259457319545745857E+00   -0.502381009401890282E+02   -0.542233259141428015E+01    1
    0.151915471255779266E+03   -0.119657182693481445E+01    0.727231502532958984E+00    0.363701661944389354E+00   -0.473745096108794286E+02   -0.543014509141427837E+01    1
    0.246005915105342865E+03    0.848750948905944824E+00   -0.135262012481689453E+01    0.318495438265800512E+00   -0.472759869239806108E+02   -0.543795759141427748E+01    1
    0.188975660502910614E+03   -0.137733966112136841E+01    0.782680511474609375E-01    0.370177235269546545E+00   -0.448473287641900598E+02   -0.544577009141427748E+01    1
    0.260606077313423157E+03   -0.141762071847915649E+01   -0.303713083267211914E+00    0.232644117808341988E+00   -0.428537455149652899E+02   -0.545358259141427038E+01    1
    0.224378177523612976E+03    0.403063833713531494E+00   -0.423200726509094238E+00    0.201088828897476202E+00   -0.417877585665211342E+02   -0.546139509141426327E+01    1
    0.256229020655155182E+03   -0.197365391254425049E+01    0.457521080970764160E+00    0.374951802492141731E-01   -0.415965727443549227E+02   -0.546920759141426149E+01    1
    0.177990311384201050E+03   -0.538053929805755615E+00   -0.630041956901550293E+00    0.490287842845916755E+00   -0.405593378095742096E+02   -0.547702009141426238E+01    1
    0.257035480439662933E+03    0.167410671710968018E+00   -0.761472582817077637E+00    0.202616073560714732E+00   -0.397347729056720311E+02   -0.548483259141427393E+01    1
    0.304175665974617004E+03   -0.197950309514999390E+01   -0.182146191596984863E+01    0.517282721328735318E+00   -0.388824467770244411E+02   -0.549264509141427659E+01    1
    0.286289717257022858E+03    0.116709947586059570E+00   -0.962302088737487793E+00    0.179306725358963026E+00   -0.387304209654396772E+02   -0.550045759141427482E+01    1
    0.172736386954784393E+03   -0.418756783008575439E+00   -0.416243076324462891E+00    0.405239243602752708E+00   -0.380893049129985926E+02   -0.550827009141427482E+01    1
    0.242990589141845703E+03   -0.118091773986816406E+01   -0.124794423580169678E+01    0.456375566840171831E+00   -0.379501424417676532E+02   -0.551608259141426771E+01    1
    0.337038560211658478E+03    0.829187631607055664E+00   -0.205607175827026367E+01    0.127138546442985528E+00   -0.362749089538261273E+02   -0.552389509141426327E+01    1
    0.219282127916812897E+03    0.471400797367095947E+00   -0.161737501621246338E+01    0.434368627667427065E+00   -0.358704777948790579E+02   -0.553170759141427304E+01    1
    0.274277886748313904E+03   -0.150019913911819458E+01   -0.109274148941040039E+01    0.301105135488510145E+00   -0.355568834768297393E+02   -0.553952009141427837E+01    1
    0.335811489820480347E+03   -0.192535877227783203E+00   -0.162279427051544189E+01    0.230437248587608334E+00   -0.353420453002815833E+02   -0.554733259141427215E+01    1
    0.329909785091876984E+03    0.739494740962982178E+00   -0.240239441394805908E+01    0.231324922871589678E+00   -0.338444316247377799E+02   -0.555514509141427126E+01    1
    0.237555213272571564E+03   -0.125937342643737793E+01    0.153553485870361328E-01    0.291232087612152100E-01   -0.332410286187153403E+02   -0.556295759141427038E+01    1
    0.186333389580249786E+03    0.598870992660522461E+00   -0.278297066688537598E+00    0.487992949962616010E-01   -0.331067368793258652E+02   -0.557077009141426682E+01    1
    0.177431634068489075E+03    0.591985940933227539E+00   -0.525854825973510742E+00    0.143722170352935802E+00   -0.324414037929018377E+02   -0.557858259141426949E+01    1
    0.254507552087306976E+03   -0.154448956251144409E+01   -0.569626092910766602E+00    0.140085906028747570E+00   -0.317791825932868051E+02   -0.558639509141427038E+01    1
    0.317743687331676483E+03   -0.169203162193298340E+00   -0.177663505077362061E+01    0.231101997828483591E+00   -0.310775540404776649E+02   -0.559420759141427038E+01    1
    0.191736015677452087E+03   -0.165865725278854370E+01   -0.396039485931396484E+00    0.269124978876113918E+00   -0.307840641939887050E+02   -0.560202009141427748E+01    1
    0.133461149036884308E+03   -0.953080356121063232E+00   -0.303468704223632812E+00    0.440627007722854624E+00   -0.303255036754342697E+02   -0.560983259141427482E+01    1
    0.235523614287376404E+03   -0.114728552103042603E+01   -0.576993227005004883E+00    0.141386029171943678E+00   -0.302876955181531358E+02   -0.561764509141427304E+01    1
    0.340295673906803131E+03    0.928085505962371826E+00   -0.300949871540069580E+01    0.209886213970184338E+00   -0.291629310922529115E+02   -0.562545759141427126E+01    1
    0.226050508022308350E+03   -0.191951370239257812E+01   -0.448948144912719727E+00    0.124952045488357547E+00   -0.276863180145138017E+02   -0.563327009141427126E+01    1
    0.348419991135597229E+03    0.663328588008880615E+00   -0.303868234157562256E+01    0.286946085834503206E+00   -0.275057265639131856E+02   -0.564108259141427304E+01    1
    0.339138488471508026E+03   -0.174103826284408569E+01   -0.168740034103393555E+01    0.187971324348449709E+00   -0.274752769660773666E+02   -0.564889509141427038E+01    1
    0.247706167399883270E+03    0.199441432952880859E+00   -0.256538927555084229E+01    0.508265618276596109E+00   -0.273039962491158619E+02   -0.565670759141426860E+01    1
    0.138272508978843689E+03   -0.130486565828323364E+01   -0.115305185317993164E-01    0.273318453454971300E+00   -0.265615693207237697E+02   -0.566452009141426682E+01    1
    0.222613324224948883E+03   -0.136207771301269531E+01   -0.192075192928314209E+01    0.504162657952308635E+00   -0.264970474046627942E+02   -0.567233259141426682E+01    1
    0.242647950351238251E+03   -0.133469557762145996E+01   -0.198615610599517822E+01    0.449184340667724613E+00   -0.260362704306597621E+02   -0.568014509141426771E+01    1
    0.167109581828117371E+03   -0.536066591739654541E+00   -0.476619005203247070E+00    0.216967239975929260E+00   -0.257963087403158013E+02   -0.568795759141426771E+01    1
    0.255883136391639709E+03   -0.427946746349334717E+00   -0.178526401519775391E+01    0.281522190570831332E+00   -0.252041911622760750E+02   -0.569577009141426771E+01    1
    0.317254774272441864E+03   -0.166233491897583008E+01   -0.305144786834716797E+01    0.559729642009735073E+00   -0.251164798562608809E+02   -0.570358259141427038E+01    1
    0.223200942575931549E+03   -0.627201616764068604E+00   -0.475124120712280273E+00    0.603736560344696107E-02   -0.247791311145021318E+02   -0.571139509141427126E+01    1
    0.145892289280891418E+03    0.835478305816650391E-03   -0.474688410758972168E+00    0.234729800963401791E+00   -0.245813941906118387E+02   -0.571920759141427038E+01    1
    0.330265499651432037E+03   -0.194584155082702637E+01   -0.207193255424499512E+01    0.251065866851806652E+00   -0.241268787769912976E+02   -0.572702009141427482E+01    1
    0.193763819336891174E+03   -0.177407431602478027E+01   -0.827165246009826660E+00    0.240370548319816607E+00   -0.235145806001040896E+02   -0.573483259141427482E+01    1
    0.141972951591014862E+03   -0.168415594100952148E+01   -0.505436062812805176E+00    0.346529030084610001E+00   -0.232368151050100664E+02   -0.574264509141427038E+01    1
    0.133816246688365936E+03   -0.944782495498657227E+00   -0.383684039115905762E+00    0.302531528234481817E+00   -0.229949799290830583E+02   -0.575045759141426860E+01    1
    0.278525365889072418E+03    0.288196980953216553E+00   -0.332953631877899170E+01    0.514785305786132796E+00   -0.221558615605475566E+02   -0.575827009141427304E+01    1
    0.349412073194980621E+03   -0.138405734300613403E+01   -0.183482050895690918E+01    0.759610772609710660E-01   -0.219301543836214563E+02   -0.576608259141427304E+01    1
    0.309259162843227386E+03    0.812873899936676025E+00   -0.366017758846282959E+01    0.342153025817871104E+00   -0.218937538482994611E+02   -0.577389509141427215E+01    1
    0.187943010032176971E+03   -0.443136453628540039E+00   -0.180124521255493164E+01    0.409452779388427723E+00   -0.215276071147364831E+02   -0.578170759141427126E+01    1
    0.185841593146324158E+03   -0.188394117355346680E+01   -0.107997536659240723E+01    0.291051912045478811E+00   -0.215263506080498601E+02   -0.578952009141427215E+01    1
    0.161877182126045227E+03   -0.170956397056579590E+01   -0.760673880577087402E+00    0.287232538032531737E+00   -0.213631116637888070E+02   -0.579733259141427038E+01    1
    0.152717424929141998E+03   -0.171999830007553101E+01   -0.107049942016601562E-02    0.985446737766265957E-01   -0.210964189836900324E+02   -0.580514509141426771E+01    1
    0.309178227186203003E+03   -0.112767124176025391E+01   -0.340805709362030029E+01    0.554605811905860890E+00   -0.210476918192263334E+02   -0.581295759141427393E+01    1
    0.202552962303161621E+03   -0.156185668706893921E+01   -0.163573324680328369E+01    0.370896265769004807E+00   -0.208816712610721069E+02   -0.582077009141427482E+01    1
    0.132383893430233002E+03    0.692331850528717041E+00   -0.509061813354492188E+00    0.439254452705383283E-01   -0.207941823405714104E+02   -0.582858259141427570E+01    1
    0.210843053460121155E+03   -0.114203929901123047E+00   -0.196011543273925781E+01    0.339265133213996872E+00   -0.206413955044878534E+02   -0.583639509141427126E+01    1
    0.297391688823699951E+03   -0.172735774517059326E+01   -0.166859149932861328E+01    0.118714067816734312E+00   -0.206185302272263158E+02   -0.584420759141426860E+01    1
    0.221397358179092407E+03   -0.190446794033050537E+01   -0.118336141109466553E+01    0.186201809906959531E+00   -0.204159608374635866E+02   -0.585202009141427393E+01    1
    0.304064595699310303E+03   -0.513125658035278320E+00   -0.188696444034576416E+01    0.828249441146850646E-01   -0.202688125192049924E+02   -0.585983259141427748E+01    1
    0.130095352232456207E+03    0.732440352439880371E+00   -0.152410924434661865E+01    0.320996402049064655E+00   -0.202235660740589012E+02   -0.586764509141427215E+01    1
    0.139306795597076416E+03    0.636200726032257080E+00   -0.465127229690551758E+00    0.869967198371887195E-03   -0.200038104310649061E+02   -0.587545759141427215E+01    1
    0.244500270485877991E+03   -0.187748348712921143E+01   -0.183471679687500000E+01    0.275311336469650281E+00   -0.193738621111565621E+02   -0.588327009141427304E+01    1
    0.291720184683799744E+03   -0.520494937896728516E+00   -0.280161440372467041E+01    0.350594904470443725E+00   -0.192532086852301063E+02   -0.589108259141427215E+01    1
    0.284087918698787689E+03   -0.686721622943878174E+00   -0.209200084209442139E+01    0.170061101961135858E+00   -0.189849587253442458E+02   -0.589889509141427570E+01    1
    0.155503877997398376E+03    0.360984086990356445E+00   -0.182013809680938721E+01    0.394795133686065669E+00   -0.189485668727848484E+02   -0.590670759141427304E+01    1
    0.306257489323616028E+03    0.129699707031250000E+00   -0.273724496364593506E+01    0.215957219624519359E+00   -0.186269205579140333E+02   -0.591452009141427748E+01    1
    0.137984640896320343E+03   -0.155814075469970703E+01   -0.621123909950256348E+00    0.275294823503494268E+00   -0.185384676906111210E+02   -0.592233259141427659E+01    1
    0.338725401461124420E+03    0.752361834049224854E+00   -0.450423598289489746E+01    0.460990838527679470E+00   -0.184776514238279645E+02   -0.593014509141427659E+01    1
    0.215932504832744598E+03   -0.100384777784347534E+01   -0.186342120170593262E+01    0.294348807621002184E+00   -0.182818092989848680E+02   -0.593795759141427748E+01    1
    0.198420523107051849E+03   -0.793279170989990234E+00   -0.161855340003967285E+01    0.265784446763992321E+00   -0.181799091698065993E+02   -0.594577009141426949E+01    1
    0.169931936264038086E+03    0.129081726074218750E+00   -0.246889650821685791E+01    0.531801439762115469E+00   -0.179513430556511793E+02   -0.595358259141426593E+01    1
    0.253724843263626099E+03   -0.876918315887451172E+00   -0.256363749504089355E+01    0.359856017303466835E+00   -0.177607181724248520E+02   -0.596139509141426860E+01    1
    0.185730294883251190E+03   -0.131601202487945557E+01   -0.224932372570037842E+01    0.494627921175956720E+00   -0.174757641041905671E+02   -0.596920759141426593E+01    1
    0.307774120573167579E+03    0.339685912084590313E+00   -0.254640204804106052E+01    0.909832141076370449E-01   -0.171794801801973236E+02   -0.597702009141426682E+01    1
    0.137322403490543365E+03    0.128830492496490479E+00   -0.122909545898437500E+01    0.290254206132888826E+00   -0.170689836499060839E+02   -0.598483259141427570E+01    1
    0.239240780472755432E+03    0.777775228023529053E+00   -0.401049196720123291E+01    0.496149468183517461E+00   -0.165699204083489171E+02   -0.599264509141427126E+01    1
    0.303899176201581326E+03    0.291062397437950260E+00   -0.276669289969936649E+01    0.150329594488151558E+00   -0.164821579990882228E+02   -0.600045759141427215E+01    1
    0.340840604901313782E+03    0.575102686882019043E+00   -0.406253755092620850E+01    0.353187133097648653E+00   -0.163390594667722162E+02   -0.600827009141427126E+01    1
    0.289259231090545654E+03   -0.411978662014007568E+00   -0.288606286048889160E+01    0.275710138249397274E+00   -0.156473717459515651E+02   -0.601608259141427038E+01    1
    0.167148111760616302E+03   -0.168459975719451904E+01   -0.885421633720397949E+00    0.133824557733535771E+00   -0.151471911218621393E+02   -0.602389509141427926E+01    1
    0.226792310045973238E+03   -0.555011380263775944E+00   -0.333548761997274212E+01    0.558584376477677558E+00   -0.149530649029921463E+02   -0.603170759141427570E+01    1
    0.334929338097572327E+03   -0.104040521383285522E+01   -0.392245233058929443E+01    0.479496141815185573E+00   -0.149328709519880967E+02   -0.603952009141427215E+01    1
    0.342930461466312408E+03    0.411484181880950928E+00   -0.434832990169525146E+01    0.453323875164985679E+00   -0.149255032910899654E+02   -0.604733259141427837E+01    1
    0.285640252278760386E+03    0.770955594640406972E+00   -0.392765757840547147E+01    0.305787680784757154E+00   -0.149231300288552546E+02   -0.605514509141427748E+01    1
    0.220696362853050232E+03    0.948727607727050781E+00   -0.449605584144592285E+01    0.547711239123344407E+00   -0.147818217056342327E+02   -0.606295759141427126E+01    1
    0.201245224475860596E+03    0.578020572662353516E+00   -0.236289978027343750E+01    0.173455676507949824E+00   -0.144701941235246139E+02   -0.607077009141427482E+01    1
    0.275330613553524017E+03    0.840737044811248779E+00   -0.459367632865905762E+01    0.459830325007438701E+00   -0.143399627231933540E+02   -0.607858259141427482E+01    1
    0.321604137122631073E+03   -0.138009786605834961E-01   -0.428684115409851074E+01    0.516452774190902741E+00   -0.141749973307562804E+02   -0.608639509141426860E+01    1
    0.146244776753518636E+03   -0.141754467012250007E+01   -0.741152104619536622E+00    0.132187815476294823E+00   -0.140838047342405890E+02   -0.609420759141427393E+01    1
    0.190666110299914465E+03   -0.438002634103358934E+00   -0.277439494659629959E+01    0.476164329201407666E+00   -0.139590570312397126E+02   -0.610202009141427393E+01    1
    0.224133667349815369E+03   -0.152193039655685425E+01   -0.229041516780853271E+01    0.289596348667144787E+00   -0.137868313802587110E+02   -0.610983259141426860E+01    1
    0.311580252647399902E+03   -0.153060555458068848E-01   -0.399480164051055908E+01    0.429928140950202931E+00   -0.134517779108712698E+02   -0.611764509141427482E+01    1
    0.256262145936489105E+03   -0.177906054258346558E+01   -0.314915478229522705E+01    0.434829898953437821E+00   -0.131899247292916222E+02   -0.612545759141427215E+01    1
    0.168652769304413937E+03    0.518808096579102429E+00   -0.212768616640699237E+01    0.203786134773410565E+00   -0.130811949211872154E+02   -0.613327009141427215E+01    1
    0.335138295590877533E+03    0.441492915153503418E+00   -0.458088040351867676E+01    0.458112737703323392E+00   -0.130124711092175325E+02   -0.614108259141427126E+01    1
    0.329701055586338043E+03   -0.109415256977081299E+01   -0.245995640754699707E+01    0.245224029779434229E-01   -0.129740776042797297E+02   -0.614889509141426327E+01    1
    0.212339815343424391E+03   -0.299947782145499886E-01   -0.267283611197495752E+01    0.308113771925207336E+00   -0.128767104036510460E+02   -0.615670759141427038E+01    1
    0.244356729175359305E+03   -0.400342372851711037E+00   -0.347439239843985659E+01    0.468576315693561896E+00   -0.128500211908286879E+02   -0.616452009141426771E+01    1
    0.166688635945320129E+03    0.351289868354797363E+00   -0.215037465095520020E+01    0.264398074078559864E+00   -0.128079497923577144E+02   -0.617233259141426593E+01    1
    0.182083469629287720E+03    0.357845187187194824E+00   -0.315821349620819092E+01    0.456177445363998402E+00   -0.120400300520927068E+02   -0.618014509141427659E+01    1
    0.321264851093292236E+03    0.466291546821594238E+00   -0.314436376094818115E+01    0.296225895166397114E-01   -0.116403554690590738E+02   -0.618795759141427215E+01    1
    0.169677166640758514E+03   -0.165610986948013306E+01   -0.167072236537933350E+01    0.227618921971321109E+00   -0.114628418842368980E+02   -0.619577009141426949E+01    1
    0.252018448710441589E+03    0.364786386489868164E-02   -0.406003057956695557E+01    0.529146843981742832E+00   -0.114051480173968329E+02   -0.620358259141426771E+01    1
    0.153051480650901794E+03    0.912798523902893066E+00   -0.318336009979248047E+01    0.306533363699913020E+00   -0.114012888369746754E+02   -0.621139509141426327E+01    1
    0.267090697060730690E+03    0.141754172396107769E+00   -0.370694955694471417E+01    0.362677477075514731E+00   -0.113218012046798044E+02   -0.621920759141426949E+01    1
    0.173101489245891571E+03   -0.154396545886993408E+01   -0.116417348384857178E+01    0.481771587610244773E-01   -0.112000702783445476E+02   -0.622702009141427304E+01    1
    0.274512647092342377E+03    0.628530323505401611E+00   -0.393319606781005859E+01    0.266973550915718061E+00   -0.111712210399804075E+02   -0.623483259141427393E+01    1
    0.224754357337951660E+03   -0.183825796842575073E+01   -0.325003981590270996E+01    0.486457789993286149E+00   -0.110905983021754260E+02   -0.624264509141427482E+01    1
    0.174652774641421161E+03    0.185269044596154231E+00   -0.226146801662779628E+01    0.217273287281148642E+00   -0.109506485477400357E+02   -0.625045759141427126E+01    1
    0.317757111787796021E+03   -0.188358461856842041E+01   -0.347476422786712646E+01    0.300861944532394399E+00   -0.108500977611645411E+02   -0.625827009141426860E+01    1
    0.280536863954659680E+03   -0.964061446674723488E+00   -0.306064418890372814E+01    0.213324718626653004E+00   -0.106690926541966640E+02   -0.626608259141427304E+01    1
    0.323820620775222778E+03   -0.151184421777725220E+01   -0.434633135795593262E+01    0.505408329248428378E+00   -0.105862310335022798E+02   -0.627389509141427126E+01    1
    0.175085795518730464E+03   -0.244878054219429320E+00   -0.213431910764393828E+01    0.213463199926831548E+00   -0.105643114054511287E+02   -0.628170759141427304E+01    1
    0.209587511420249939E+03   -0.583336949348449707E-01   -0.235492467880249023E+01    0.142331874132156366E+00   -0.104703718871806437E+02   -0.628952009141427304E+01    1
    0.322774854302406311E+03   -0.186920762062072754E+00   -0.301769673824310303E+01    0.477739899158477824E-01   -0.103971797132322958E+02   -0.629733259141426682E+01    1
    0.255736838017732396E+03   -0.159048808259299124E+01   -0.289124843620644523E+01    0.249568123017767346E+00   -0.102814077455244028E+02   -0.630514509141426771E+01    1
    0.245377681288997564E+03   -0.286588628108133348E+00   -0.237869039753842104E+01    0.459641107057827750E-01   -0.101111091765079486E+02   -0.631295759141427393E+01    1
    0.242020997405052185E+03    0.181063294410705566E+00   -0.335590600967407227E+01    0.280300231075286899E+00   -0.100900578931113358E+02   -0.632077009141427393E+01    1
    0.294457610441444615E+03   -0.162200055793507003E+01   -0.417264361236711157E+01    0.508912442679662957E+00   -0.100185871425673181E+02   -0.632858259141427215E+01    1
    0.283132267522405357E+03   -0.125039146202530560E+01   -0.257848948939006473E+01    0.611676047042594637E-01   -0.995649723748349125E+01   -0.633639509141427126E+01    1
    0.282609806954860687E+03    0.441906332969665527E+00   -0.304324924945831299E+01    0.312344801902771016E-01   -0.991959561725007433E+01   -0.634420759141426949E+01    1
    0.209746928402602236E+03    0.446589744379948250E+00   -0.370742650333933943E+01    0.424313524247861951E+00   -0.991936161935610983E+01   -0.635202009141426949E+01    1
    0.210961084067821503E+03   -0.192743855714797974E+01   -0.194626629352569580E+01    0.109761310744285592E+00   -0.979217457223014875E+01   -0.635983259141426771E+01    1
    0.230480231814983796E+03    0.820675089475742414E+00   -0.403387063360476805E+01    0.252094129514604470E+00   -0.970888789092339444E+01   -0.636764509141426682E+01    1
    0.294781228899955750E+03   -0.776798427104949951E+00   -0.272966206073760986E+01    0.353769829273223868E-01   -0.957690210171678658E+01   -0.637545759141426593E+01    1
    0.312197710573673248E+03   -0.122350817918777466E+01   -0.378302156925201416E+01    0.301596942114830013E+00   -0.930196236341334526E+01   -0.638327009141426771E+01    1
    0.143798971947804318E+03   -0.179914842807559761E+01   -0.195738631764565163E+01    0.340132953217780976E+00   -0.922508235259957843E+01   -0.639108259141427304E+01    1
    0.234776097545232801E+03    0.350388197193419071E+00   -0.421921352120122606E+01    0.480361468493156030E+00   -0.910823752909930029E+01   -0.639889509141427215E+01    1
    0.175574713945388794E+03   -0.525510489940643311E+00   -0.230151414871215820E+01    0.216313613104820252E+00   -0.904758007726008984E+01   -0.640670759141427126E+01    1
    0.287326260992398375E+03   -0.433753059987416645E+00   -0.291157737773322456E+01    0.579942221440340119E-01   -0.899688260964103392E+01   -0.641452009141427126E+01    1
    0.295982201397418976E+03   -0.102343595027923584E+01   -0.374363780021667480E+01    0.297231650805473313E+00   -0.874479387920645124E+01   -0.642233259141426949E+01    1
    0.312177152293414395E+03   -0.930775036213635554E+00   -0.342684819520950423E+01    0.156967748749197805E+00   -0.865916353898830771E+01   -0.643014509141427215E+01    1
    0.326156878471374512E+03   -0.105381768941879272E+01   -0.413325250148773193E+01    0.334397902321815488E+00   -0.860382155837694285E+01   -0.643795759141427748E+01    1
    0.236701464542845940E+03    0.178415249654219732E+00   -0.375025239069165917E+01    0.339774350700034034E+00   -0.852097808335336993E+01   -0.644577009141427570E+01    1
    0.327308873832225800E+03   -0.195897936820983887E+00   -0.319956243038177490E+01    0.984223959445953457E-02   -0.847056448643544257E+01   -0.645358259141426771E+01    1
    0.139374611070207095E+03   -0.122412867385138990E+01   -0.243043566115570941E+01    0.431923002868656036E+00   -0.842521351995914358E+01   -0.646139509141426860E+01    1
    0.256856144005912995E+03   -0.123877954907787324E+01   -0.388775774721292189E+01    0.420143990367925602E+00   -0.817601772616856515E+01   -0.646920759141426949E+01    1
    0.165930372840674920E+03    0.468219538323196183E+00   -0.320995973718563476E+01    0.347084403030018140E+00   -0.807890495459146862E+01   -0.647702009141426327E+01    1
    0.198503117490947602E+03    0.342982768909689817E+00   -0.297922145363385082E+01    0.192734106567665736E+00   -0.798122621246221886E+01   -0.648483259141426416E+01    1
    0.255183482170104980E+03   -0.166809988021850586E+01   -0.268194794654846191E+01    0.954970079898834201E-01   -0.797884846906623402E+01   -0.649264509141426593E+01    1
    0.224864582717418671E+03    0.823709845542907715E+00   -0.409127712249755859E+01    0.183305114936828606E+00   -0.785811041828654488E+01   -0.650045759141426771E+01    1
    0.216060602577868480E+03   -0.253260164954712819E+00   -0.344468275550768954E+01    0.330996630244214163E+00   -0.772300326654803193E+01   -0.650827009141426682E+01    1
    0.185338222980499268E+03   -0.676647961139678955E+00   -0.215521812438964844E+01    0.783017219781875634E-01   -0.767861246887788784E+01   -0.651608259141426682E+01    1
    0.226247640162688697E+03    0.639417881677850630E-02   -0.301315049511916522E+01    0.145853642766193753E+00   -0.767188823149388188E+01   -0.652389509141426860E+01    1
    0.147820287942886353E+03   -0.805183887481689453E+00   -0.137169778347015381E+01    0.180323296308517456E-01   -0.766448125103875988E+01   -0.653170759141427215E+01    1
    0.309951441012691021E+03   -0.142206960237016466E+01   -0.361738364382502686E+01    0.187168396675405579E+00   -0.749529378752136122E+01   -0.653952009141427570E+01    1
    0.148360350728034973E+03    0.259562969207763672E+00   -0.366691052913665771E+01    0.568897545289993256E+00   -0.734625505152945824E+01   -0.654733259141427926E+01    1
    0.213370861113071442E+03    0.348511993885040283E+00   -0.321447193622589111E+01    0.174252870655059816E+00   -0.728369716137453072E+01   -0.655514509141427837E+01    1
    0.178659011843085040E+03   -0.152943164720388403E+01   -0.307838579020434233E+01    0.398799055372333844E+00   -0.725603427290614000E+01   -0.656295759141427215E+01    1
    0.317829625308513641E+03   -0.157334208488464355E-01   -0.374810934066772461E+01    0.103311359810829173E+00   -0.723086951900107078E+01   -0.657077009141427215E+01    1
    0.272373732924461365E+03   -0.105665349960327148E+01   -0.406279981136322021E+01    0.367819156408309922E+00   -0.721938280629570528E+01   -0.657858259141427482E+01    1
    0.298228216171264648E+03    0.502649962902069092E+00   -0.402969419956207275E+01    0.120343017339706426E+00   -0.721930321273988085E+01   -0.658639509141427038E+01    1
    0.271039655804634094E+03    0.370879828929901123E+00   -0.423071146011352539E+01    0.286913059902191181E+00   -0.719287586192438333E+01   -0.659420759141426860E+01    1
    0.200910773329762947E+03   -0.156754918221334361E+00   -0.278606709370388739E+01    0.153596420295944613E+00   -0.714696364253113536E+01   -0.660202009141426860E+01    1
    0.205494137398019745E+03   -0.522746124200462736E+00   -0.265175306608940708E+01    0.124343738949799471E+00   -0.713205330889507305E+01   -0.660983259141427215E+01    1
    0.141609632968902588E+03   -0.986450254917144775E+00   -0.140717446804046631E+01    0.394639420509338423E-01   -0.711340156042261551E+01   -0.661764509141427659E+01    1
    0.257064220309257507E+03   -0.169231057167053223E+01   -0.264418721199035645E+01    0.327693331003189106E-01   -0.705365095425582300E+01   -0.662545759141427837E+01    1
    0.140910877287387848E+03   -0.477226257324218750E+00   -0.173133969306945801E+01    0.100754067707061773E+00   -0.704516146851905045E+01   -0.663327009141427837E+01    1
    0.136777392029762268E+03   -0.205115795135498047E+00   -0.474276661872863770E+01    0.224444747757911678E+00   -0.702102054004086362E+01   -0.664108259141427570E+01    1
    0.262778492271900177E+03   -0.199471336603164673E+01   -0.311692118644714355E+01    0.161484697222709667E+00   -0.697208274750409451E+01   -0.664889509141427126E+01    1
    0.191955004632472992E+03   -0.723237395286560059E+00   -0.477451205253601074E+01    0.439664206266403221E-01   -0.697153647112521124E+01   -0.665670759141426949E+01    1
    0.191686297399569582E+03   -0.175696476297591508E+01   -0.486560941224982813E+01    0.137100490832555127E+00   -0.690255669986398157E+01   -0.666452009141427482E+01    1
    0.259889176487922668E+03    0.242750167846679688E+00   -0.310835540294647217E+01    0.237674124240875272E-02   -0.690106579415059951E+01   -0.667233259141427837E+01    1
    0.329428006708621979E+03   -0.135392898321151733E+01   -0.328661561012268066E+01    0.195786802053451552E-01   -0.685586339285778568E+01   -0.668014509141427837E+01    1
    0.274056826923985000E+03   -0.134257307440128493E+01   -0.300732891173814698E+01    0.578197538006846035E-01   -0.680993407230100445E+01   -0.668795759141427659E+01    1
    0.193550288677215576E+03    0.986185014247894287E+00   -0.441762864589691162E+01    0.123734111881256104E+00   -0.680843597327486094E+01   -0.669577009141427304E+01    1
    0.180244989693164825E+03   -0.106234103441238403E+01   -0.334912359714508057E+01    0.417887152147293106E+00   -0.680178398478507429E+01   -0.670358259141426682E+01    1
    0.188436120748519897E+03   -0.130969166755676270E+01   -0.273754894733428955E+01    0.228670156502723709E+00   -0.677622356412956517E+01   -0.671139509141426149E+01    1
    0.248218482732772827E+03   -0.853790521621704102E+00   -0.393030047416687012E+01    0.360351372170448325E+00   -0.675048727081658839E+01   -0.671920759141426238E+01    1
    0.152560706554047272E+03    0.955596989961462029E+00   -0.396123373005119728E+01    0.179683571169092504E+00   -0.670205399326834605E+01   -0.672702009141426149E+01    1
    0.233237759112917530E+03   -0.265658489760812966E+00   -0.318130184101837576E+01    0.136488519398516306E+00   -0.656819837602242984E+01   -0.673483259141427038E+01    1
    0.129079157114028931E+03   -0.119964510202407837E+01   -0.257929623126983643E+01    0.427482993721961968E+00   -0.655621829726860295E+01   -0.674264509141428192E+01    1
    0.297053810954093933E+03   -0.976055979728698730E+00   -0.398179113864898682E+01    0.239467282247543350E+00   -0.641763989619249209E+01   -0.675045759141427837E+01    1
    0.136641336977481842E+03   -0.141770511865615845E+01   -0.449564039707183838E+01    0.270639770579338079E+00   -0.639357312768083474E+01   -0.675827009141426771E+01    1
    0.225520559550210805E+03   -0.175814454588924596E+01   -0.382569111962598374E+01    0.421679480882121038E+00   -0.632303987258056033E+01   -0.676608259141426949E+01    1
    0.345768144726753235E+03   -0.267052650451660156E+00   -0.383772790431976318E+01    0.494834230899810837E-01   -0.629015380925445022E+01   -0.677389509141427126E+01    1
    0.145160518656188430E+03   -0.178718171803279136E+01   -0.281184060797011037E+01    0.421335243185167185E+00   -0.616562158977188446E+01   -0.678170759141426238E+01    1
    0.149791309237480164E+03    0.726521253585815430E+00   -0.495513737201690674E+01    0.184153792691230778E+00   -0.614405529277834717E+01   -0.678952009141426061E+01    1
    0.128886601328849792E+03    0.861599445343017578E+00   -0.399823367595672607E+01    0.342099802207946779E+00   -0.609010936143456849E+01   -0.679733259141426327E+01    1
    0.235412582148113017E+03   -0.469804973467225828E+00   -0.308736606918389755E+01    0.876233583247526815E-01   -0.609008729599985799E+01   -0.680514509141427482E+01    1
    0.208469401976904237E+03    0.625440671326122022E+00   -0.425687298264014480E+01    0.290872487852373407E+00   -0.608355734235127521E+01   -0.681295759141427570E+01    1
    0.263162410259246826E+03    0.279692411422729492E-01   -0.370931267738342285E+01    0.145159241938591005E+00   -0.607003136731421211E+01   -0.682077009141426860E+01    1
    0.133765697102483301E+03   -0.284991691926589574E+00   -0.312291922758111529E+01    0.470488049340150427E+00   -0.606563087497858699E+01   -0.682858259141427482E+01    1
    0.168759570330546836E+03    0.886741825010835427E+00   -0.376205338486184360E+01    0.470917529912721344E-01   -0.604538372755585485E+01   -0.683639509141427926E+01    1
    0.140421184273696753E+03   -0.400341746766842199E+00   -0.498706824919323211E+01    0.353181825453959042E+00   -0.603283226643563619E+01   -0.684420759141426682E+01    1
    0.135553553256557450E+03   -0.172430714812747543E+01   -0.277748759418913593E+01    0.441652277122743075E+00   -0.596292596776820982E+01   -0.685202009141426238E+01    1
    0.208140208064955800E+03   -0.112356981239381803E+01   -0.296965204433267971E+01    0.171597605683342980E+00   -0.592630018951411941E+01   -0.685983259141427304E+01    1
    0.318705512706522882E+03   -0.401499371826247842E+00   -0.384042124301901522E+01    0.830948528173543338E-01   -0.592175719889360952E+01   -0.686764509141426860E+01    1
    0.264605693519115448E+03   -0.182689756155014038E+01   -0.356148183345794678E+01    0.208274289178848271E+00   -0.589301877439653055E+01   -0.687545759141427038E+01    1
    0.303187798012190115E+03    0.274810183633157123E+00   -0.397494744991483984E+01    0.745537811411384199E-01   -0.587662517744320834E+01   -0.688327009141427482E+01    1
    0.302488180994987488E+03   -0.188144940137863159E+01   -0.330179274082183838E+01    0.454155698776245106E-01   -0.586925803332704543E+01   -0.689108259141427215E+01    1
    0.191904842015011980E+03   -0.301831918561403123E+00   -0.309401480515652239E+01    0.198301626500903161E+00   -0.580262215182808827E+01   -0.689889509141426771E+01    1
    0.329276042518680413E+03   -0.188548873231800251E+01   -0.402156774698791075E+01    0.186902008177869422E+00   -0.578806701020214742E+01   -0.690670759141425794E+01    1
    0.264377236366271973E+03   -0.758976221084594727E+00   -0.365611135959625244E+01    0.168376950001716624E+00   -0.576808422848037772E+01   -0.691452009141426860E+01    1
    0.212370612618307462E+03   -0.194801664625287452E+01   -0.302027469737176668E+01    0.202643704902588789E+00   -0.572988105515566826E+01   -0.692233259141427748E+01    1
    0.348752705752849579E+03   -0.944387853145599365E+00   -0.414302945137023926E+01    0.134828846311569217E+00   -0.571678044514134687E+01   -0.693014509141427659E+01    1
    0.258497861027717590E+03   -0.131942772865295410E+01   -0.441454112529754639E+01    0.429352131843566909E+00   -0.571130329471280618E+01   -0.693795759141427570E+01    1
    0.224775903966483185E+03    0.912437727706616464E-01   -0.405199971164258699E+01    0.319010164769411186E+00   -0.569320072892017404E+01   -0.694577009141427482E+01    1
    0.204063354739946647E+03    0.289342478256080504E+00   -0.326970417160664262E+01    0.129798012365703930E+00   -0.568679562290687990E+01   -0.695358259141427304E+01    1
    0.276902725868438210E+03   -0.266650674609723026E+00   -0.440977613829722159E+01    0.311395950243802844E+00   -0.568114309482339586E+01   -0.696139509141427038E+01    1
    0.194858073431225222E+03    0.720103430983114912E+00   -0.394077651951145302E+01    0.138774978246018227E+00   -0.567740031713235993E+01   -0.696920759141427393E+01    1
    0.343884722902407418E+03   -0.137396315477660558E+01   -0.406013121420593937E+01    0.138989661854237473E+00   -0.565527279481345246E+01   -0.697702009141427038E+01    1
    0.242506329715251923E+03   -0.593948662281036377E+00   -0.385120213031768799E+01    0.264885445404052733E+00   -0.563180929510988459E+01   -0.698483259141426505E+01    1
    0.136835514305246562E+03   -0.177820662258869855E+01   -0.463402042926026780E+01    0.385163675500432678E+00   -0.560697432551248021E+01   -0.699264509141427038E+01    1
    0.133706852793693542E+03    0.815336346626281738E+00   -0.383716881275177002E+01    0.332093490600585961E-01   -0.559343257726684495E+01   -0.700045759141427126E+01    1
    0.277058627426923294E+03    0.208222109010554490E+00   -0.400412692948891902E+01    0.133125551628224537E+00   -0.558410264803026379E+01   -0.700827009141426593E+01    1
    0.260966975462323035E+03   -0.169238512182000367E+01   -0.361227897937945297E+01    0.202292112873161012E+00   -0.555307828920222235E+01   -0.701608259141426682E+01    1
    0.189339573069240885E+03    0.701960651891262444E-01   -0.271092120141411419E+01    0.361125452411249423E-01   -0.554626004197465416E+01   -0.702389509141426949E+01    1
    0.186489748954772949E+03   -0.139641284942626953E+00   -0.283049464225769043E+01    0.103895795989036560E+00   -0.554571801245571017E+01   -0.703170759141427393E+01    1
    0.302381240528272201E+03   -0.179502609343928032E+00   -0.437731666537980413E+01    0.225708658551738328E+00   -0.553131034220646089E+01   -0.703952009141427126E+01    1
    0.126760298767074559E+03   -0.482087549228003454E+00   -0.311640795788403935E+01    0.480681265291057258E+00   -0.550051214116796849E+01   -0.704733259141426593E+01    1
    0.197904264926910400E+03   -0.100372135639190674E+00   -0.338347852230072021E+01    0.224641948056221008E+00   -0.546198902156030819E+01   -0.705514509141426505E+01    1
    0.197009056060584896E+03   -0.227348884879973845E+00   -0.314413627917378058E+01    0.165427120904240776E+00   -0.543297495735676428E+01   -0.706295759141427038E+01    1
    0.260751238465309143E+03   -0.367305040359497070E+00   -0.407623350620269775E+01    0.245730302309989934E+00   -0.540229279245422855E+01   -0.707077009141427748E+01    1
    0.195900614559650421E+03    0.452427387237548828E+00   -0.462301254272460938E+01    0.481409632945060728E+00   -0.538562314307857548E+01   -0.707858259141427659E+01    1
    0.265236125304732695E+03   -0.192620875889693433E+01   -0.376641263329372444E+01    0.228381901405689008E+00   -0.532905536272278368E+01   -0.708639509141427038E+01    1
    0.336881518470642163E+03   -0.564983290246602321E+00   -0.481687680662297169E+01    0.283677002557479574E+00   -0.526848882562134690E+01   -0.709420759141427215E+01    1
    0.291673293577933237E+03    0.385375905938830421E+00   -0.465474504465534267E+01    0.233583843807986136E+00   -0.524990211448569433E+01   -0.710202009141427038E+01    1
    0.226421672786040062E+03   -0.121895643693172873E+01   -0.281127647335304554E+01    0.228491391573532876E-01   -0.524843128023532124E+01   -0.710983259141426949E+01    1
    0.158739576686117402E+03   -0.229506857015371324E+00   -0.405965709608353365E+01    0.558170152783717843E+00   -0.522079831178960596E+01   -0.711764509141427482E+01    1
    0.340069149455397678E+03   -0.107103536971852265E+01   -0.398528110437840333E+01    0.726028867330791722E-01   -0.520575665586164060E+01   -0.712545759141426949E+01    1
    0.177240504135962738E+03   -0.314960313315093332E+00   -0.485586985479534761E+01    0.206489936167991717E+00   -0.518001687841433167E+01   -0.713327009141426505E+01    1
    0.127392289042472839E+03    0.623948037624359131E+00   -0.267389774322509766E+01    0.757583840131759723E-01   -0.515463000145252437E+01   -0.714108259141426771E+01    1
    0.169001016895873732E+03    0.633024261347635786E+00   -0.346543766419669463E+01    0.873790091642362571E-01   -0.498740609224790887E+01   -0.714889509141426682E+01    1
    0.163520477712154388E+03    0.351837217807769775E+00   -0.426153063774108887E+01    0.496765906763076803E+00   -0.496944460070409821E+01   -0.715670759141426238E+01    1
    0.212943024467883276E+03   -0.130401741871156274E+01   -0.371937898936611955E+01    0.307034328699643755E+00   -0.496152535230022806E+01   -0.716452009141426149E+01    1
    0.271384051442146301E+03    0.377805292606353760E+00   -0.431236684322357178E+01    0.149212390422821056E+00   -0.489948630559902476E+01   -0.717233259141426416E+01    1
    0.135189908726231664E+03   -0.187673200424893949E+01   -0.315284066645093874E+01    0.470491433259826564E+00   -0.483932802081638691E+01   -0.718014509141426682E+01    1
    0.162216222094758137E+03   -0.194268264388225398E+01   -0.298827664478785460E+01    0.299624412022268360E+00   -0.483427528365022585E+01   -0.718795759141426505E+01    1
    0.242568258307296105E+03   -0.103028332973241166E+01   -0.334757113124928463E+01    0.807892566581135813E-01   -0.482016209895466297E+01   -0.719577009141426505E+01    1
    0.220794741211072335E+03   -0.297655252263500536E+00   -0.424485811120107570E+01    0.357509119101737938E+00   -0.482005377515367162E+01   -0.720358259141426771E+01    1
    0.260220118183527461E+03   -0.960967051460538846E+00   -0.337480666173987798E+01    0.358760095443817414E-01   -0.481579753186152804E+01   -0.721139509141426771E+01    1
    0.168050067305733762E+03    0.567395716731140531E-01   -0.444769398296933094E+01    0.563575609254127641E+00   -0.478457419671081752E+01   -0.721920759141426682E+01    1
    0.184273113700522799E+03   -0.763227415394863495E+00   -0.442282609138817051E+01    0.119773975531627649E+00   -0.477340772790744694E+01   -0.722702009141426416E+01    1
    0.287419435848786918E+03   -0.101892129959524835E+01   -0.403328643121462083E+01    0.158963257204044806E+00   -0.477055714644919338E+01   -0.723483259141426949E+01    1
    0.176820755668032859E+03    0.268910341108922868E+00   -0.448118107489897000E+01    0.802519429637698206E-01   -0.476169127017034644E+01   -0.724264509141427215E+01    1
    0.337761052956792696E+03   -0.313594634461514588E+00   -0.421494693970501100E+01    0.525228807182920171E-01   -0.474533259508033467E+01   -0.725045759141426771E+01    1
    0.177579687039831811E+03   -0.184668879872795011E+01   -0.312670927958953992E+01    0.252962728544030457E+00   -0.470326713167882371E+01   -0.725827009141427038E+01    1
    0.279672696951043349E+03   -0.148386133267366049E+01   -0.461642044608053403E+01    0.355282603287871368E+00   -0.469083962624699158E+01   -0.726608259141427482E+01    1
    0.242386488616466522E+03   -0.989528894424438477E+00   -0.484232664108276367E+01    0.883911784172058124E-01   -0.469067241097737675E+01   -0.727389509141427393E+01    1
    0.194507103970411606E+03   -0.127066879578200531E+01   -0.464235025826604275E+01    0.200320017340949896E+00   -0.467940468458730052E+01   -0.728170759141427215E+01    1
    0.178215472278927763E+03   -0.155075907772888577E+01   -0.435855049886284629E+01    0.184272367833417855E+00   -0.467613806797610643E+01   -0.728952009141427304E+01    1
    0.270107041728522745E+03   -0.115315115517840727E+01   -0.489424593747390890E+01    0.457163653379148577E-01   -0.461354302786153880E+01   -0.729733259141427304E+01    1
    0.348737175762653351E+03   -0.111303031444549561E+01   -0.485669851303100586E+01    0.248160267162323006E+00   -0.457415792487883799E+01   -0.730514509141427570E+01    1
    0.202882206869443507E+03   -0.128621599134148035E+01   -0.410938319098791904E+01    0.314493822578190002E-01   -0.456809038433778802E+01   -0.731295759141427038E+01    1
    0.310502591515628637E+03   -0.840182100075570482E+00   -0.484947588066039881E+01    0.297255522780435211E+00   -0.455913433314588534E+01   -0.732077009141426949E+01    1
    0.140107167416306424E+03    0.203635675431373731E+00   -0.280571917057256526E+01    0.158431482678460051E+00   -0.454565277958114500E+01   -0.732858259141427482E+01    1
    0.129670062788162113E+03   -0.155579599324939810E+01   -0.259709971445607835E+01    0.285689124826068841E+00   -0.451400711302404734E+01   -0.733639509141427215E+01    1
    0.188931597880942348E+03    0.486693861691710250E+00   -0.468093333661994926E+01    0.107511257280555897E+00   -0.450312572963437763E+01   -0.734420759141426949E+01    1
    0.221426277297172561E+03   -0.103802818497786919E+01   -0.413947924532917355E+01    0.339353454750380368E+00   -0.449679418468528969E+01   -0.735202009141427038E+01    1
    0.283694103360176086E+03   -0.183027017116546631E+01   -0.401413559913635254E+01    0.174258363604545607E+00   -0.449676726706717744E+01   -0.735983259141427304E+01    1
    0.257269785572124420E+03   -0.157258257252011080E+01   -0.480892814686603209E+01    0.452277626231154084E+00   -0.449108846966795383E+01   -0.736764509141427038E+01    1
    0.152963045172606002E+03   -0.695364018678436002E+00   -0.324953452211607896E+01    0.304562885522459914E+00   -0.444805501886142185E+01   -0.737545759141427038E+01    1
    0.285495828455153116E+03   -0.805656952327511888E+00   -0.495577696439449600E+01    0.285353894455985697E-01   -0.443871955856193789E+01   -0.738327009141427215E+01    1
    0.247342910098205181E+03    0.182795516442561645E+00   -0.442616470433999520E+01    0.232320329233045686E+00   -0.442882925163154173E+01   -0.739108259141427570E+01    1
    0.149207759265684331E+03   -0.137225393270746121E+00   -0.258829034122451507E+01    0.847521979222817107E-01   -0.440658538625465734E+01   -0.739889509141427659E+01    1
    0.179632436029268376E+03   -0.765954864703863647E+00   -0.366226965840465812E+01    0.305114201083611924E+00   -0.440374701073249852E+01   -0.740670759141427570E+01    1
    0.269217283257294298E+03   -0.877712982449176060E+00   -0.398215890438012377E+01    0.133573883735512461E+00   -0.438899369182589627E+01   -0.741452009141427482E+01    1
    0.270144455134868622E+03   -0.745544433593750000E-01   -0.472800970077514648E+01    0.286724320793151854E+00   -0.437670042757700717E+01   -0.742233259141426682E+01    1
    0.151615401912191004E+03    0.421086638338358910E+00   -0.429221484284044053E+01    0.467970037344940193E+00   -0.436366316770595386E+01   -0.743014509141426416E+01    1
    0.259889251969494126E+03   -0.974239900712646545E+00   -0.374841832859532120E+01    0.935595382043242635E-01   -0.434698242048805028E+01   -0.743795759141426238E+01    1
    0.341026376668347325E+03   -0.159021765869253917E+01   -0.494212612343060353E+01    0.279930629067435488E+00   -0.432746582366806187E+01   -0.744577009141426949E+01    1
    0.314329322666755161E+03   -0.157976632129443240E+01   -0.477458051993205679E+01    0.277245156354832989E+00   -0.428817797491251351E+01   -0.745358259141427304E+01    1
    0.158859365557567571E+03    0.454072420132112242E-01   -0.381175357742284326E+01    0.358595492335420263E+00   -0.428191920762890099E+01   -0.746139509141426682E+01    1
    0.270445841550827026E+03   -0.112787258625030518E+01   -0.493426620960235596E+01    0.400498691725730938E+00   -0.427367115057947089E+01   -0.746920759141426505E+01    1
    0.134259001638429964E+03   -0.254776958458021952E+00   -0.373796180265206557E+01    0.484049367689760701E+00   -0.426057486126384077E+01   -0.747702009141426416E+01    1
    0.187734888706758284E+03   -0.156768296024877318E+01   -0.402224540259998076E+01    0.409518586766112691E+00   -0.425424744205215255E+01   -0.748483259141426682E+01    1
    0.300867979228496552E+03   -0.182217615842819214E+01   -0.495919942855834961E+01    0.367266893219947821E+00   -0.424894894719346006E+01   -0.749264509141427215E+01    1
    0.183036740124225616E+03   -0.177219533920288086E+01   -0.432837665081024170E+01    0.221299095940589913E+00   -0.423031517320332728E+01   -0.750045759141427659E+01    1
    0.206812510764857052E+03   -0.251295276779768262E+00   -0.328962124105783005E+01    0.575183349294180885E-01   -0.422993402683012931E+01   -0.750827009141427748E+01    1
    0.135797348589717075E+03    0.249331095954651971E+00   -0.435345550371349965E+01    0.295314425564387806E+00   -0.422720892123890657E+01   -0.751608259141427304E+01    1
    0.194345486290367091E+03   -0.128479916104818059E+01   -0.355687516523321090E+01    0.239183976678147753E+00   -0.422184419382753529E+01   -0.752389509141426505E+01    1
    0.148255198469879929E+03   -0.107858004200739721E+01   -0.400686269246592719E+01    0.241686342985903330E+00   -0.421313281807664364E+01   -0.753170759141426505E+01    1
    0.146786636263028356E+03    0.277072235542524137E+00   -0.322515094711494665E+01    0.190388503799913233E+00   -0.419705802007529272E+01   -0.753952009141426505E+01    1
    0.279883702595814839E+03   -0.382578763640576192E+00   -0.451351067180078402E+01    0.203549931540886381E+00   -0.419601109580801790E+01   -0.754733259141426505E+01    1
    0.346463679419971982E+03   -0.161817723166336958E+01   -0.460604542781569481E+01    0.163006450241884843E+00   -0.419596598046521407E+01   -0.755514509141427393E+01    1
    0.229746666165268550E+03   -0.142801847753559263E+01   -0.477777883159152061E+01    0.192087559510579209E+00   -0.418972504942662116E+01   -0.756295759141428103E+01    1
    0.227143561854385780E+03    0.323134778857066873E+00   -0.429484298544914278E+01    0.193126018459075510E+00   -0.417882768033330176E+01   -0.757077009141427126E+01    1
    0.165114686227408669E+03   -0.207969633009053689E+00   -0.486572482744161938E+01    0.365133197806959631E+00   -0.417499733436806242E+01   -0.757858259141426327E+01    1
    0.150920048989901204E+03   -0.889129190290556926E+00   -0.288315570223466100E+01    0.182546247966895475E+00   -0.417135921749929839E+01   -0.758639509141426505E+01    1
    0.217039756078595389E+03    0.534464846134940608E+00   -0.449748394796477147E+01    0.148796318251877419E+00   -0.416448947483756005E+01   -0.759420759141427126E+01    1
    0.197935070097446442E+03   -0.829560160636901855E-01   -0.466736555099487305E+01    0.462301606392860442E+00   -0.416251562095138361E+01   -0.760202009141427393E+01    1
    0.193766698498203652E+03   -0.173371580640480971E+00   -0.462682393841644313E+01    0.186796314027326771E+00   -0.416206159814487542E+01   -0.760983259141427126E+01    1
    0.168528105672742981E+03    0.908470605967819367E-01   -0.395928991961259902E+01    0.339873527693542898E+00   -0.416176642911608763E+01   -0.761764509141427304E+01    1
    0.256812623379826618E+03   -0.134649417850279485E+01   -0.473573306607430933E+01    0.376662519850367972E+00   -0.414761840848887609E+01   -0.762545759141426949E+01    1
    0.206767900374839030E+03   -0.468460689704100819E+00   -0.341507103591977623E+01    0.950419096775856204E-01   -0.413275237933046036E+01   -0.763327009141426949E+01    1
    0.132139698909316422E+03    0.160773819970603693E+00   -0.403589636238343630E+01    0.245447037618056696E+00   -0.412044770512489578E+01   -0.764108259141427304E+01    1
    0.201361389110865588E+03   -0.932711387840662987E+00   -0.390424712317553446E+01    0.130909886490236382E-01   -0.411585513224789423E+01   -0.764889509141427393E+01    1
    0.143866014480590820E+03    0.283885240554809570E+00   -0.303616583347320557E+01    0.133118491959571844E+00   -0.410846280250591267E+01   -0.765670759141426949E+01    1
    0.265238043195118280E+03   -0.127415060323797569E+01   -0.410603267800906480E+01    0.163528125652337319E+00   -0.410738115516100777E+01   -0.766452009141426771E+01    1
    0.255386685198299830E+03   -0.159539029706907765E+01   -0.459683648374080089E+01    0.928183987809072242E-01   -0.410355214067840457E+01   -0.767233259141426682E+01    1
    0.191954359880366667E+03   -0.149651949731132028E+01   -0.389901596664977390E+01    0.786517932448982660E-01   -0.410220098757650309E+01   -0.768014509141426771E+01    1
    0.236949186996879178E+03   -0.147391958346454843E+01   -0.446656524621344353E+01    0.353092753132748571E+00   -0.410045819126417932E+01   -0.768795759141427126E+01    1
    0.144977147031549407E+03   -0.147205960423944071E+01   -0.300680502305979269E+01    0.266400622147466293E+00   -0.408805864332044600E+01   -0.769577009141427393E+01    1
    0.316646207869052887E+03   -0.547633171081542969E-01   -0.489956915378570557E+01    0.183913228797912609E+00   -0.407175149342952736E+01   -0.770358259141427570E+01    1
    0.190078088641166687E+03   -0.185428023338317871E+01   -0.395629405975341797E+01    0.126948340272903443E+00   -0.406395588838376209E+01   -0.771139509141427304E+01    1
    0.180706557860050395E+03   -0.103307757013300594E+01   -0.356317929910075692E+01    0.239813099928132739E+00   -0.406319551127828760E+01   -0.771920759141427215E+01    1
    0.127294160425662994E+03   -0.654143154621124268E+00   -0.470398366451263428E+01    0.547476884651184048E+00   -0.406058471528810649E+01   -0.772702009141426860E+01    1
    0.237465404283379655E+03   -0.157889297986346966E+01   -0.327685853594915777E+01    0.101022478923336011E-01   -0.405933374818746007E+01   -0.773483259141426682E+01    1
    0.246637417914271651E+03   -0.771969860931727148E+00   -0.392640321600249997E+01    0.127732164360173400E+00   -0.405170486560952625E+01   -0.774264509141426860E+01    1
    0.125983104119043531E+03   -0.518471488595187768E+00   -0.320415580252581123E+01    0.359643904143694015E+00   -0.405028023743155430E+01   -0.775045759141427126E+01    1
    0.206350390861828089E+03    0.214139167933983909E+00   -0.433713112309673399E+01    0.268714579347520688E+00   -0.403321551557640134E+01   -0.775827009141427570E+01    1
    0.205146771157530054E+03   -0.178650884019149547E+01   -0.385859075483623659E+01    0.543457942527972721E-01   -0.402970992313945331E+01   -0.776608259141427570E+01    1
    0.196980495695223851E+03   -0.181277118003163018E+01   -0.344613554450960979E+01    0.195253655635682866E+00   -0.402919521755466903E+01   -0.777389509141427215E+01    1
    0.309969567566345404E+03   -0.166880946671380448E+01   -0.448192687035626047E+01    0.167951554445072121E+00   -0.402260084953148045E+01   -0.778170759141426682E+01    1
    0.138839108689724497E+03    0.409775657889330791E+00   -0.427187364775593714E+01    0.471048424094640039E+00   -0.402204452606437002E+01   -0.778952009141426416E+01    1
    0.254436201532009250E+03   -0.975261057962253153E+00   -0.390794132460274790E+01    0.107050208185019258E+00   -0.401866416303827290E+01   -0.779733259141426682E+01    1
    0.172153596580028534E+03   -0.155356955528259277E+01   -0.435067772865295410E+01    0.301451361894607528E+00   -0.401718090689213359E+01   -0.780514509141427038E+01    1
    0.227058124437952245E+03   -0.131231932619967817E+01   -0.443821108055227320E+01    0.124721839397978512E+00   -0.401610130062594983E+01   -0.781295759141427038E+01    1
    0.194305864991595058E+03   -0.496495729246763773E+00   -0.301781764046523993E+01    0.433096640747663436E-02   -0.401574134641169600E+01   -0.782077009141427304E+01    1
    0.172710709222315330E+03   -0.451478172055158389E+00   -0.480823539198098171E+01    0.360098563396327731E+00   -0.400850494690250869E+01   -0.782858259141427038E+01    1
    0.239596026577821590E+03   -0.183594319818779095E+01   -0.498347094238494659E+01    0.278139354445828046E+00   -0.399221259477659540E+01   -0.783639509141426327E+01    1
    0.279843785924171243E+03   -0.143154729388319502E+01   -0.460790986519810719E+01    0.429815672455510014E-01   -0.398769630672245823E+01   -0.784420759141426505E+01    1
    0.132515829560817167E+03   -0.124226131744042889E+01   -0.260764435816142814E+01    0.180540768125391465E+00   -0.398618985199589737E+01   -0.785202009141426771E+01    1
    0.218261864445599201E+03   -0.199520412418295057E+01   -0.400530341475764828E+01    0.285826586846413544E+00   -0.398045558440125236E+01   -0.785983259141426682E+01    1
    0.218367577501407027E+03   -0.153836897344500723E+01   -0.433425314935627704E+01    0.358362179056523178E+00   -0.397999383834673059E+01   -0.786764509141426416E+01    1
    0.171268952469771534E+03   -0.728677942742410156E+00   -0.469881451276139028E+01    0.360583770400673798E+00   -0.397839109661203860E+01   -0.787545759141426682E+01    1
    0.228614992020358727E+03   -0.149020381781007605E+01   -0.408215437687930205E+01    0.248564465182095934E+00   -0.397654035441793630E+01   -0.788327009141426682E+01    1
    0.180591767505508869E+03   -0.197281992960856778E+01   -0.375235981507458716E+01    0.118167210601214809E+00   -0.397153577120299239E+01   -0.789108259141426682E+01    1
    0.170615089710393562E+03    0.188402232275167947E+00   -0.471472311689619339E+01    0.500026499085487797E+00   -0.397099295956643061E+01   -0.789889509141427570E+01    1
    0.152334467625793621E+03   -0.334511414700422893E+00   -0.438664693312629161E+01    0.545022793818462303E+00   -0.396844950467393476E+01   -0.790670759141427926E+01    1
    0.153781984999234112E+03   -0.129948691050562948E+00   -0.327155770070758756E+01    0.196635042993453552E+00   -0.396243626183755993E+01   -0.791452009141427482E+01    1
    0.162711058523031056E+03    0.102415098621185141E+00   -0.294812708775544152E+01    0.307581180747647405E-01   -0.396143318535364930E+01   -0.792233259141427482E+01    1
    0.217521136247802218E+03    0.109617376004639500E+00   -0.436322558983416364E+01    0.245964260038522647E+00   -0.396137577836607591E+01   -0.793014509141427393E+01    1
    0.246302310247020841E+03   -0.122723947797118571E+01   -0.397384039129190736E+01    0.148498287578353677E+00   -0.394604355762894876E+01   -0.793795759141427215E+01    1
    0.195556584801352301E+03   -0.117888366829729918E+01   -0.458759876669283617E+01    0.276492826941772407E+00   -0.394304585772699445E+01   -0.794577009141427126E+01    1
    0.137432618303156460E+03   -0.663078856519185411E+00   -0.330548203563224785E+01    0.318009793761998005E+00   -0.394295191108776244E+01   -0.795358259141427304E+01    1
    0.131095088718920834E+03    0.461093191202020414E+00   -0.353147989303758258E+01    0.215407040629738866E+00   -0.394120904577284659E+01   -0.796139509141427748E+01    1
    0.144148331243997092E+03   -0.885845635798070408E+00   -0.306188396731433610E+01    0.225766214883316246E+00   -0.393491810397547948E+01   -0.796920759141427482E+01    1
    0.170230857568662458E+03   -0.161374125234919275E+01   -0.344005945269946745E+01    0.671788708801184381E-01   -0.392851928497214686E+01   -0.797702009141426860E+01    1
    0.142345749823105223E+03   -0.579302416808908038E+00   -0.382565911136533821E+01    0.231910631729073557E+00   -0.392417265519625991E+01   -0.798483259141427126E+01    1
    0.236418440017410092E+03   -0.842945387699887139E+00   -0.487242776100098585E+01    0.404335942163828232E+00   -0.392233368731210019E+01   -0.799264509141426949E+01    1
    0.332805978422784392E+03   -0.151274047273455325E+01   -0.482041546042071190E+01    0.674822750760110078E-02   -0.391613208109409827E+01   -0.800045759141426771E+01    1
    0.159217474874072423E+03   -0.443611327043059722E+00   -0.482971349156150431E+01    0.439436230455198640E+00   -0.391392482706204747E+01   -0.800827009141427126E+01    1
    0.169688879045215003E+03   -0.510621619397964688E+00   -0.420109028091147696E+01    0.420217190155512565E+00   -0.391291313953257580E+01   -0.801608259141427482E+01    1
    0.132054785628919888E+03   -0.758340797327563321E+00   -0.448980064734390716E+01    0.494567666127423367E+00   -0.390600043134058339E+01   -0.802389509141427659E+01    1
    0.282166019446252960E+03   -0.118624796987467485E+01   -0.442622399641203756E+01    0.173480770315429078E+00   -0.390498731392340304E+01   -0.803170759141426949E+01    1
    0.153746979857319417E+03   -0.715904487289490854E+00   -0.265151226123720152E+01    0.442546814821253506E-01   -0.390407181374544221E+01   -0.803952009141427126E+01    1
    0.309506078772628143E+03   -0.544202325081584393E+00   -0.493156724254326218E+01    0.212335873187833923E+00   -0.390406896476411402E+01   -0.804733259141426949E+01    1
    0.226666771103347543E+03   -0.155062690982728579E+01   -0.400104418258089645E+01    0.384718053980495564E-01   -0.390189889591014261E+01   -0.805514509141426593E+01    1
    0.174500421876811998E+03    0.266335809158086523E+00   -0.409897628199357378E+01    0.109554491527783585E+00   -0.389603269750118164E+01   -0.806295759141426949E+01    1
    0.210508510251799464E+03   -0.125158512108277353E+01   -0.313109218141009737E+01    0.380812764174050114E-02   -0.389115514399388029E+01   -0.807077009141426949E+01    1
    0.173386705504040435E+03   -0.143308858794005012E+00   -0.368570390804575476E+01    0.221721774031031077E+00   -0.389091352472592256E+01   -0.807858259141426949E+01    1
    0.166052255034446716E+03   -0.567778348922729492E-01   -0.351981580257415771E+01    0.938018360137939447E-02   -0.388008462579925029E+01   -0.808639509141426949E+01    1
    0.251752818554884925E+03   -0.115699639757913708E+01   -0.470912365612346040E+01    0.324917915700801696E+00   -0.387805256521989250E+01   -0.809420759141427482E+01    1
    0.172849360964804447E+03   -0.222671199280657373E+00   -0.487770187082019380E+01    0.389472926844885436E+00   -0.387714712527380989E+01   -0.810202009141427482E+01    1
    0.153077798055555917E+03    0.440348311140897231E+00   -0.384801265473795517E+01    0.173004344948988198E+00   -0.387289376013867948E+01   -0.810983259141427482E+01    1
    0.240754501754734491E+03   -0.101564958825111340E+01   -0.413219315024438139E+01    0.687913159688588721E-02   -0.387169522322121118E+01   -0.811764509141427126E+01    1
    0.144065261349537479E+03    0.437588193462462804E+00   -0.321404974347826666E+01    0.451750307171758861E-01   -0.387080291311744462E+01   -0.812545759141427126E+01    1
    0.242487585329184810E+03   -0.120939879853520349E+01   -0.381977466665322840E+01    0.961648413341425617E-01   -0.386857679127144394E+01   -0.813327009141427659E+01    1
    0.241329439055716790E+03   -0.123214979580879613E+01   -0.444539066287509588E+01    0.277897673780686194E+00   -0.386466863633165669E+01   -0.814108259141426949E+01    1
    0.136044477950673809E+03   -0.173674038643109263E+00   -0.369120493774269454E+01    0.385859321234838626E+00   -0.386126091613481970E+01   -0.814889509141426593E+01    1
    0.202479465570303148E+03   -0.197417262232050894E+01   -0.461068768711673815E+01    0.327898811959895620E+00   -0.385941369980333349E+01   -0.815670759141426238E+01    1
    0.222412519106935349E+03   -0.199766795588952428E+01   -0.385360574333076977E+01    0.200668563551351237E+00   -0.385611526838668883E+01   -0.816452009141426949E+01    1
    0.252909652888774872E+03   -0.138342577219009399E+01   -0.484692573547363281E+01    0.366536160349845874E+00   -0.385526028480672700E+01   -0.817233259141426949E+01    1
    0.200959255679967498E+03   -0.147292610278469249E+01   -0.468199133480228635E+01    0.484179882935223072E+00   -0.385219236992936986E+01   -0.818014509141426061E+01    1
    0.202427311859980932E+03   -0.400464084614009064E+00   -0.335140684982242609E+01    0.337556991835808243E-01   -0.385084213480900717E+01   -0.818795759141426061E+01    1
    0.274712782643666060E+03   -0.104229667287692207E+01   -0.468336918473050012E+01    0.802896391820645539E-01   -0.384902479138870302E+01   -0.819577009141427126E+01    1
    0.159334669424163820E+03   -0.181225346414178445E+01   -0.347588566078514116E+01    0.304407655332846194E+00   -0.384711065387771001E+01   -0.820358259141428015E+01    1
    0.173019408090903482E+03    0.100792324320153170E+00   -0.399926685438545437E+01    0.112032021146654420E+00   -0.384446480408469693E+01   -0.821139509141427659E+01    1
    0.134120450228022463E+03   -0.183574976494706554E+01   -0.358107988145597655E+01    0.455107865132766576E+00   -0.384426794601501154E+01   -0.821920759141426949E+01    1
    0.194908865643366028E+03   -0.111134427785371859E+01   -0.369333352698703266E+01    0.197793452626608635E+00   -0.384055446137117418E+01   -0.822702009141426061E+01    1
    0.201380040035015298E+03    0.274536467105415127E-01   -0.344427610353080205E+01    0.200147100940131807E-01   -0.384006029527204173E+01   -0.823483259141425883E+01    1
    0.216994914168278058E+03   -0.147161622264846437E+01   -0.355769394508596148E+01    0.103713355781310662E+00   -0.383661614230033443E+01   -0.824264509141426238E+01    1
    0.172132501006126404E+03   -0.142296546697616577E+01   -0.377731144428253174E+01    0.166311259818077095E+00   -0.383659671926260248E+01   -0.825045759141426593E+01    1
    0.215969626605510712E+03   -0.876720190048217773E+00   -0.346203446388244629E+01    0.476907086133956937E-01   -0.383370757302167542E+01   -0.825827009141427126E+01    1
    0.162418711860440908E+03   -0.843522837768270195E+00   -0.478645895777315022E+01    0.461458905964761523E+00   -0.383326557088648867E+01   -0.826608259141428015E+01    1
    0.276702407550700286E+03   -0.734062544610272427E+00   -0.460858556150171506E+01    0.193502443814548064E+00   -0.383190035273144769E+01   -0.827389509141427304E+01    1
    0.199261922844423140E+03    0.227299437197634457E+00   -0.406018059289724143E+01    0.354525759316582784E-01   -0.383173138263074087E+01   -0.828170759141426949E+01    1
    0.279923960608745347E+03   -0.941583893597150778E+00   -0.459068258214060254E+01    0.410771662652628516E-01   -0.383088542351569217E+01   -0.828952009141427659E+01    1
    0.205874980092805856E+03   -0.198753842419595861E+01   -0.378864109247317860E+01    0.226489283822648185E+00   -0.382890618825862017E+01   -0.829733259141427482E+01    1
    0.216700166854451254E+03   -0.192789421610336542E+01   -0.470958226909033240E+01    0.318890836108161879E+00   -0.381905104304485121E+01   -0.830514509141426593E+01    1
    0.148313186985679835E+03    0.107120429177065990E+00   -0.314526181142164463E+01    0.114764735556822178E+00   -0.381856505499581633E+01   -0.831295759141426771E+01    1
    0.174452782513073316E+03   -0.125507915369983181E+00   -0.368322319936684650E+01    0.426552799912816305E-01   -0.381543025354167442E+01   -0.832077009141426949E+01    1
    0.191254505515098572E+03   -0.295787155628204346E+00   -0.481784522533416748E+01    0.475945103502273592E+00   -0.381512798070926795E+01   -0.832858259141427126E+01    1
    0.156099202037759824E+03   -0.399783417288500420E+00   -0.479599376565404700E+01    0.464068513906262303E+00   -0.381336473678608634E+01   -0.833639509141427482E+01    1
    0.170237127372206487E+03   -0.169496741578213239E+01   -0.383577081502490325E+01    0.350737212739055282E+00   -0.381163579240229922E+01   -0.834420759141427126E+01    1
    0.285627767917303402E+03   -0.425872716621528813E+00   -0.473594806124854362E+01    0.188134629643039009E+00   -0.381039829111708839E+01   -0.835202009141427126E+01    1
    0.287194656600104054E+03   -0.190329494696627877E+01   -0.443168888351041890E+01    0.174079385945818482E+00   -0.380821665910903784E+01   -0.835983259141427126E+01    1
    0.199829291036388895E+03   -0.105257823342993273E+00   -0.456088658146311854E+01    0.359358275138383421E+00   -0.380789443481187506E+01   -0.836764509141427126E+01    1
    0.288649131016745173E+03   -0.140120224608754884E+01   -0.447041314260234124E+01    0.285276393178032946E-01   -0.380558306882929553E+01   -0.837545759141427659E+01    1
    0.173429707233910506E+03   -0.144887834856512621E+01   -0.383627589787940781E+01    0.187834758422698173E+00   -0.380506408621031600E+01   -0.838327009141427659E+01    1
    0.295405308572990862E+03   -0.989404141283055427E+00   -0.451762375564357210E+01    0.134950318236219224E+00   -0.380496640889436710E+01   -0.839108259141427482E+01    1
    0.125826986143019113E+03    0.979221894537514181E-01   -0.329608262493194459E+01    0.136862883587515860E+00   -0.380416585000016960E+01   -0.839889509141427126E+01    1
    0.294512605667114258E+03   -0.169725441932678223E+01   -0.453371405601501465E+01    0.174372794365882877E+00   -0.380117458608887571E+01   -0.840670759141426771E+01    1
    0.238194147515079180E+03   -0.106998915386870719E+01   -0.444987082121725752E+01    0.126539103993343255E+00   -0.380103317128596085E+01   -0.841452009141426949E+01    1
    0.217787688307585313E+03   -0.368890946403761522E+00   -0.477818846353642890E+01    0.236452741862474253E+00   -0.380099148759262828E+01   -0.842233259141427304E+01    1
    0.137362794311302594E+03   -0.142116672132978783E+01   -0.400603504967851975E+01    0.398288716675850307E+00   -0.379901451920624300E+01   -0.843014509141427126E+01    1
    0.202371909123885814E+03    0.116327596933187838E+00   -0.420037345202129497E+01    0.811122725281420570E-01   -0.379881003736081135E+01   -0.843795759141427304E+01    1
    0.254452225784521147E+03   -0.155922361605133997E+01   -0.392508181142368251E+01    0.915125691208546893E-01   -0.379807155259807727E+01   -0.844577009141427482E+01    1
    0.300382459814791446E+03   -0.164928393810244112E+01   -0.443041669383218206E+01    0.125183926682668784E+00   -0.379781990466248276E+01   -0.845358259141427126E+01    1
    0.250338219106197357E+03   -0.175440514087677002E+01   -0.410760939121246338E+01    0.433717491388320928E-01   -0.379705630028536101E+01   -0.846139509141426949E+01    1
    0.175981080595933634E+03   -0.137871418658341782E+01   -0.459477026756317031E+01    0.393672400277910894E+00   -0.379317260837791270E+01   -0.846920759141426949E+01    1
    0.274791883978261922E+03   -0.149290351080431138E+01   -0.403537913607905452E+01    0.628549577126649023E-01   -0.379274444575829728E+01   -0.847702009141427482E+01    1
    0.197994298682031626E+03   -0.532871346253313893E+00   -0.346980633146960304E+01    0.760653447878718442E-01   -0.379203253334761481E+01   -0.848483259141427837E+01    1
