 F
        8747       14673           3        1024
   -0.212333182938707665E+02   -0.174075797066587867E+02
 T
   2
    0.200000000000000000E+01    0.300000000000000000E+01    0.980468750000000000E+00    0.195312500000000000E-01
   0
   0
 T T     0           0
    0.000000000000000000E+00   -0.100000000000000002+101    0.000000000000000000E+00
 T F     1        1004
    0.525910648094920271E-03   -0.212578771827968502E+02   -0.174199709473345443E+02
 T F     1          20
    0.647946673773740603E-05   -0.249522540235566588E+02   -0.169091977986072273E+02
