    0.299252940714359283E+03    0.494830608367919922E+00    0.391436517238616943E+01    0.556218555521965086E+00   -0.123387387359193909E+03   -0.485202009141426682E+01    1
    0.289665612578392029E+03    0.710868775844573975E+00    0.358856916427612305E+01    0.399893034338951125E+00   -0.112653759011072111E+03   -0.485983259141427482E+01    1
    0.282098537683486938E+03    0.813546061515808105E+00    0.361395597457885742E+01    0.338001618361473077E+00   -0.112362768706990181E+03   -0.486764509141427837E+01    1
    0.214884082973003387E+03    0.693317651748657227E+00    0.403800070285797119E+01    0.431142526316642793E+00   -0.108422584816410890E+03   -0.487545759141427837E+01    1
    0.254583968222141266E+03    0.674565792083740234E+00    0.391900539398193359E+01    0.331153548002243059E+00   -0.106528879225693089E+03   -0.488327009141427215E+01    1
    0.194850516319274902E+03    0.483321249485015869E+00    0.446262776851654053E+01    0.440076928067207329E+00   -0.103534540614228661E+03   -0.489108259141427038E+01    1
    0.192590647935867310E+03    0.883223235607147217E+00    0.423136413097381592E+01    0.189646981000900272E+00   -0.990824266205267463E+02   -0.489889509141427659E+01    1
    0.303534068167209625E+03    0.195546865463256836E+00    0.310391485691070557E+01    0.490120154356956494E+00   -0.951224929888458064E+02   -0.490670759141427038E+01    1
    0.209451282024383545E+03   -0.144727772474288940E+01    0.473685383796691895E+01    0.431009706115722646E+00   -0.919997504967187467E+02   -0.491452009141427393E+01    1
    0.345929305255413055E+03    0.415662527084350586E-01    0.286090910434722900E+01    0.350438884234428427E+00   -0.844054562605798679E+02   -0.492233259141426949E+01    1
    0.148310180008411407E+03   -0.809545159339904785E+00    0.456778466701507568E+01    0.527243895220756542E+00   -0.835761113902504889E+02   -0.493014509141426949E+01    1
    0.204064789414405823E+03   -0.635315299034118652E+00    0.463771581649780273E+01    0.271560095500946064E+00   -0.833681574519098518E+02   -0.493795759141427482E+01    1
    0.334318505227565765E+03    0.862719893455505371E+00    0.144457638263702393E+01    0.344713081455230719E+00   -0.812433491665718890E+02   -0.494577009141427482E+01    1
    0.249979366362094879E+03   -0.176583886146545410E+01    0.406800210475921631E+01    0.298941322803497334E+00   -0.776406779047285767E+02   -0.495358259141427215E+01    1
    0.346764612197875977E+03   -0.674247741699218750E-01    0.228216409683227539E+01    0.403450657367706300E+00   -0.761056880707456571E+02   -0.496139509141427393E+01    1
    0.318309070169925690E+03   -0.699851036071777344E+00    0.256301164627075195E+01    0.405038256239891092E+00   -0.738909548351536216E+02   -0.496920759141427215E+01    1
    0.149349576234817505E+03   -0.717883527278900146E+00    0.393261313438415527E+01    0.523907218408584563E+00   -0.730808920553717911E+02   -0.497702009141426860E+01    1
    0.251731278002262115E+03   -0.103341788053512573E+01    0.340747177600860596E+01    0.344586334204673772E+00   -0.729849960866581000E+02   -0.498483259141426771E+01    1
    0.251964160799980164E+03   -0.104772067070007324E+01    0.273590743541717529E+01    0.523895277214050270E+00   -0.722370973426414764E+02   -0.499264509141426949E+01    1
    0.238495783507823944E+03   -0.992922782897949219E-01    0.399277389049530029E+01    0.686277849912643456E-01   -0.698546025752278297E+02   -0.500045759141427038E+01    1
    0.253354483842849731E+03   -0.132449084520339966E+01    0.347156286239624023E+01    0.259255786299705526E+00   -0.679290685278168382E+02   -0.500827009141427038E+01    1
    0.265540108084678650E+03    0.680938363075256348E+00    0.247224092483520508E+01    0.952996712207794250E-01   -0.672580703146941516E+02   -0.501608259141426771E+01    1
    0.184703062474727631E+03   -0.123495727777481079E+01    0.438230812549591064E+01    0.177644101667404186E+00   -0.669600731628344050E+02   -0.502389509141427126E+01    1
    0.342678789794445038E+03   -0.101669269800186157E+01    0.284800767898559570E+01    0.105670325732231146E+00   -0.621097188919270735E+02   -0.503170759141427926E+01    1
    0.184732258319854736E+03    0.292967379093170166E+00    0.379017651081085205E+01    0.387783127784728995E-01   -0.607730874127990575E+02   -0.503952009141427748E+01    1
    0.160399150848388672E+03   -0.999983429908752441E+00    0.358663320541381836E+01    0.359955402159690852E+00   -0.597953601726802333E+02   -0.504733259141427748E+01    1
    0.165851947665214539E+03   -0.103532528877258301E+01    0.324502527713775635E+01    0.440808343291282656E+00   -0.597278012151012092E+02   -0.505514509141427215E+01    1
    0.343731395900249481E+03    0.446379184722900391E+00    0.301253199577331543E+00    0.532640462207794263E+00   -0.589064778144261822E+02   -0.506295759141426593E+01    1
    0.231056328117847443E+03   -0.763472497463226318E+00    0.299042940139770508E+01    0.237119370460510265E+00   -0.585218228444671809E+02   -0.507077009141427304E+01    1
    0.187099951505661011E+03   -0.183267450332641602E+01    0.265960395336151123E+01    0.553575662112236078E+00   -0.580234796992616069E+02   -0.507858259141427304E+01    1
    0.143928469717502594E+03    0.711362123489379883E+00    0.234721302986145020E+01    0.330757305049896255E+00   -0.566189470077420083E+02   -0.508639509141426860E+01    1
    0.309179635345935822E+03   -0.176100963354110718E+01    0.292992413043975830E+01    0.426650351285934454E-01   -0.535552616639611969E+02   -0.509420759141426771E+01    1
    0.184807440638542175E+03   -0.197531545162200928E+01    0.290153324604034424E+01    0.401756986570358299E+00   -0.530320511121567151E+02   -0.510202009141427126E+01    1
    0.340911227464675903E+03   -0.907011806964874268E+00    0.994227528572082520E+00    0.422139377403259297E+00   -0.518419086083191516E+02   -0.510983259141427748E+01    1
    0.318268233537673950E+03   -0.958755373954772949E+00    0.136471569538116455E+01    0.345152005648612981E+00   -0.507679547631211818E+02   -0.511764509141427038E+01    1
    0.236415663361549377E+03   -0.112515854835510254E+01    0.196592688560485840E+01    0.385711978769302355E+00   -0.503832168557193256E+02   -0.512545759141426505E+01    1
    0.287512549757957458E+03   -0.848244607448577881E+00    0.198097407817840576E+01    0.223888185739517215E+00   -0.501906291600680703E+02   -0.513327009141426593E+01    1
    0.170454779267311096E+03    0.851292788982391357E+00    0.932247042655944824E+00    0.383657752132415764E+00   -0.493542093367143195E+02   -0.514108259141427038E+01    1
    0.283100356161594391E+03    0.145952641963958740E+00    0.222978770732879639E+01    0.952688970565795934E-02   -0.489217436925420941E+02   -0.514889509141427304E+01    1
    0.315358452498912811E+03    0.505239009857177734E+00    0.903194546699523926E+00    0.163855809044837958E+00   -0.478587921327474959E+02   -0.515670759141427038E+01    1
    0.193659977614879608E+03   -0.161502933502197266E+01    0.186616837978363037E+01    0.539040908360481241E+00   -0.476242615011935300E+02   -0.516452009141426771E+01    1
    0.152071388065814972E+03   -0.102014309167861938E+01    0.322724759578704834E+01    0.254545872116088867E+00   -0.475522049874423232E+02   -0.517233259141426593E+01    1
    0.269510903954505920E+03    0.354690551757812500E+00    0.164973139762878418E+00    0.528911909508705147E+00   -0.465856192294277491E+02   -0.518014509141426593E+01    1
    0.266808444261550903E+03   -0.149443703889846802E+01    0.235779881477355957E+01    0.130005763721466078E+00   -0.460206877743527656E+02   -0.518795759141426949E+01    1
    0.172530460357666016E+03    0.389511704444885254E+00    0.141462981700897217E+01    0.456354277396202102E+00   -0.457357823602301465E+02   -0.519577009141427038E+01    1
    0.148508542776107788E+03   -0.992337524890899658E+00    0.287431478500366211E+01    0.321878344559669516E+00   -0.452718164816704984E+02   -0.520358259141426593E+01    1
    0.191089831292629242E+03    0.990242838859558105E+00    0.189995765686035156E+00    0.305591612863540640E+00   -0.441603411938866941E+02   -0.521139509141426771E+01    1
    0.158513034880161285E+03   -0.181857573986053467E+01    0.382261931896209717E+01    0.450410940170288127E-01   -0.441579801277216148E+02   -0.521920759141426860E+01    1
    0.248601046204566956E+03   -0.151083928346633911E+01    0.115839838981628418E+01    0.482648412466049226E+00   -0.440718438729566699E+02   -0.522702009141426593E+01    1
    0.166453902423381805E+03   -0.169883406162261963E+01    0.334341824054718018E+01    0.117413808202743539E+00   -0.429316423348258880E+02   -0.523483259141426860E+01    1
    0.286192286014556885E+03   -0.187844532728195190E+01    0.181463479995727539E+01    0.190799067449569704E+00   -0.423079037332127470E+02   -0.524264509141427393E+01    1
    0.127998991310596466E+03   -0.190142560005187988E+01    0.426002204418182373E+01    0.251008003234863275E-01   -0.421834222353341062E+02   -0.525045759141427482E+01    1
    0.173096768558025360E+03    0.467616915702819824E+00    0.553585290908813477E+00    0.531750433802604672E+00   -0.401693073407880092E+02   -0.525827009141427659E+01    1
    0.236436718702316284E+03   -0.778353214263916016E+00    0.966634750366210938E+00    0.400144822955131541E+00   -0.393906747101006118E+02   -0.526608259141428015E+01    1
    0.289794211089611053E+03   -0.373421370983123779E+00    0.249379873275756836E-01    0.451785132837295544E+00   -0.375965121030135663E+02   -0.527389509141427659E+01    1
    0.210625325143337250E+03    0.571359932422637939E+00   -0.564771890640258789E-01    0.404128473687171974E+00   -0.358293659531291340E+02   -0.528170759141427126E+01    1
    0.258921864628791809E+03    0.897809088230133057E+00   -0.919882059097290039E+00    0.283207980179786711E+00   -0.357883137147969492E+02   -0.528952009141427393E+01    1
    0.234635816514492035E+03   -0.142505043745040894E+01    0.976019501686096191E+00    0.370047690367698690E+00   -0.356843770021846041E+02   -0.529733259141427126E+01    1
    0.156332921981811523E+03    0.772443711757659912E+00    0.843881368637084961E+00    0.148239319539070130E+00   -0.335497225351413348E+02   -0.530514509141426416E+01    1
    0.185387052595615387E+03   -0.667017757892608643E+00    0.155088841915130615E+01    0.228080909729003911E+00   -0.331509419385404129E+02   -0.531295759141427038E+01    1
    0.180353739857673645E+03    0.224246144294738770E+00    0.127238929271697998E+01    0.192019150471687328E+00   -0.330105785579105842E+02   -0.532077009141427038E+01    1
    0.276826642453670502E+03    0.277164340019226074E+00    0.872455835342407227E+00    0.392592358589172359E-02   -0.326157591843497627E+02   -0.532858259141426416E+01    1
    0.210600206255912781E+03   -0.449279785156250000E+00    0.673264861106872559E+00    0.333824588513374321E+00   -0.312202088300185494E+02   -0.533639509141427304E+01    1
    0.285269324481487274E+03    0.583582222461700439E+00   -0.288847684860229492E+00    0.114047994875907902E+00   -0.303593573744216698E+02   -0.534420759141427837E+01    1
    0.275355061888694763E+03   -0.852156162261962891E+00    0.105935692787170410E+01    0.512381304502487200E-01   -0.303510371481922867E+02   -0.535202009141427126E+01    1
    0.246005915105342865E+03    0.848750948905944824E+00   -0.135262012481689453E+01    0.318495438265800512E+00   -0.297008492660882055E+02   -0.535983259141427126E+01    1
    0.196176399290561676E+03   -0.570239365100860596E+00    0.810378789901733398E+00    0.302532347059249862E+00   -0.292784157267155010E+02   -0.536764509141427837E+01    1
    0.262989836931228638E+03    0.254334986209869385E+00   -0.147442877292633057E+01    0.567428607773780791E+00   -0.272640782166764986E+02   -0.537545759141427215E+01    1
    0.175336198508739471E+03   -0.288242638111114502E+00    0.556029081344604492E+00    0.356153018760681173E+00   -0.271217904058289818E+02   -0.538327009141427126E+01    1
    0.311007480323314667E+03   -0.697330832481384277E+00   -0.520704984664916992E+00    0.299550289607048048E+00   -0.266782948285123993E+02   -0.539108259141427482E+01    1
    0.185573922097682953E+03   -0.788888752460479736E+00    0.137714207172393799E+01    0.978564856767654423E-01   -0.261967073421426733E+02   -0.539889509141427748E+01    1
    0.308788743615150452E+03   -0.128495150804519653E+01   -0.118309199810028076E+01    0.485956771588325509E+00   -0.247572460894841591E+02   -0.540670759141427926E+01    1
    0.215721750259399414E+03   -0.133694005012512207E+01   -0.268982052803039551E+00    0.477573438906669645E+00   -0.244383502218796522E+02   -0.541452009141427926E+01    1
    0.214315655827522278E+03   -0.142280828952789307E+01    0.178599357604980469E-01    0.401768654823303262E+00   -0.242743630201847651E+02   -0.542233259141428015E+01    1
    0.307066081464290619E+03   -0.127036654949188232E+01   -0.433887839317321777E+00    0.259457319545745857E+00   -0.241234037192504545E+02   -0.543014509141427837E+01    1
    0.337038560211658478E+03    0.829187631607055664E+00   -0.205607175827026367E+01    0.127138546442985528E+00   -0.232488664185964424E+02   -0.543795759141427748E+01    1
    0.151915471255779266E+03   -0.119657182693481445E+01    0.727231502532958984E+00    0.363701661944389354E+00   -0.228050351183486129E+02   -0.544577009141427748E+01    1
    0.224378177523612976E+03    0.403063833713531494E+00   -0.423200726509094238E+00    0.201088828897476202E+00   -0.224237133670452522E+02   -0.545358259141427038E+01    1
    0.188975660502910614E+03   -0.137733966112136841E+01    0.782680511474609375E-01    0.370177235269546545E+00   -0.214098951569939189E+02   -0.546139509141426327E+01    1
    0.329909785091876984E+03    0.739494740962982178E+00   -0.240239441394805908E+01    0.231324922871589678E+00   -0.210761706918297378E+02   -0.546920759141426149E+01    1
    0.257035480439662933E+03    0.167410671710968018E+00   -0.761472582817077637E+00    0.202616073560714732E+00   -0.207044921848220085E+02   -0.547702009141426238E+01    1
    0.260606077313423157E+03   -0.141762071847915649E+01   -0.303713083267211914E+00    0.232644117808341988E+00   -0.203978763414808739E+02   -0.548483259141427393E+01    1
    0.286289717257022858E+03    0.116709947586059570E+00   -0.962302088737487793E+00    0.179306725358963026E+00   -0.200543234761341935E+02   -0.549264509141427659E+01    1
    0.177990311384201050E+03   -0.538053929805755615E+00   -0.630041956901550293E+00    0.490287842845916755E+00   -0.200227487850111991E+02   -0.550045759141427482E+01    1
    0.340295673906803131E+03    0.928085505962371826E+00   -0.300949871540069580E+01    0.209886213970184338E+00   -0.199231068716377351E+02   -0.550827009141427482E+01    1
    0.219282127916812897E+03    0.471400797367095947E+00   -0.161737501621246338E+01    0.434368627667427065E+00   -0.199074674387538941E+02   -0.551608259141426771E+01    1
    0.256229020655155182E+03   -0.197365391254425049E+01    0.457521080970764160E+00    0.374951802492141731E-01   -0.193528379378922430E+02   -0.552389509141426327E+01    1
    0.172736386954784393E+03   -0.418756783008575439E+00   -0.416243076324462891E+00    0.405239243602752708E+00   -0.189051062223504118E+02   -0.553170759141427304E+01    1
    0.226480667293071747E+03   -0.142141336202621460E+01   -0.933168530464172363E+00    0.455821973061561581E+00   -0.187603858280964246E+02   -0.553952009141427837E+01    1
    0.242990589141845703E+03   -0.118091773986816406E+01   -0.124794423580169678E+01    0.456375566840171831E+00   -0.181960350046919785E+02   -0.554733259141427215E+01    1
    0.304175665974617004E+03   -0.197950309514999390E+01   -0.182146191596984863E+01    0.517282721328735318E+00   -0.180420053963939750E+02   -0.555514509141427126E+01    1
    0.335811489820480347E+03   -0.192535877227783203E+00   -0.162279427051544189E+01    0.230437248587608334E+00   -0.177029780067109002E+02   -0.556295759141427038E+01    1
    0.140316942334175110E+03   -0.139251935482025146E+01    0.763732194900512695E-01    0.423767542219162019E+00   -0.169422732131475300E+02   -0.557077009141426682E+01    1
    0.348419991135597229E+03    0.663328588008880615E+00   -0.303868234157562256E+01    0.286946085834503206E+00   -0.168868861029380710E+02   -0.557858259141426949E+01    1
    0.274277886748313904E+03   -0.150019913911819458E+01   -0.109274148941040039E+01    0.301105135488510145E+00   -0.167885120522208204E+02   -0.558639509141427038E+01    1
    0.237555213272571564E+03   -0.125937342643737793E+01    0.153553485870361328E-01    0.291232087612152100E-01   -0.158416114485566712E+02   -0.559420759141427038E+01    1
    0.317743687331676483E+03   -0.169203162193298340E+00   -0.177663505077362061E+01    0.231101997828483591E+00   -0.155899397077200668E+02   -0.560202009141427748E+01    1
    0.254507552087306976E+03   -0.154448956251144409E+01   -0.569626092910766602E+00    0.140085906028747570E+00   -0.149312950569785237E+02   -0.560983259141427482E+01    1
    0.309259162843227386E+03    0.812873899936676025E+00   -0.366017758846282959E+01    0.342153025817871104E+00   -0.147132741310599240E+02   -0.561764509141427304E+01    1
    0.133461149036884308E+03   -0.953080356121063232E+00   -0.303468704223632812E+00    0.440627007722854624E+00   -0.146464137692705876E+02   -0.562545759141427126E+01    1
    0.235523614287376404E+03   -0.114728552103042603E+01   -0.576993227005004883E+00    0.141386029171943678E+00   -0.144809824400373355E+02   -0.563327009141427126E+01    1
    0.247706167399883270E+03    0.199441432952880859E+00   -0.256538927555084229E+01    0.508265618276596109E+00   -0.144011805540807885E+02   -0.564108259141427304E+01    1
    0.191736015677452087E+03   -0.165865725278854370E+01   -0.396039485931396484E+00    0.269124978876113918E+00   -0.143807796890065482E+02   -0.564889509141427038E+01    1
    0.132383893430233002E+03    0.692331850528717041E+00   -0.509061813354492188E+00    0.439254452705383283E-01   -0.132572509201748083E+02   -0.565670759141426860E+01    1
    0.130095352232456207E+03    0.732440352439880371E+00   -0.152410924434661865E+01    0.320996402049064655E+00   -0.131837669060032425E+02   -0.566452009141426682E+01    1
    0.339138488471508026E+03   -0.174103826284408569E+01   -0.168740034103393555E+01    0.187971324348449709E+00   -0.127317795920287153E+02   -0.567233259141426682E+01    1
    0.226050508022308350E+03   -0.191951370239257812E+01   -0.448948144912719727E+00    0.124952045488357547E+00   -0.127296746398766469E+02   -0.568014509141426771E+01    1
    0.167109581828117371E+03   -0.536066591739654541E+00   -0.476619005203247070E+00    0.216967239975929260E+00   -0.127015152009840016E+02   -0.568795759141426771E+01    1
    0.145892289280891418E+03    0.835478305816650391E-03   -0.474688410758972168E+00    0.234729800963401791E+00   -0.126059729837612373E+02   -0.569577009141426771E+01    1
    0.138272508978843689E+03   -0.130486565828323364E+01   -0.115305185317993164E-01    0.273318453454971300E+00   -0.125753435673748246E+02   -0.570358259141427038E+01    1
    0.222613324224948883E+03   -0.136207771301269531E+01   -0.192075192928314209E+01    0.504162657952308635E+00   -0.125014412660210219E+02   -0.571139509141427126E+01    1
    0.255883136391639709E+03   -0.427946746349334717E+00   -0.178526401519775391E+01    0.281522190570831332E+00   -0.124731639709985753E+02   -0.571920759141427038E+01    1
    0.139306795597076416E+03    0.636200726032257080E+00   -0.465127229690551758E+00    0.869967198371887195E-03   -0.124426274466791504E+02   -0.572702009141427482E+01    1
    0.140277393162250519E+03   -0.152308106422424316E+01   -0.253906250000000000E+00    0.345738147711753874E+00   -0.124081620879416317E+02   -0.573483259141427482E+01    1
    0.315567208826541901E+03   -0.176961898803710938E+01   -0.213665723800659180E+01    0.345710785317420999E+00   -0.123705610394359571E+02   -0.574264509141427038E+01    1
    0.242647950351238251E+03   -0.133469557762145996E+01   -0.198615610599517822E+01    0.449184340667724613E+00   -0.122940640229344069E+02   -0.575045759141426860E+01    1
    0.338725401461124420E+03    0.752361834049224854E+00   -0.450423598289489746E+01    0.460990838527679470E+00   -0.122807388343274901E+02   -0.575827009141427304E+01    1
    0.223200942575931549E+03   -0.627201616764068604E+00   -0.475124120712280273E+00    0.603736560344696107E-02   -0.121294580553735507E+02   -0.576608259141427304E+01    1
    0.278525365889072418E+03    0.288196980953216553E+00   -0.332953631877899170E+01    0.514785305786132796E+00   -0.119132796257876414E+02   -0.577389509141427215E+01    1
    0.317254774272441864E+03   -0.166233491897583008E+01   -0.305144786834716797E+01    0.559729642009735073E+00   -0.116503585336571156E+02   -0.578170759141427126E+01    1
    0.224764415621757507E+03   -0.122614729404449463E+01   -0.114922642707824707E+01    0.225819861602783223E+00   -0.116464881846584838E+02   -0.578952009141427215E+01    1
    0.239240780472755432E+03    0.777775228023529053E+00   -0.401049196720123291E+01    0.496149468183517461E+00   -0.112742436245260933E+02   -0.579733259141427038E+01    1
    0.133816246688365936E+03   -0.944782495498657227E+00   -0.383684039115905762E+00    0.302531528234481817E+00   -0.110629478435695674E+02   -0.580514509141426771E+01    1
    0.220696362853050232E+03    0.948727607727050781E+00   -0.449605584144592285E+01    0.547711239123344407E+00   -0.110542814748029823E+02   -0.581295759141427393E+01    1
    0.330265499651432037E+03   -0.194584155082702637E+01   -0.207193255424499512E+01    0.251065866851806652E+00   -0.110175294143057574E+02   -0.582077009141427482E+01    1
    0.193763819336891174E+03   -0.177407431602478027E+01   -0.827165246009826660E+00    0.240370548319816607E+00   -0.108285903892598032E+02   -0.582858259141427570E+01    1
    0.141972951591014862E+03   -0.168415594100952148E+01   -0.505436062812805176E+00    0.346529030084610001E+00   -0.107490029583639011E+02   -0.583639509141427126E+01    1
    0.187943010032176971E+03   -0.443136453628540039E+00   -0.180124521255493164E+01    0.409452779388427723E+00   -0.106448471532383522E+02   -0.584420759141426860E+01    1
    0.210843053460121155E+03   -0.114203929901123047E+00   -0.196011543273925781E+01    0.339265133213996872E+00   -0.104087638923814740E+02   -0.585202009141427393E+01    1
    0.155503877997398376E+03    0.360984086990356445E+00   -0.182013809680938721E+01    0.394795133686065669E+00   -0.103644645050454383E+02   -0.585983259141427748E+01    1
    0.349412073194980621E+03   -0.138405734300613403E+01   -0.183482050895690918E+01    0.759610772609710660E-01   -0.102766956553913840E+02   -0.586764509141427215E+01    1
    0.275330613553524017E+03    0.840737044811248779E+00   -0.459367632865905762E+01    0.459830325007438701E+00   -0.102209842058624076E+02   -0.587545759141427215E+01    1
    0.340840604901313782E+03    0.575102686882019043E+00   -0.406253755092620850E+01    0.353187133097648653E+00   -0.999728670120441798E+01   -0.588327009141427304E+01    1
    0.309178227186203003E+03   -0.112767124176025391E+01   -0.340805709362030029E+01    0.554605811905860890E+00   -0.999316981999546883E+01   -0.589108259141427215E+01    1
    0.304064595699310303E+03   -0.513125658035278320E+00   -0.188696444034576416E+01    0.828249441146850646E-01   -0.996271746091527177E+01   -0.589889509141427570E+01    1
    0.161877182126045227E+03   -0.170956397056579590E+01   -0.760673880577087402E+00    0.287232538032531737E+00   -0.984075067353540689E+01   -0.590670759141427304E+01    1
    0.185841593146324158E+03   -0.188394117355346680E+01   -0.107997536659240723E+01    0.291051912045478811E+00   -0.982504236621771376E+01   -0.591452009141427748E+01    1
    0.306257489323616028E+03    0.129699707031250000E+00   -0.273724496364593506E+01    0.215957219624519359E+00   -0.978635751083280425E+01   -0.592233259141427659E+01    1
    0.152717424929141998E+03   -0.171999830007553101E+01   -0.107049942016601562E-02    0.985446737766265957E-01   -0.970882022347127460E+01   -0.593014509141427659E+01    1
    0.202552962303161621E+03   -0.156185668706893921E+01   -0.163573324680328369E+01    0.370896265769004807E+00   -0.968582571241686452E+01   -0.593795759141427748E+01    1
    0.164879421703103588E+03   -0.182599884218337238E+01   -0.125647761373542721E+00    0.923493541374625082E-01   -0.968506430104092253E+01   -0.594577009141426949E+01    1
    0.297391688823699951E+03   -0.172735774517059326E+01   -0.166859149932861328E+01    0.118714067816734312E+00   -0.947083415519862193E+01   -0.595358259141426593E+01    1
    0.169931936264038086E+03    0.129081726074218750E+00   -0.246889650821685791E+01    0.531801439762115469E+00   -0.944582699887338606E+01   -0.596139509141426860E+01    1
    0.221397358179092407E+03   -0.190446794033050537E+01   -0.118336141109466553E+01    0.186201809906959531E+00   -0.928795091781880444E+01   -0.596920759141426593E+01    1
    0.284087918698787689E+03   -0.686721622943878174E+00   -0.209200084209442139E+01    0.170061101961135858E+00   -0.923278397152365038E+01   -0.597702009141426682E+01    1
    0.137322403490543365E+03    0.128830492496490479E+00   -0.122909545898437500E+01    0.290254206132888826E+00   -0.899182248908974913E+01   -0.598483259141427570E+01    1
    0.201245224475860596E+03    0.578020572662353516E+00   -0.236289978027343750E+01    0.173455676507949824E+00   -0.894058482141628907E+01   -0.599264509141427126E+01    1
    0.331314300083546073E+03   -0.176805980187982059E+01   -0.254734514776515031E+01    0.263285292103355328E+00   -0.888615561373337925E+01   -0.600045759141427215E+01    1
    0.244500270485877991E+03   -0.187748348712921143E+01   -0.183471679687500000E+01    0.275311336469650281E+00   -0.880873723165041156E+01   -0.600827009141427126E+01    1
    0.198420523107051849E+03   -0.793279170989990234E+00   -0.161855340003967285E+01    0.265784446763992321E+00   -0.878859495884290176E+01   -0.601608259141427038E+01    1
    0.215932504832744598E+03   -0.100384777784347534E+01   -0.186342120170593262E+01    0.294348807621002184E+00   -0.872488899847560084E+01   -0.602389509141427926E+01    1
    0.153051480650901794E+03    0.912798523902893066E+00   -0.318336009979248047E+01    0.306533363699913020E+00   -0.858287738083873464E+01   -0.603170759141427570E+01    1
    0.137984640896320343E+03   -0.155814075469970703E+01   -0.621123909950256348E+00    0.275294823503494268E+00   -0.857328656341244510E+01   -0.603952009141427215E+01    1
    0.253724843263626099E+03   -0.876918315887451172E+00   -0.256363749504089355E+01    0.359856017303466835E+00   -0.853492103952863168E+01   -0.604733259141427837E+01    1
    0.342974227148939804E+03   -0.765815234053341953E+00   -0.217794863537360506E+01    0.391012333452000968E-01   -0.849209632522611457E+01   -0.605514509141427748E+01    1
    0.342930461466312408E+03    0.411484181880950928E+00   -0.434832990169525146E+01    0.453323875164985679E+00   -0.835016044891726317E+01   -0.606295759141427126E+01    1
    0.148182026199891112E+03   -0.110149544616020778E+00   -0.781024252514201045E+00    0.115230128871924298E+00   -0.820245470181371950E+01   -0.607077009141427482E+01    1
    0.268619475780736138E+03   -0.891279302184801114E+00   -0.204329649442694095E+01    0.151646603309769756E+00   -0.818994338956163581E+01   -0.607858259141427482E+01    1
    0.185730294883251190E+03   -0.131601202487945557E+01   -0.224932372570037842E+01    0.494627921175956720E+00   -0.818240741130570193E+01   -0.608639509141426860E+01    1
    0.289259231090545654E+03   -0.411978662014007568E+00   -0.288606286048889160E+01    0.275710138249397274E+00   -0.773220618419483152E+01   -0.609420759141427393E+01    1
    0.259788863537427005E+03    0.885872383031145905E+00   -0.453303984093545154E+01    0.301110398714402816E+00   -0.772233866473242259E+01   -0.610202009141427393E+01    1
    0.335138295590877533E+03    0.441492915153503418E+00   -0.458088040351867676E+01    0.458112737703323392E+00   -0.745521953850677299E+01   -0.610983259141426860E+01    1
    0.314989698120709193E+03    0.466911732347286001E+00   -0.336043935705613261E+01    0.135425002280209178E+00   -0.737582145425388269E+01   -0.611764509141427482E+01    1
    0.126337121925944174E+03   -0.173955419051671178E+01   -0.106201140721653431E+00    0.129195704647104392E+00   -0.737435990436757738E+01   -0.612545759141427215E+01    1
    0.321604137122631073E+03   -0.138009786605834961E-01   -0.428684115409851074E+01    0.516452774190902741E+00   -0.727410617914625490E+01   -0.613327009141427215E+01    1
    0.274512647092342377E+03    0.628530323505401611E+00   -0.393319606781005859E+01    0.266973550915718061E+00   -0.723927116973998785E+01   -0.614108259141427126E+01    1
    0.166688635945320129E+03    0.351289868354797363E+00   -0.215037465095520020E+01    0.264398074078559864E+00   -0.708394291220064964E+01   -0.614889509141426327E+01    1
    0.334929338097572327E+03   -0.104040521383285522E+01   -0.392245233058929443E+01    0.479496141815185573E+00   -0.707652899626363130E+01   -0.615670759141427038E+01    1
    0.215029618152125067E+03    0.284974210990180499E+00   -0.260589962546488252E+01    0.232316660668718394E+00   -0.696955808798319687E+01   -0.616452009141426771E+01    1
    0.167148111760616302E+03   -0.168459975719451904E+01   -0.885421633720397949E+00    0.133824557733535771E+00   -0.690851704249756349E+01   -0.617233259141426593E+01    1
    0.311580252647399902E+03   -0.153060555458068848E-01   -0.399480164051055908E+01    0.429928140950202931E+00   -0.690474253062868648E+01   -0.618014509141427659E+01    1
    0.338586220582395242E+03    0.575149498520526770E+00   -0.462036798477577904E+01    0.337742489187498940E+00   -0.690133453675040442E+01   -0.618795759141427215E+01    1
    0.164689778276938824E+03   -0.151169151125452439E+01   -0.120025108006821268E+01    0.214652258892469111E+00   -0.681904259110793198E+01   -0.619577009141426949E+01    1
    0.321264851093292236E+03    0.466291546821594238E+00   -0.314436376094818115E+01    0.296225895166397114E-01   -0.680632448608270479E+01   -0.620358259141426771E+01    1
    0.182083469629287720E+03    0.357845187187194824E+00   -0.315821349620819092E+01    0.456177445363998402E+00   -0.668026034842184657E+01   -0.621139509141426327E+01    1
    0.224133667349815369E+03   -0.152193039655685425E+01   -0.229041516780853271E+01    0.289596348667144787E+00   -0.633173363564850433E+01   -0.621920759141426949E+01    1
    0.241662025329377798E+03   -0.875917578016276455E-01   -0.311680115176407257E+01    0.329635235658084724E+00   -0.619847396291582875E+01   -0.622702009141427304E+01    1
    0.329701055586338043E+03   -0.109415256977081299E+01   -0.245995640754699707E+01    0.245224029779434229E-01   -0.611078482665138445E+01   -0.623483259141427393E+01    1
    0.293112339746000089E+03    0.485610393454131373E+00   -0.388203463519668679E+01    0.241841872748463665E+00   -0.610489842417921480E+01   -0.624264509141427482E+01    1
    0.230688958770437011E+03   -0.765596391636259810E+00   -0.316297129276552713E+01    0.433122461034537887E+00   -0.606310458253302542E+01   -0.625045759141427126E+01    1
    0.130688946733772639E+03   -0.958640958451909331E+00   -0.296264985930581481E+00    0.463906850902003499E-02   -0.604157154848914324E+01   -0.625827009141426860E+01    1
    0.256262145936489105E+03   -0.177906054258346558E+01   -0.314915478229522705E+01    0.434829898953437821E+00   -0.595086213329855518E+01   -0.626608259141427304E+01    1
    0.252018448710441589E+03    0.364786386489868164E-02   -0.406003057956695557E+01    0.529146843981742832E+00   -0.588969515932343413E+01   -0.627389509141427126E+01    1
    0.192797796446702847E+03   -0.139734168160634531E+01   -0.270881775202517927E+01    0.465647323137760916E+00   -0.581163562050990912E+01   -0.628170759141427304E+01    1
    0.282609806954860687E+03    0.441906332969665527E+00   -0.304324924945831299E+01    0.312344801902771016E-01   -0.574285516446169808E+01   -0.628952009141427304E+01    1
    0.224864582717418671E+03    0.823709845542907715E+00   -0.409127712249755859E+01    0.183305114936828606E+00   -0.573275458662834048E+01   -0.629733259141426682E+01    1
    0.296543092550021356E+03    0.182679872600375326E+00   -0.385059882230061934E+01    0.303388070159141987E+00   -0.569751935407788057E+01   -0.630514509141426771E+01    1
    0.153579917863553817E+03    0.953536718313465759E+00   -0.371937677662422495E+01    0.194480261508687385E+00   -0.561856462355412223E+01   -0.631295759141427393E+01    1
    0.216937197348546874E+03   -0.771624144537733425E+00   -0.315473615472920077E+01    0.443923967256246776E+00   -0.559389667043624428E+01   -0.632077009141427393E+01    1
    0.242020997405052185E+03    0.181063294410705566E+00   -0.335590600967407227E+01    0.280300231075286899E+00   -0.541889070107824189E+01   -0.632858259141427215E+01    1
    0.271540941616756186E+03   -0.131885443341506248E+01   -0.234302506613720141E+01    0.865833749979746103E-01   -0.540643806910065727E+01   -0.633639509141427126E+01    1
    0.209587511420249939E+03   -0.583336949348449707E-01   -0.235492467880249023E+01    0.142331874132156366E+00   -0.534290241946589184E+01   -0.634420759141426949E+01    1
    0.322774854302406311E+03   -0.186920762062072754E+00   -0.301769673824310303E+01    0.477739899158477824E-01   -0.521579076098880812E+01   -0.635202009141426949E+01    1
    0.169677166640758514E+03   -0.165610986948013306E+01   -0.167072236537933350E+01    0.227618921971321109E+00   -0.519485332613719741E+01   -0.635983259141426771E+01    1
    0.173101489245891571E+03   -0.154396545886993408E+01   -0.116417348384857178E+01    0.481771587610244773E-01   -0.511065003297066944E+01   -0.636764509141426682E+01    1
    0.341036815222085920E+03   -0.419238817712769496E+00   -0.453689834914935286E+01    0.442264082491003296E+00   -0.498222635523973523E+01   -0.637545759141426593E+01    1
    0.224754357337951660E+03   -0.183825796842575073E+01   -0.325003981590270996E+01    0.486457789993286149E+00   -0.495917243529417284E+01   -0.638327009141426771E+01    1
    0.162224657324679299E+03   -0.114038558372258758E+01   -0.255332487005880804E+01    0.448682861138712474E+00   -0.493275548066636116E+01   -0.639108259141427304E+01    1
    0.193550288677215576E+03    0.986185014247894287E+00   -0.441762864589691162E+01    0.123734111881256104E+00   -0.486695569892635316E+01   -0.639889509141427215E+01    1
    0.203066246099539313E+03   -0.549502651741032855E+00   -0.294507541967924835E+01    0.349596826550325146E+00   -0.484917541786254080E+01   -0.640670759141427126E+01    1
    0.317757111787796021E+03   -0.188358461856842041E+01   -0.347476422786712646E+01    0.300861944532394399E+00   -0.483146700768299553E+01   -0.641452009141427126E+01    1
    0.323820620775222778E+03   -0.151184421777725220E+01   -0.434633135795593262E+01    0.505408329248428378E+00   -0.482982250607433095E+01   -0.642233259141426949E+01    1
    0.182537466113708973E+03    0.178879172912572493E+00   -0.313674238953163442E+01    0.345419925602496125E+00   -0.473736531069487654E+01   -0.643014509141427215E+01    1
    0.294781228899955750E+03   -0.776798427104949951E+00   -0.272966206073760986E+01    0.353769829273223868E-01   -0.459642297405383538E+01   -0.643795759141427748E+01    1
    0.294189969819081057E+03   -0.526392910709489570E+00   -0.366781491635331403E+01    0.277192537198098998E+00   -0.457908639638959336E+01   -0.644577009141427570E+01    1
    0.282505300688523732E+03   -0.972349101922549863E+00   -0.355819850306568863E+01    0.302388974384408094E+00   -0.446753606888440657E+01   -0.645358259141426771E+01    1
    0.175574713945388794E+03   -0.525510489940643311E+00   -0.230151414871215820E+01    0.216313613104820252E+00   -0.442967923824480714E+01   -0.646139509141426860E+01    1
    0.298228216171264648E+03    0.502649962902069092E+00   -0.402969419956207275E+01    0.120343017339706426E+00   -0.438625775013462604E+01   -0.646920759141426949E+01    1
    0.210961084067821503E+03   -0.192743855714797974E+01   -0.194626629352569580E+01    0.109761310744285592E+00   -0.433842035019380390E+01   -0.647702009141426327E+01    1
    0.312197710573673248E+03   -0.122350817918777466E+01   -0.378302156925201416E+01    0.301596942114830013E+00   -0.432116124672475088E+01   -0.648483259141426416E+01    1
    0.327308873832225800E+03   -0.195897936820983887E+00   -0.319956243038177490E+01    0.984223959445953457E-02   -0.424638976331266171E+01   -0.649264509141426593E+01    1
    0.128886601328849792E+03    0.861599445343017578E+00   -0.399823367595672607E+01    0.342099802207946779E+00   -0.423613849392553554E+01   -0.650045759141426771E+01    1
    0.336829238403437103E+03    0.105564658312827131E+00   -0.470691674562259532E+01    0.348458188891630827E+00   -0.416153756445011247E+01   -0.650827009141426682E+01    1
    0.290116296540286953E+03   -0.168299287042465973E+01   -0.247052818105716554E+01    0.110110381409503667E-01   -0.415626507263200740E+01   -0.651608259141426682E+01    1
    0.221934511620694792E+03   -0.133046618584664667E+01   -0.496445224630911941E+01    0.349701240751219529E-02   -0.415463474819896561E+01   -0.652389509141426860E+01    1
    0.295982201397418976E+03   -0.102343595027923584E+01   -0.374363780021667480E+01    0.297231650805473313E+00   -0.411844727848815850E+01   -0.653170759141427215E+01    1
    0.213370861113071442E+03    0.348511993885040283E+00   -0.321447193622589111E+01    0.174252870655059816E+00   -0.407353094716039443E+01   -0.653952009141427570E+01    1
    0.245838649175397080E+03   -0.177824871251880445E+01   -0.274922370237126268E+01    0.195427115365838233E+00   -0.404416276263766328E+01   -0.654733259141427926E+01    1
    0.271039655804634094E+03    0.370879828929901123E+00   -0.423071146011352539E+01    0.286913059902191181E+00   -0.404294904951686185E+01   -0.655514509141427837E+01    1
    0.326156878471374512E+03   -0.105381768941879272E+01   -0.413325250148773193E+01    0.334397902321815488E+00   -0.404109626777715469E+01   -0.656295759141427215E+01    1
    0.148360350728034973E+03    0.259562969207763672E+00   -0.366691052913665771E+01    0.568897545289993256E+00   -0.402921963172361597E+01   -0.657077009141427215E+01    1
    0.304236114889377063E+03   -0.189280225683412073E+00   -0.444828145360483962E+01    0.376452263582278346E+00   -0.393453095089217619E+01   -0.657858259141427482E+01    1
    0.229113911439458434E+03   -0.113725666388186464E+01   -0.316962711052185941E+01    0.291482562554777613E+00   -0.385269909755608353E+01   -0.658639509141427038E+01    1
    0.309945726691915866E+03   -0.915309908538479045E+00   -0.326168256116314659E+01    0.859626486740118628E-01   -0.381816825031718166E+01   -0.659420759141426860E+01    1
    0.265116564617526421E+03   -0.778163604046427038E+00   -0.350300579463844253E+01    0.248523069104102406E+00   -0.380934886268379680E+01   -0.660202009141426860E+01    1
    0.329516326175312145E+03   -0.332998534317217043E-01   -0.436158913922625846E+01    0.263073004199090132E+00   -0.379702360676082007E+01   -0.660983259141427215E+01    1
    0.325912091698498330E+03    0.414068740151455561E+00   -0.411476728043335971E+01    0.887917560881859996E-01   -0.377223165389032422E+01   -0.661764509141427659E+01    1
    0.259889176487922668E+03    0.242750167846679688E+00   -0.310835540294647217E+01    0.237674124240875272E-02   -0.376961291364011508E+01   -0.662545759141427837E+01    1
    0.317829625308513641E+03   -0.157334208488464355E-01   -0.374810934066772461E+01    0.103311359810829173E+00   -0.372285429668276713E+01   -0.663327009141427837E+01    1
    0.185338222980499268E+03   -0.676647961139678955E+00   -0.215521812438964844E+01    0.783017219781875634E-01   -0.371429839945215745E+01   -0.664108259141427570E+01    1
    0.170865664001761047E+03    0.710044751792983764E+00   -0.402579008740391053E+01    0.245718218302677871E+00   -0.368630354810497884E+01   -0.664889509141427126E+01    1
    0.147820287942886353E+03   -0.805183887481689453E+00   -0.137169778347015381E+01    0.180323296308517456E-01   -0.367359344160700374E+01   -0.665670759141426949E+01    1
    0.145070217200390829E+03   -0.198921275147264875E+01   -0.150476816481178233E+01    0.170356484620446530E+00   -0.366720764293078227E+01   -0.666452009141427482E+01    1
    0.242748649968868278E+03   -0.955477260097215897E+00   -0.313540339115915501E+01    0.202729529645211765E+00   -0.362460858957674148E+01   -0.667233259141427837E+01    1
    0.191955004632472992E+03   -0.723237395286560059E+00   -0.477451205253601074E+01    0.439664206266403221E-01   -0.361339833575136637E+01   -0.668014509141427837E+01    1
    0.255183482170104980E+03   -0.166809988021850586E+01   -0.268194794654846191E+01    0.954970079898834201E-01   -0.358787871141089987E+01   -0.668795759141427659E+01    1
    0.184212171795680888E+03   -0.104921962927115509E+01   -0.295700183011721318E+01    0.332659886608895006E+00   -0.357409230275444312E+01   -0.669577009141427304E+01    1
    0.281925271742908478E+03   -0.147587013408866108E+01   -0.349574190388210271E+01    0.239458207632139541E+00   -0.355224692417758980E+01   -0.670358259141426682E+01    1
    0.285257700597445535E+03    0.286022919544688392E+00   -0.352220789818318236E+01    0.260690271523023147E-01   -0.354239484456683851E+01   -0.671139509141426149E+01    1
    0.136777392029762268E+03   -0.205115795135498047E+00   -0.474276661872863770E+01    0.224444747757911678E+00   -0.349252183580349129E+01   -0.671920759141426238E+01    1
    0.173207523930192650E+03   -0.898601523913705735E+00   -0.249523717415468038E+01    0.225906520016524920E+00   -0.348917927933392935E+01   -0.672702009141426149E+01    1
    0.231345976677497163E+03   -0.146120305703331543E+01   -0.259088818011952959E+01    0.105077436640883509E+00   -0.347589542399618345E+01   -0.673483259141427038E+01    1
    0.136641336977481842E+03   -0.141770511865615845E+01   -0.449564039707183838E+01    0.270639770579338079E+00   -0.347158630730668794E+01   -0.674264509141428192E+01    1
    0.140910877287387848E+03   -0.477226257324218750E+00   -0.173133969306945801E+01    0.100754067707061773E+00   -0.346343497071000961E+01   -0.675045759141427837E+01    1
    0.272373732924461365E+03   -0.105665349960327148E+01   -0.406279981136322021E+01    0.367819156408309922E+00   -0.339019356576170727E+01   -0.675827009141426771E+01    1
    0.141609632968902588E+03   -0.986450254917144775E+00   -0.140717446804046631E+01    0.394639420509338423E-01   -0.336324313130511099E+01   -0.676608259141426949E+01    1
    0.185518201295704472E+03    0.210356722705723698E+00   -0.307945693858090364E+01    0.171711055445361332E+00   -0.332525340793816815E+01   -0.677389509141427126E+01    1
    0.155736252324320475E+03   -0.101497076290460209E+01   -0.169029259061173009E+01    0.527615297350239043E-01   -0.330748467315496164E+01   -0.678170759141426238E+01    1
    0.127392289042472839E+03    0.623948037624359131E+00   -0.267389774322509766E+01    0.757583840131759723E-01   -0.326407310606343204E+01   -0.678952009141426061E+01    1
    0.220597628378046181E+03   -0.151231868868706920E+01   -0.270403402554015138E+01    0.151396422909087641E+00   -0.324872590699841313E+01   -0.679733259141426327E+01    1
    0.143798488601477032E+03   -0.181599927468570077E+01   -0.169613866226073062E+01    0.169681177457607024E+00   -0.324356057017309807E+01   -0.680514509141427482E+01    1
    0.281716355684865334E+03    0.268850884917064548E+00   -0.478889626107680844E+01    0.358955342200696415E+00   -0.323274652526046413E+01   -0.681295759141427570E+01    1
    0.260848158228108218E+03   -0.161994160374853147E+00   -0.455112890051081997E+01    0.434203774550454391E+00   -0.322283413246581318E+01   -0.682077009141426860E+01    1
    0.248218482732772827E+03   -0.853790521621704102E+00   -0.393030047416687012E+01    0.360351372170448325E+00   -0.322028209057930104E+01   -0.682858259141427482E+01    1
    0.180244989693164825E+03   -0.106234103441238403E+01   -0.334912359714508057E+01    0.417887152147293106E+00   -0.319672226032519990E+01   -0.683639509141427926E+01    1
    0.327810683648365512E+03   -0.266458296915039750E+00   -0.401429015880429230E+01    0.132987625727601838E+00   -0.317579914453451728E+01   -0.684420759141426682E+01    1
    0.257064220309257507E+03   -0.169231057167053223E+01   -0.264418721199035645E+01    0.327693331003189106E-01   -0.316691355675034014E+01   -0.685202009141426238E+01    1
    0.263162410259246826E+03    0.279692411422729492E-01   -0.370931267738342285E+01    0.145159241938591005E+00   -0.315633153435948666E+01   -0.685983259141427304E+01    1
    0.329428006708621979E+03   -0.135392898321151733E+01   -0.328661561012268066E+01    0.195786802053451552E-01   -0.315133492792970227E+01   -0.686764509141426860E+01    1
    0.143764810906408059E+03    0.854162370006075644E+00   -0.478743129301199932E+01    0.663150168941788326E-01   -0.313520202268873494E+01   -0.687545759141427038E+01    1
    0.345768144726753235E+03   -0.267052650451660156E+00   -0.383772790431976318E+01    0.494834230899810837E-01   -0.313475679416840824E+01   -0.688327009141427482E+01    1
    0.195900614559650421E+03    0.452427387237548828E+00   -0.462301254272460938E+01    0.481409632945060728E+00   -0.313275353691247638E+01   -0.689108259141427215E+01    1
    0.188436120748519897E+03   -0.130969166755676270E+01   -0.273754894733428955E+01    0.228670156502723709E+00   -0.312883800260935541E+01   -0.689889509141426771E+01    1
    0.166370471642853033E+03    0.176333788832397698E+00   -0.458235400427829909E+01    0.283139760992321861E-01   -0.307559212093605172E+01   -0.690670759141425794E+01    1
    0.180166514318534126E+03    0.284346026602825042E+00   -0.283752052414645783E+01    0.699758898796531553E-01   -0.307517834597018602E+01   -0.691452009141426860E+01    1
    0.180550445950595019E+03   -0.706820245024274652E+00   -0.338428580794238076E+01    0.378568564789739326E+00   -0.307488109377559216E+01   -0.692233259141427748E+01    1
    0.262778492271900177E+03   -0.199471336603164673E+01   -0.311692118644714355E+01    0.161484697222709667E+00   -0.306545954902659989E+01   -0.693014509141427659E+01    1
    0.129079157114028931E+03   -0.119964510202407837E+01   -0.257929623126983643E+01    0.427482993721961968E+00   -0.305404317400081915E+01   -0.693795759141427570E+01    1
    0.192093356421250178E+03    0.489363961115059531E+00   -0.464937114825536213E+01    0.459723337035806090E+00   -0.305275429848641888E+01   -0.694577009141427482E+01    1
    0.284058893719593698E+03    0.694727041414728852E-01   -0.411094327049624209E+01    0.187203439601015931E+00   -0.304727221427777906E+01   -0.695358259141427304E+01    1
    0.297053810954093933E+03   -0.976055979728698730E+00   -0.398179113864898682E+01    0.239467282247543350E+00   -0.303335441037869380E+01   -0.696139509141427038E+01    1
    0.304884334363158018E+03   -0.944555636000788290E+00   -0.383508773886453902E+01    0.168735363341533773E+00   -0.299772134326914497E+01   -0.696920759141427393E+01    1
    0.195088113458639896E+03   -0.843677475332600402E+00   -0.320271807290454280E+01    0.287354769745327199E+00   -0.299125172482708690E+01   -0.697702009141427038E+01    1
    0.266722010373592525E+03   -0.178614655384366028E+01   -0.288150134418064185E+01    0.571617312738147698E-01   -0.298529289420530031E+01   -0.698483259141426505E+01    1
    0.155434764868371872E+03   -0.117923307174542602E+01   -0.249770951348660741E+01    0.258407749181344570E+00   -0.295078252158293175E+01   -0.699264509141427038E+01    1
    0.302207194628169646E+03   -0.253583275768308969E+00   -0.451388498703080110E+01    0.292874709047119597E+00   -0.292627077165281690E+01   -0.700045759141427126E+01    1
    0.293429608381417722E+03   -0.722415348756919595E-01   -0.494858487472278430E+01    0.414071387220802334E+00   -0.288715318138804200E+01   -0.700827009141426593E+01    1
    0.133706852793693542E+03    0.815336346626281738E+00   -0.383716881275177002E+01    0.332093490600585961E-01   -0.288509799908616227E+01   -0.701608259141426682E+01    1
    0.239977739707729882E+03   -0.404292265619833557E+00   -0.310123785998834123E+01    0.582626935286880421E-01   -0.288359708050823338E+01   -0.702389509141426949E+01    1
    0.292876421480532656E+03   -0.515015705461596696E-02   -0.498014047887404665E+01    0.407737245704176909E+00   -0.287499800898223912E+01   -0.703170759141427393E+01    1
    0.322969736706922731E+03   -0.154053529257863620E+01   -0.447591725237277238E+01    0.345637732489195104E+00   -0.287033511613759718E+01   -0.703952009141427126E+01    1
    0.203246939327675449E+03   -0.150895937171051653E+01   -0.395171688968210777E+01    0.516385266055183090E+00   -0.286779865798335631E+01   -0.704733259141426593E+01    1
    0.306253974555837431E+03   -0.980313960907588378E+00   -0.404960308269823344E+01    0.210031847042715381E+00   -0.285876257960802516E+01   -0.705514509141426505E+01    1
    0.276558655726637653E+03   -0.262507766997830849E+00   -0.333991720182187812E+01    0.108103688615407163E-01   -0.284965924537979243E+01   -0.706295759141427038E+01    1
    0.181221359024288120E+03   -0.882955578113151951E+00   -0.258040760744258302E+01    0.126242712609690361E+00   -0.283797110264655394E+01   -0.707077009141427748E+01    1
    0.251267666353354713E+03   -0.166846801210711249E+01   -0.365981046712916580E+01    0.291473641663524963E+00   -0.282584582743355739E+01   -0.707858259141427659E+01    1
    0.181197124990275199E+03    0.122240214434363725E+00   -0.378650854450246133E+01    0.342518813755946450E+00   -0.280537816045297017E+01   -0.708639509141427038E+01    1
    0.186489748954772949E+03   -0.139641284942626953E+00   -0.283049464225769043E+01    0.103895795989036560E+00   -0.279791792666330785E+01   -0.709420759141427215E+01    1
    0.241147916521222896E+03    0.226702184676754293E+00   -0.353251578227398699E+01    0.586251452716120766E-01   -0.279322531497631399E+01   -0.710202009141427038E+01    1
    0.347780545535096053E+03   -0.187417329953328493E+01   -0.393516952655566321E+01    0.163782319338969695E+00   -0.278536729145822637E+01   -0.710983259141426949E+01    1
    0.147786128160009355E+03    0.531375490878095214E+00   -0.479070014587184279E+01    0.114669904237022835E+00   -0.278032063430021470E+01   -0.711764509141427482E+01    1
    0.138429087824514170E+03   -0.509928411896942491E+00   -0.297561619293589086E+01    0.391172912988846488E+00   -0.277652920798872049E+01   -0.712545759141426949E+01    1
    0.264377236366271973E+03   -0.758976221084594727E+00   -0.365611135959625244E+01    0.168376950001716624E+00   -0.277465826537058113E+01   -0.713327009141426505E+01    1
    0.197904264926910400E+03   -0.100372135639190674E+00   -0.338347852230072021E+01    0.224641948056221008E+00   -0.276234463333160329E+01   -0.714108259141426771E+01    1
    0.163520477712154388E+03    0.351837217807769775E+00   -0.426153063774108887E+01    0.496765906763076803E+00   -0.274938977566691811E+01   -0.714889509141426682E+01    1
    0.242506329715251923E+03   -0.593948662281036377E+00   -0.385120213031768799E+01    0.264885445404052733E+00   -0.274205829583245597E+01   -0.715670759141426238E+01    1
    0.158685570281449856E+03   -0.840787336410506736E-01   -0.479069452493949033E+01    0.220858291146769664E+00   -0.273637016705313174E+01   -0.716452009141426149E+01    1
    0.157275238999809346E+03    0.780785980755683617E+00   -0.487096773737684785E+01    0.216104814710589677E+00   -0.273563238563077427E+01   -0.717233259141426416E+01    1
    0.271384051442146301E+03    0.377805292606353760E+00   -0.431236684322357178E+01    0.149212390422821056E+00   -0.272163640090434011E+01   -0.718014509141426682E+01    1
    0.166634999501249126E+03   -0.150663466015516545E+01   -0.308956520243639421E+01    0.380517937474637302E+00   -0.272128312805451200E+01   -0.718795759141426505E+01    1
    0.348752705752849579E+03   -0.944387853145599365E+00   -0.414302945137023926E+01    0.134828846311569217E+00   -0.271196495946169591E+01   -0.719577009141426505E+01    1
    0.273945595257565685E+03   -0.987283849555473214E+00   -0.339073677228780879E+01    0.754755440774407399E-01   -0.268881004118130251E+01   -0.720358259141426771E+01    1
    0.238975820204218309E+03   -0.868546609555851390E+00   -0.358608943694623861E+01    0.214183329186996924E+00   -0.268641085417418513E+01   -0.721139509141426771E+01    1
    0.181653136382899618E+03   -0.157535427104008141E+01   -0.411198508481342628E+01    0.733107998516023679E-01   -0.268148964458085892E+01   -0.721920759141426682E+01    1
    0.260751238465309143E+03   -0.367305040359497070E+00   -0.407623350620269775E+01    0.245730302309989934E+00   -0.267612832237286469E+01   -0.722702009141426416E+01    1
    0.149791309237480164E+03    0.726521253585815430E+00   -0.495513737201690674E+01    0.184153792691230778E+00   -0.265299561412314633E+01   -0.723483259141426949E+01    1
    0.342939870939015805E+03   -0.129105101352755791E+01   -0.454411221974317581E+01    0.274272305545713135E+00   -0.264394901693208695E+01   -0.724264509141427215E+01    1
    0.258497861027717590E+03   -0.131942772865295410E+01   -0.441454112529754639E+01    0.429352131843566909E+00   -0.264338367197990198E+01   -0.725045759141426771E+01    1
    0.341576836486014827E+03   -0.108193814851543468E+01   -0.448817093540539780E+01    0.242202109939011589E+00   -0.263646839304718750E+01   -0.725827009141427038E+01    1
    0.264605693519115448E+03   -0.182689756155014038E+01   -0.356148183345794678E+01    0.208274289178848271E+00   -0.263364151386775314E+01   -0.726608259141427482E+01    1
    0.237774685509446670E+03    0.433670079773321060E+00   -0.419777163031182088E+01    0.161497763069359784E+00   -0.263285214170583526E+01   -0.727389509141427393E+01    1
    0.294951093921373399E+03   -0.789689173762592400E+00   -0.374453947420097411E+01    0.102773930852004869E+00   -0.261767515325202549E+01   -0.728170759141427215E+01    1
    0.302488180994987488E+03   -0.188144940137863159E+01   -0.330179274082183838E+01    0.454155698776245106E-01   -0.261364402513663308E+01   -0.728952009141427304E+01    1
    0.318072727138912285E+03   -0.985977190052200081E+00   -0.426219092847021574E+01    0.209639275135530212E+00   -0.260680992045450743E+01   -0.729733259141427304E+01    1
    0.253603183717073620E+03   -0.258697505760067781E+00   -0.393520362450215666E+01    0.203818600985897186E+00   -0.260377294142222748E+01   -0.730514509141427570E+01    1
    0.185491628422948338E+03   -0.161170084909694378E+01   -0.449881555433404223E+01    0.194895178131180541E+00   -0.257029156001429682E+01   -0.731295759141427038E+01    1
    0.335220301046180680E+03   -0.150488324823278230E+01   -0.408991158039771285E+01    0.157430425967488657E+00   -0.253731341619670525E+01   -0.732077009141426949E+01    1
    0.257044624893297964E+03   -0.368457882201506770E+00   -0.393098552538900314E+01    0.192095599945080631E+00   -0.253406608184929860E+01   -0.732858259141427482E+01    1
    0.246469689426975663E+03   -0.130743357115968450E+01   -0.373643781753463378E+01    0.250144418679446146E+00   -0.252627499048495263E+01   -0.733639509141427215E+01    1
    0.319322257065601775E+03   -0.439709948448425036E+00   -0.408043746109952998E+01    0.921354316515351629E-01   -0.251636799002246159E+01   -0.734420759141426949E+01    1
    0.289637404930908588E+03   -0.198211224752001924E+01   -0.427780606783390827E+01    0.346598085642651543E+00   -0.251046968085413402E+01   -0.735202009141427038E+01    1
    0.131385642275721636E+03    0.154541567065231256E+00   -0.390697938801915923E+01    0.798119195858197628E-01   -0.250886996536290052E+01   -0.735983259141427304E+01    1
    0.225580895042633216E+03   -0.417150804204702741E+00   -0.412251960173853682E+01    0.334682942187948751E+00   -0.249030848823893525E+01   -0.736764509141427038E+01    1
    0.234534235888380380E+03   -0.100482121526739343E+01   -0.375232650555210645E+01    0.253487116087571351E+00   -0.248950671353267161E+01   -0.737545759141427038E+01    1
    0.347448222448345405E+03   -0.977867821271469317E+00   -0.457106123973883616E+01    0.221637846599784805E+00   -0.247662113659624827E+01   -0.738327009141427215E+01    1
    0.215096926716566713E+03   -0.265419622867780536E+00   -0.369273301454225678E+01    0.224157383853149345E+00   -0.245906815807622969E+01   -0.739108259141427570E+01    1
    0.242386488616466522E+03   -0.989528894424438477E+00   -0.484232664108276367E+01    0.883911784172058124E-01   -0.245615855194706212E+01   -0.739889509141427659E+01    1
    0.237006241948092793E+03   -0.112626794133673203E+01   -0.307352894366185581E+01    0.542486428652990266E-01   -0.244062082863940688E+01   -0.740670759141427570E+01    1
    0.343217532167755280E+03   -0.121011378717516016E+01   -0.425871757720531452E+01    0.153691100378534978E+00   -0.243942324883476758E+01   -0.741452009141427482E+01    1
    0.307652972552375900E+03   -0.172640994238926870E+00   -0.434877468309029602E+01    0.147936861148739413E+00   -0.243307548457774203E+01   -0.742233259141426682E+01    1
    0.154427401126522597E+03   -0.163383328176824216E+01   -0.260578463071975364E+01    0.244874242365717587E+00   -0.240617093949903493E+01   -0.743014509141426416E+01    1
    0.182233161989092025E+03   -0.151508506381197527E+01   -0.322803400559393650E+01    0.291240691726529388E+00   -0.239438662913313571E+01   -0.743795759141426238E+01    1
    0.273383364227473862E+03   -0.178697591758782970E+01   -0.367453202970132509E+01    0.171874387514518945E+00   -0.239134566015268613E+01   -0.744577009141426949E+01    1
    0.280398056910681817E+03   -0.145012303605745019E+01   -0.380303873779328416E+01    0.166040244074921739E+00   -0.238756541090927943E+01   -0.745358259141427304E+01    1
    0.332741341998696612E+03   -0.712550488486761280E+00   -0.404639060295652708E+01    0.552342099723544186E-01   -0.237811098835183987E+01   -0.746139509141426682E+01    1
    0.274951058700080978E+03   -0.148833660401343693E+01   -0.419059645480736176E+01    0.286778747159134373E+00   -0.236991412545406543E+01   -0.746920759141426505E+01    1
    0.186502297358342162E+03    0.886866960776941937E-01   -0.330800469066038128E+01    0.119063003642876003E+00   -0.235789757186889215E+01   -0.747702009141426416E+01    1
    0.166561890357150190E+03    0.494996562166088783E+00   -0.497220218008305093E+01    0.187628891334384235E+00   -0.235023043907013740E+01   -0.748483259141426682E+01    1
    0.243403282891817696E+03   -0.813167997374555584E+00   -0.422068628629096043E+01    0.320451347955999777E+00   -0.234870363500431445E+01   -0.749264509141427215E+01    1
    0.250527394378039588E+03   -0.108391137823453021E+01   -0.441722177286262863E+01    0.377832243448858074E+00   -0.232942742645358702E+01   -0.750045759141427659E+01    1
    0.272654331302985383E+03   -0.445228979505489786E+00   -0.379481764110391318E+01    0.749419808537911680E-01   -0.230243534113712922E+01   -0.750827009141427748E+01    1
    0.183036740124225616E+03   -0.177219533920288086E+01   -0.432837665081024170E+01    0.221299095940589913E+00   -0.227680698013548222E+01   -0.751608259141427304E+01    1
    0.138791625937141418E+03    0.524398561318903944E-01   -0.449624120163429808E+01    0.282587710552664573E+00   -0.227506023948306479E+01   -0.752389509141426505E+01    1
    0.147036292143061843E+03   -0.530471435111658174E+00   -0.302013450599242894E+01    0.271673978535583949E+00   -0.226181205979226529E+01   -0.753170759141426505E+01    1
    0.273500422868203941E+03   -0.130369518695308928E+01   -0.485291481753486220E+01    0.438640600690888893E+00   -0.225284857681559636E+01   -0.753952009141426505E+01    1
    0.239809429481622999E+03   -0.124352649380110081E+01   -0.480227071486885482E+01    0.147073808859784161E+00   -0.224809137369750278E+01   -0.754733259141426505E+01    1
    0.249676993408449221E+03   -0.185186696437001941E+01   -0.476193778533999090E+01    0.522118515038810238E+00   -0.224284875959916308E+01   -0.755514509141427393E+01    1
    0.286058985383739127E+03   -0.161349952715591716E+01   -0.494200820450451417E+01    0.460350189364056084E+00   -0.223816684495587781E+01   -0.756295759141428103E+01    1
    0.172357519041878192E+03   -0.969039861717743145E+00   -0.463371566388806144E+01    0.304419242224411857E+00   -0.222557944484701409E+01   -0.757077009141427126E+01    1
    0.143056495665660151E+03    0.448973933857362617E+00   -0.436814520293432373E+01    0.158883339274523860E+00   -0.222008499705564954E+01   -0.757858259141426327E+01    1
    0.270144455134868622E+03   -0.745544433593750000E-01   -0.472800970077514648E+01    0.286724320793151854E+00   -0.221528162160645659E+01   -0.758639509141426505E+01    1
    0.146715228793312519E+03   -0.134887608758740507E+00   -0.462447188188473213E+01    0.331560396949404479E+00   -0.221441008376047144E+01   -0.759420759141427126E+01    1
    0.259549204668908146E+03   -0.227444370124509243E+00   -0.443053215400979283E+01    0.249652855770868404E+00   -0.221275738018784729E+01   -0.760202009141427393E+01    1
    0.306061061411547826E+03   -0.343317307784212655E+00   -0.467919447570447833E+01    0.215955609131074144E+00   -0.220922976607395682E+01   -0.760983259141427126E+01    1
    0.231991734789250359E+03    0.265932282107161022E+00   -0.406171293782804721E+01    0.114779852708497387E+00   -0.220204882464984575E+01   -0.761764509141427304E+01    1
    0.261824387599034822E+03   -0.517310658269298784E-02   -0.468505442791908155E+01    0.278298524138910319E+00   -0.220109231519820447E+01   -0.762545759141426949E+01    1
    0.203262386445585719E+03   -0.566925268065343602E-01   -0.331047608460837095E+01    0.718514598324088288E-01   -0.220107724864471432E+01   -0.763327009141426949E+01    1
    0.251219911919441415E+03   -0.196244448293512219E+01   -0.492610992866116604E+01    0.221526356750334802E+00   -0.220101168851814633E+01   -0.764108259141427304E+01    1
    0.214371399405721405E+03   -0.500007580208195357E+00   -0.449729640795163732E+01    0.825788187922736755E-01   -0.219779392474495605E+01   -0.764889509141427393E+01    1
    0.317179185918040503E+03   -0.840514799467569018E+00   -0.422434007148432400E+01    0.109764901690513936E+00   -0.219737516455683313E+01   -0.765670759141426949E+01    1
    0.266253418548545028E+03   -0.140621207137628534E+01   -0.398266530336024527E+01    0.205114411714443085E+00   -0.219107540267804524E+01   -0.766452009141426771E+01    1
    0.143866014480590820E+03    0.283885240554809570E+00   -0.303616583347320557E+01    0.133118491959571844E+00   -0.218691927559393973E+01   -0.767233259141426682E+01    1
    0.238424683088607992E+03   -0.332681872855226768E+00   -0.497434365078690366E+01    0.129815495089047606E+00   -0.218431109981076421E+01   -0.768014509141426771E+01    1
    0.293715334133604756E+03    0.871927171629556241E-01   -0.454417123969011350E+01    0.136346520609434974E+00   -0.217476059069480909E+01   -0.768795759141427126E+01    1
    0.190078088641166687E+03   -0.185428023338317871E+01   -0.395629405975341797E+01    0.126948340272903443E+00   -0.217401205832412714E+01   -0.769577009141427393E+01    1
    0.184263124367965588E+03   -0.132283833785637350E+00   -0.474282056116104833E+01    0.211280679012398637E+00   -0.217295230490961799E+01   -0.770358259141427570E+01    1
    0.348737175762653351E+03   -0.111303031444549561E+01   -0.485669851303100586E+01    0.248160267162323006E+00   -0.217043976729940447E+01   -0.771139509141427304E+01    1
    0.233905706821105468E+03   -0.976473386653549991E+00   -0.432452091729273569E+01    0.347823626959473886E+00   -0.215990544223044845E+01   -0.771920759141427215E+01    1
    0.290675879558841302E+03   -0.188803698847668233E+01   -0.418690002485434487E+01    0.238996705435478962E+00   -0.215719904410709074E+01   -0.772702009141426860E+01    1
    0.312278661536162986E+03    0.209747787727487367E+00   -0.467666084559789219E+01    0.842365091307208935E-01   -0.213459216480349534E+01   -0.773483259141426682E+01    1
    0.296677642974956484E+03    0.354133541322823042E-01   -0.461606366186559569E+01    0.146576877448776649E+00   -0.211941992814171520E+01   -0.774264509141426860E+01    1
    0.172153596580028534E+03   -0.155356955528259277E+01   -0.435067772865295410E+01    0.301451361894607528E+00   -0.211786885263846125E+01   -0.775045759141427126E+01    1
    0.269969492694127894E+03   -0.107353402710806556E+01   -0.467715956121976983E+01    0.344781003219877979E+00   -0.211285500659932968E+01   -0.775827009141427570E+01    1
    0.187943286312123007E+03   -0.561548353996082827E+00   -0.326726785943040365E+01    0.137418486756160863E+00   -0.210905881412058882E+01   -0.776608259141427570E+01    1
    0.215187900402791286E+03   -0.140809529767193076E+01   -0.460117630237088804E+01    0.216132345642680718E+00   -0.210509830559563316E+01   -0.777389509141427215E+01    1
    0.197935070097446442E+03   -0.829560160636901855E-01   -0.466736555099487305E+01    0.462301606392860442E+00   -0.210280681366899724E+01   -0.778170759141426682E+01    1
    0.285986088822033821E+03   -0.954892289427499596E+00   -0.410805870163908171E+01    0.136269097943551215E+00   -0.210102597800604496E+01   -0.778952009141426416E+01    1
    0.183143331604607511E+03   -0.553149238543553246E+00   -0.408444070797821368E+01    0.380491118776741577E+00   -0.209123908593600305E+01   -0.779733259141426682E+01    1
    0.307393130645674944E+03   -0.143954500620304149E+01   -0.373046564784331114E+01    0.120345893142948853E-01   -0.208934889528675427E+01   -0.780514509141427038E+01    1
    0.285364168686891730E+03   -0.112015151106240696E+01   -0.481068326541165536E+01    0.346502275086290001E+00   -0.208704966053546892E+01   -0.781295759141427038E+01    1
    0.299136624387785446E+03   -0.141691614464430171E+01   -0.415169619594679684E+01    0.148582436797742357E+00   -0.208193847276322330E+01   -0.782077009141427304E+01    1
    0.232290387886661250E+03   -0.182715985140161030E+01   -0.435650269485563157E+01    0.410277659787157856E+00   -0.207921877044965964E+01   -0.782858259141427038E+01    1
    0.237640182040207833E+03   -0.855973411470194012E+00   -0.349303349312722577E+01    0.655838883174981735E-01   -0.207527310020300160E+01   -0.783639509141426327E+01    1
    0.147843208718032912E+03   -0.707878285736700752E+00   -0.350480700876590978E+01    0.378437317885126967E+00   -0.207412945824966810E+01   -0.784420759141426505E+01    1
    0.261290599252682114E+03   -0.754491689031651980E+00   -0.373928714231567749E+01    0.622700443590812405E-01   -0.207116057875187209E+01   -0.785202009141426771E+01    1
    0.127294160425662994E+03   -0.654143154621124268E+00   -0.470398366451263428E+01    0.547476884651184048E+00   -0.206679890250227682E+01   -0.785983259141426682E+01    1
    0.283694103360176086E+03   -0.183027017116546631E+01   -0.401413559913635254E+01    0.174258363604545607E+00   -0.206410438376610372E+01   -0.786764509141426416E+01    1
    0.188705424326966181E+03   -0.118248339267127167E+01   -0.419972217849985086E+01    0.175645244624158564E+00   -0.206246466720884625E+01   -0.787545759141426682E+01    1
    0.316646207869052887E+03   -0.547633171081542969E-01   -0.489956915378570557E+01    0.183913228797912609E+00   -0.206085415259755278E+01   -0.788327009141426682E+01    1
    0.191400303446192879E+03    0.131110148719009167E+00   -0.476336238661044487E+01    0.444510721640620277E+00   -0.205927830363817499E+01   -0.789108259141426682E+01    1
    0.182315129347171734E+03   -0.122738888952359004E+01   -0.455852721799855765E+01    0.301361056673919603E+00   -0.205835540563267916E+01   -0.789889509141427570E+01    1
    0.270445841550827026E+03   -0.112787258625030518E+01   -0.493426620960235596E+01    0.400498691725730938E+00   -0.204241655179493398E+01   -0.790670759141427926E+01    1
    0.187140589558612362E+03   -0.151183313610985293E+01   -0.427765247231353207E+01    0.236827359421604017E+00   -0.203970207156347616E+01   -0.791452009141427482E+01    1
    0.178209587384532000E+03   -0.768980749042117662E+00   -0.336473449750282327E+01    0.196161875832705862E+00   -0.203678015609006513E+01   -0.792233259141427482E+01    1
    0.278689599871543123E+03   -0.658047930855233387E+00   -0.475932126136212652E+01    0.288201199260475716E+00   -0.203627811074664988E+01   -0.793014509141427393E+01    1
    0.199952570152617824E+03    0.715332535996355823E-01   -0.436116075002437764E+01    0.612025598237559074E-01   -0.203062456388198820E+01   -0.793795759141427215E+01    1
    0.274972168113436396E+03   -0.120040299245716997E+01   -0.461181012289872250E+01    0.296346534496932601E+00   -0.201991559329731407E+01   -0.794577009141427126E+01    1
    0.263677951664562045E+03   -0.127060946973708333E+01   -0.491292194098595569E+01    0.177756920025443160E+00   -0.201777762152075946E+01   -0.795358259141427304E+01    1
    0.208847008403333859E+03   -0.658029899658794104E-01   -0.333543582231308822E+01    0.107482027798319734E-01   -0.201599180673302447E+01   -0.796139509141427748E+01    1
    0.167445808991765603E+03    0.213664536443911146E+00   -0.338039946318691387E+01    0.973039170182971452E-01   -0.201092178452602477E+01   -0.796920759141427482E+01    1
    0.274785734078786902E+03   -0.567786181597653705E+00   -0.396570538167288777E+01    0.550657277372818971E-01   -0.201083039533012897E+01   -0.797702009141426860E+01    1
    0.211808664379756920E+03   -0.147058901037673673E+01   -0.475879167562601513E+01    0.306712171705292469E+00   -0.201065548079046819E+01   -0.798483259141427126E+01    1
    0.150785239380238551E+03   -0.733925560105964880E+00   -0.373928432998613136E+01    0.412967483713655381E+00   -0.200537416101370969E+01   -0.799264509141426949E+01    1
    0.202450249732429029E+03   -0.687187498624486359E+00   -0.452577238237922508E+01    0.203254315279104675E+00   -0.200346496409555641E+01   -0.800045759141426771E+01    1
    0.184468381089871428E+03   -0.177292281172403299E+01   -0.394090322464107956E+01    0.179828847798515684E+00   -0.200216449571322030E+01   -0.800827009141427126E+01    1
    0.201604900592828301E+03    0.344930252804622750E+00   -0.421525688144991939E+01    0.170256869287128576E+00   -0.199931582565785693E+01   -0.801608259141427482E+01    1
    0.185270672653134426E+03    0.190150679141443568E+00   -0.484134263922400976E+01    0.441361091483008894E+00   -0.199235354946545939E+01   -0.802389509141427659E+01    1
    0.272476833746150305E+03   -0.855909308474437358E+00   -0.474875655414982756E+01    0.803355476406676372E-01   -0.199191874493579268E+01   -0.803170759141426949E+01    1
    0.142930779500774008E+03   -0.839451694003067628E+00   -0.309200269925984950E+01    0.264165468371238055E+00   -0.198763909397680383E+01   -0.803952009141427126E+01    1
    0.151464452230077598E+03   -0.119634765552807076E+01   -0.250138967506703080E+01    0.828414077092903683E-01   -0.198646622517519100E+01   -0.804733259141426949E+01    1
    0.172132501006126404E+03   -0.142296546697616577E+01   -0.377731144428253174E+01    0.166311259818077095E+00   -0.198517620273935336E+01   -0.805514509141426593E+01    1
    0.224306365851493808E+03    0.947811652897154744E-01   -0.387260585790281509E+01    0.652256242705580302E-01   -0.198347345016318588E+01   -0.806295759141426949E+01    1
    0.192509615872263907E+03   -0.923630728753901620E+00   -0.432834343349807327E+01    0.208052393541642455E+00   -0.198205823876494280E+01   -0.807077009141426949E+01    1
    0.222761697031465076E+03   -0.291006853375593622E+00   -0.368189266500098178E+01    0.815758169663737820E-01   -0.198056246701395633E+01   -0.807858259141426949E+01    1
    0.181311656484974719E+03   -0.127363028838570491E+01   -0.314926906115898841E+01    0.144100016995502705E+00   -0.198019723606984588E+01   -0.808639509141426949E+01    1
    0.310974313527077584E+03   -0.606267814113063075E+00   -0.430867173226755362E+01    0.602656735555425829E-01   -0.197803892354807465E+01   -0.809420759141427482E+01    1
    0.198594576993574890E+03   -0.189611069816564504E+01   -0.429622431823022044E+01    0.264616963191316723E+00   -0.197602851823755277E+01   -0.810202009141427482E+01    1
    0.300867979228496552E+03   -0.182217615842819214E+01   -0.495919942855834961E+01    0.367266893219947821E+00   -0.197423466939477632E+01   -0.810983259141427482E+01    1
    0.267012398107111949E+03   -0.132849729975903053E+01   -0.489042626427225535E+01    0.389002588815944184E+00   -0.197157200371203922E+01   -0.811764509141427126E+01    1
    0.215379565905959794E+03   -0.284023249368634545E-01   -0.432001225368568154E+01    0.248419562046906156E+00   -0.197144122357492746E+01   -0.812545759141427126E+01    1
    0.250338219106197357E+03   -0.175440514087677002E+01   -0.410760939121246338E+01    0.433717491388320928E-01   -0.196992573604336574E+01   -0.813327009141427659E+01    1
    0.290213209105139924E+03   -0.155000941206150489E+01   -0.437782156280005808E+01    0.812605523164754151E-02   -0.196970079722810087E+01   -0.814108259141426949E+01    1
    0.298962310277907648E+03   -0.854575993572650461E+00   -0.411918892818623839E+01    0.555766315784508580E-01   -0.196954998466109199E+01   -0.814889509141426593E+01    1
    0.259965379914645439E+03   -0.936536329921543231E+00   -0.369643359312326059E+01    0.337707162045190468E-01   -0.196478230207510540E+01   -0.815670759141426238E+01    1
    0.215450592339038849E+03   -0.187191736698150635E+01   -0.413024246692657471E+01    0.165004893136024483E+00   -0.196234778435704760E+01   -0.816452009141426949E+01    1
    0.265702138855382032E+03   -0.485973076187202313E+00   -0.476449874455822453E+01    0.813533010129330603E-01   -0.195675952235280115E+01   -0.817233259141426949E+01    1
    0.191813172547302884E+03   -0.144292477810596331E+01   -0.436998328413965620E+01    0.278470117306802933E+00   -0.195507044795625440E+01   -0.818014509141426061E+01    1
    0.279087434794722810E+03   -0.162019675973977417E+01   -0.394061053108562787E+01    0.106987023585128821E+00   -0.195405385840809087E+01   -0.818795759141426061E+01    1
    0.203260177933016848E+03   -0.106872840423827919E+01   -0.497467507410496346E+01    0.385461405978529681E+00   -0.195197344436189324E+01   -0.819577009141427126E+01    1
    0.164497781803876961E+03    0.177266567290145893E+00   -0.418920654045853791E+01    0.328691647183095736E+00   -0.195104473248469579E+01   -0.820358259141428015E+01    1
    0.235749855452306861E+03   -0.159185278043096234E+01   -0.482646926111377006E+01    0.469583689912703217E+00   -0.194790096927660139E+01   -0.821139509141427659E+01    1
    0.196621804108099013E+03    0.109302399247040327E+00   -0.440038426659704474E+01    0.110033743691266298E+00   -0.194640400489259058E+01   -0.821920759141426949E+01    1
    0.180387261784259493E+03   -0.130001061206540336E+01   -0.290954542306207919E+01    0.656165609966169322E-01   -0.194417155905400318E+01   -0.822702009141426061E+01    1
    0.149552924433206272E+03    0.159796804750529375E+00   -0.477920924494024568E+01    0.566650474882132493E+00   -0.194377700215472116E+01   -0.823483259141425883E+01    1
    0.217325798448812918E+03    0.700511762031776897E-01   -0.419147607707196901E+01    0.168488513954621971E+00   -0.194324314766903106E+01   -0.824264509141426238E+01    1
    0.248511148610922248E+03   -0.214176957307286919E+00   -0.390967992059399050E+01    0.483879324854210105E-01   -0.194122855520684423E+01   -0.825045759141426593E+01    1
