    0.299252940714359283E+03    0.494830608367919922E+00    0.391436517238616943E+01    0.556218555521965086E+00   -0.754755730997934506E+02   -0.485202009141426682E+01    1
    0.289665612578392029E+03    0.710868775844573975E+00    0.358856916427612305E+01    0.399893034338951125E+00   -0.599049433247873750E+02   -0.485983259141427482E+01    1
    0.282098537683486938E+03    0.813546061515808105E+00    0.361395597457885742E+01    0.338001618361473077E+00   -0.577761373651386236E+02   -0.486764509141427837E+01    1
    0.172153596580028534E+03   -0.155356955528259277E+01   -0.435067772865295410E+01    0.301451361894607528E+00   -0.566587710448521022E+02   -0.487545759141427837E+01    1
    0.214884082973003387E+03    0.693317651748657227E+00    0.403800070285797119E+01    0.431142526316642793E+00   -0.560331442396843329E+02   -0.488327009141427215E+01    1
    0.194850516319274902E+03    0.483321249485015869E+00    0.446262776851654053E+01    0.440076928067207329E+00   -0.549916482432286813E+02   -0.489108259141427038E+01    1
    0.254583968222141266E+03    0.674565792083740234E+00    0.391900539398193359E+01    0.331153548002243059E+00   -0.545068589977381919E+02   -0.489889509141427659E+01    1
    0.215450592339038849E+03   -0.187191736698150635E+01   -0.413024246692657471E+01    0.165004893136024483E+00   -0.524623664873021980E+02   -0.490670759141427038E+01    1
    0.209451282024383545E+03   -0.144727772474288940E+01    0.473685383796691895E+01    0.431009706115722646E+00   -0.506679694122752480E+02   -0.491452009141427393E+01    1
    0.303534068167209625E+03    0.195546865463256836E+00    0.310391485691070557E+01    0.490120154356956494E+00   -0.493359731412548186E+02   -0.492233259141426949E+01    1
    0.180468954145908356E+03    0.490760803222656250E-01   -0.388320147991180420E+01    0.187134758377075189E+00   -0.450147174842137687E+02   -0.493014509141426949E+01    1
    0.294512605667114258E+03   -0.169725441932678223E+01   -0.453371405601501465E+01    0.174372794365882877E+00   -0.448815651697222435E+02   -0.493795759141427482E+01    1
    0.192590647935867310E+03    0.883223235607147217E+00    0.423136413097381592E+01    0.189646981000900272E+00   -0.442403581170179905E+02   -0.494577009141427482E+01    1
    0.148310180008411407E+03   -0.809545159339904785E+00    0.456778466701507568E+01    0.527243895220756542E+00   -0.411193596697709722E+02   -0.495358259141427215E+01    1
    0.316646207869052887E+03   -0.547633171081542969E-01   -0.489956915378570557E+01    0.183913228797912609E+00   -0.409617897737063572E+02   -0.496139509141427393E+01    1
    0.204064789414405823E+03   -0.635315299034118652E+00    0.463771581649780273E+01    0.271560095500946064E+00   -0.406030983645175496E+02   -0.496920759141427215E+01    1
    0.197935070097446442E+03   -0.829560160636901855E-01   -0.466736555099487305E+01    0.462301606392860442E+00   -0.401169454217451289E+02   -0.497702009141426860E+01    1
    0.345929305255413055E+03    0.415662527084350586E-01    0.286090910434722900E+01    0.350438884234428427E+00   -0.398824694573350982E+02   -0.498483259141426771E+01    1
    0.127392289042472839E+03    0.623948037624359131E+00   -0.267389774322509766E+01    0.757583840131759723E-01   -0.388418919788776051E+02   -0.499264509141426949E+01    1
    0.270144455134868622E+03   -0.745544433593750000E-01   -0.472800970077514648E+01    0.286724320793151854E+00   -0.384531144465383363E+02   -0.500045759141427038E+01    1
    0.249979366362094879E+03   -0.176583886146545410E+01    0.406800210475921631E+01    0.298941322803497334E+00   -0.371502671764074393E+02   -0.500827009141427038E+01    1
    0.163520477712154388E+03    0.351837217807769775E+00   -0.426153063774108887E+01    0.496765906763076803E+00   -0.356203344340376660E+02   -0.501608259141426771E+01    1
    0.195900614559650421E+03    0.452427387237548828E+00   -0.462301254272460938E+01    0.481409632945060728E+00   -0.343030296778665473E+02   -0.502389509141427126E+01    1
    0.260751238465309143E+03   -0.367305040359497070E+00   -0.407623350620269775E+01    0.245730302309989934E+00   -0.330466913455003279E+02   -0.503170759141427926E+01    1
    0.346764612197875977E+03   -0.674247741699218750E-01    0.228216409683227539E+01    0.403450657367706300E+00   -0.328667499298315775E+02   -0.503952009141427748E+01    1
    0.197904264926910400E+03   -0.100372135639190674E+00   -0.338347852230072021E+01    0.224641948056221008E+00   -0.328130234861055925E+02   -0.504733259141427748E+01    1
    0.186489748954772949E+03   -0.139641284942626953E+00   -0.283049464225769043E+01    0.103895795989036560E+00   -0.324786709118081376E+02   -0.505514509141427215E+01    1
    0.224864582717418671E+03    0.823709845542907715E+00   -0.409127712249755859E+01    0.183305114936828606E+00   -0.320216293780450201E+02   -0.506295759141426593E+01    1
    0.318309070169925690E+03   -0.699851036071777344E+00    0.256301164627075195E+01    0.405038256239891092E+00   -0.320187049029301392E+02   -0.507077009141427304E+01    1
    0.251731278002262115E+03   -0.103341788053512573E+01    0.340747177600860596E+01    0.344586334204673772E+00   -0.317369398123438415E+02   -0.507858259141427304E+01    1
    0.264377236366271973E+03   -0.758976221084594727E+00   -0.365611135959625244E+01    0.168376950001716624E+00   -0.316404174125879933E+02   -0.508639509141426860E+01    1
    0.302488180994987488E+03   -0.188144940137863159E+01   -0.330179274082183838E+01    0.454155698776245106E-01   -0.313553964990803706E+02   -0.509420759141426771E+01    1
    0.149349576234817505E+03   -0.717883527278900146E+00    0.393261313438415527E+01    0.523907218408584563E+00   -0.313177561999713419E+02   -0.510202009141427126E+01    1
    0.251964160799980164E+03   -0.104772067070007324E+01    0.273590743541717529E+01    0.523895277214050270E+00   -0.310985334554352129E+02   -0.510983259141427748E+01    1
    0.180476450920104980E+03   -0.522017002105712891E+00    0.354942798614501953E+01    0.470864056992530866E+00   -0.307527344528457220E+02   -0.511764509141427038E+01    1
    0.263162410259246826E+03    0.279692411422729492E-01   -0.370931267738342285E+01    0.145159241938591005E+00   -0.306335129854992374E+02   -0.512545759141426505E+01    1
    0.345768144726753235E+03   -0.267052650451660156E+00   -0.383772790431976318E+01    0.494834230899810837E-01   -0.298623713303108680E+02   -0.513327009141426593E+01    1
    0.334318505227565765E+03    0.862719893455505371E+00    0.144457638263702393E+01    0.344713081455230719E+00   -0.295059429442237295E+02   -0.514108259141427038E+01    1
    0.348774619400501251E+03    0.550628602504730225E+00    0.292952120304107666E+01    0.259383898258209247E-01   -0.289062210130750366E+02   -0.514889509141427304E+01    1
    0.188436120748519897E+03   -0.130969166755676270E+01   -0.273754894733428955E+01    0.228670156502723709E+00   -0.283925374363766920E+02   -0.515670759141427038E+01    1
    0.259889176487922668E+03    0.242750167846679688E+00   -0.310835540294647217E+01    0.237674124240875272E-02   -0.283072404620734090E+02   -0.516452009141426771E+01    1
    0.329428006708621979E+03   -0.135392898321151733E+01   -0.328661561012268066E+01    0.195786802053451552E-01   -0.282324018020426770E+02   -0.517233259141426593E+01    1
    0.253354483842849731E+03   -0.132449084520339966E+01    0.347156286239624023E+01    0.259255786299705526E+00   -0.277667131524288848E+02   -0.518014509141426593E+01    1
    0.271039655804634094E+03    0.370879828929901123E+00   -0.423071146011352539E+01    0.286913059902191181E+00   -0.277009655125764453E+02   -0.518795759141426949E+01    1
    0.257064220309257507E+03   -0.169231057167053223E+01   -0.264418721199035645E+01    0.327693331003189106E-01   -0.276753218635683353E+02   -0.519577009141427038E+01    1
    0.140910877287387848E+03   -0.477226257324218750E+00   -0.173133969306945801E+01    0.100754067707061773E+00   -0.276550483109361771E+02   -0.520358259141426593E+01    1
    0.238495783507823944E+03   -0.992922782897949219E-01    0.399277389049530029E+01    0.686277849912643456E-01   -0.275872291180446112E+02   -0.521139509141426771E+01    1
    0.141609632968902588E+03   -0.986450254917144775E+00   -0.140717446804046631E+01    0.394639420509338423E-01   -0.274533805363198056E+02   -0.521920759141426860E+01    1
    0.213370861113071442E+03    0.348511993885040283E+00   -0.321447193622589111E+01    0.174252870655059816E+00   -0.274254290434221275E+02   -0.522702009141426593E+01    1
    0.272373732924461365E+03   -0.105665349960327148E+01   -0.406279981136322021E+01    0.367819156408309922E+00   -0.272329531079288500E+02   -0.523483259141426860E+01    1
    0.317829625308513641E+03   -0.157334208488464355E-01   -0.374810934066772461E+01    0.103311359810829173E+00   -0.272154897022577487E+02   -0.524264509141427393E+01    1
    0.148360350728034973E+03    0.259562969207763672E+00   -0.366691052913665771E+01    0.568897545289993256E+00   -0.271426851615219640E+02   -0.525045759141427482E+01    1
    0.214522628486156464E+03    0.743683278560638428E+00    0.358226299285888672E+01    0.453296273946762127E-01   -0.270622299165766371E+02   -0.525827009141427659E+01    1
    0.184703062474727631E+03   -0.123495727777481079E+01    0.438230812549591064E+01    0.177644101667404186E+00   -0.268289778321031562E+02   -0.526608259141428015E+01    1
    0.327308873832225800E+03   -0.195897936820983887E+00   -0.319956243038177490E+01    0.984223959445953457E-02   -0.243395808961983064E+02   -0.527389509141427659E+01    1
    0.295982201397418976E+03   -0.102343595027923584E+01   -0.374363780021667480E+01    0.297231650805473313E+00   -0.237893472049964672E+02   -0.528170759141427126E+01    1
    0.340413208305835724E+03   -0.182422035932540894E+01    0.238216698169708252E+01    0.301323147583007822E+00   -0.235042633389493041E+02   -0.528952009141427393E+01    1
    0.312197710573673248E+03   -0.122350817918777466E+01   -0.378302156925201416E+01    0.301596942114830013E+00   -0.227439185430807029E+02   -0.529733259141427126E+01    1
    0.342678789794445038E+03   -0.101669269800186157E+01    0.284800767898559570E+01    0.105670325732231146E+00   -0.225790388680394614E+02   -0.530514509141426416E+01    1
    0.294781228899955750E+03   -0.776798427104949951E+00   -0.272966206073760986E+01    0.353769829273223868E-01   -0.222226178367576424E+02   -0.531295759141427038E+01    1
    0.282609806954860687E+03    0.441906332969665527E+00   -0.304324924945831299E+01    0.312344801902771016E-01   -0.221804331085058273E+02   -0.532077009141427038E+01    1
    0.210961084067821503E+03   -0.192743855714797974E+01   -0.194626629352569580E+01    0.109761310744285592E+00   -0.218111223716613374E+02   -0.532858259141426416E+01    1
    0.274512647092342377E+03    0.628530323505401611E+00   -0.393319606781005859E+01    0.266973550915718061E+00   -0.215714956575765555E+02   -0.533639509141427304E+01    1
    0.242020997405052185E+03    0.181063294410705566E+00   -0.335590600967407227E+01    0.280300231075286899E+00   -0.214639602888009193E+02   -0.534420759141427837E+01    1
    0.322774854302406311E+03   -0.186920762062072754E+00   -0.301769673824310303E+01    0.477739899158477824E-01   -0.208456888363989101E+02   -0.535202009141427126E+01    1
    0.265540108084678650E+03    0.680938363075256348E+00    0.247224092483520508E+01    0.952996712207794250E-01   -0.207829801498569786E+02   -0.535983259141427126E+01    1
    0.160399150848388672E+03   -0.999983429908752441E+00    0.358663320541381836E+01    0.359955402159690852E+00   -0.207653102766798128E+02   -0.536764509141427837E+01    1
    0.165851947665214539E+03   -0.103532528877258301E+01    0.324502527713775635E+01    0.440808343291282656E+00   -0.207625951777131270E+02   -0.537545759141427215E+01    1
    0.209587511420249939E+03   -0.583336949348449707E-01   -0.235492467880249023E+01    0.142331874132156366E+00   -0.207375478412782783E+02   -0.538327009141427126E+01    1
    0.220696362853050232E+03    0.948727607727050781E+00   -0.449605584144592285E+01    0.547711239123344407E+00   -0.206761313435459755E+02   -0.539108259141427482E+01    1
    0.323820620775222778E+03   -0.151184421777725220E+01   -0.434633135795593262E+01    0.505408329248428378E+00   -0.205635066892903566E+02   -0.539889509141427748E+01    1
    0.187099951505661011E+03   -0.183267450332641602E+01    0.265960395336151123E+01    0.553575662112236078E+00   -0.204038237877441659E+02   -0.540670759141427926E+01    1
    0.224754357337951660E+03   -0.183825796842575073E+01   -0.325003981590270996E+01    0.486457789993286149E+00   -0.197272842983846388E+02   -0.541452009141427926E+01    1
    0.275330613553524017E+03    0.840737044811248779E+00   -0.459367632865905762E+01    0.459830325007438701E+00   -0.196390497519473826E+02   -0.542233259141428015E+01    1
    0.173101489245891571E+03   -0.154396545886993408E+01   -0.116417348384857178E+01    0.481771587610244773E-01   -0.195780755789949374E+02   -0.543014509141427837E+01    1
    0.231056328117847443E+03   -0.763472497463226318E+00    0.299042940139770508E+01    0.237119370460510265E+00   -0.195074384881772751E+02   -0.543795759141427748E+01    1
    0.252018448710441589E+03    0.364786386489868164E-02   -0.406003057956695557E+01    0.529146843981742832E+00   -0.193507100222793511E+02   -0.544577009141427748E+01    1
    0.169677166640758514E+03   -0.165610986948013306E+01   -0.167072236537933350E+01    0.227618921971321109E+00   -0.191919258018700702E+02   -0.545358259141427038E+01    1
    0.184732258319854736E+03    0.292967379093170166E+00    0.379017651081085205E+01    0.387783127784728995E-01   -0.190589063269595087E+02   -0.546139509141426327E+01    1
    0.182083469629287720E+03    0.357845187187194824E+00   -0.315821349620819092E+01    0.456177445363998402E+00   -0.187063593072731464E+02   -0.546920759141426149E+01    1
    0.166688635945320129E+03    0.351289868354797363E+00   -0.215037465095520020E+01    0.264398074078559864E+00   -0.177093314100332719E+02   -0.547702009141426238E+01    1
    0.335138295590877533E+03    0.441492915153503418E+00   -0.458088040351867676E+01    0.458112737703323392E+00   -0.176790786476737054E+02   -0.548483259141427393E+01    1
    0.290242421627044678E+03   -0.189096552133560181E+01    0.280527412891387939E+01    0.148499432873725884E+00   -0.175002484702321510E+02   -0.549264509141427659E+01    1
    0.329701055586338043E+03   -0.109415256977081299E+01   -0.245995640754699707E+01    0.245224029779434229E-01   -0.172879283485862167E+02   -0.550045759141427482E+01    1
    0.256262145936489105E+03   -0.177906054258346558E+01   -0.314915478229522705E+01    0.434829898953437821E+00   -0.170142466186445134E+02   -0.550827009141427482E+01    1
    0.343731395900249481E+03    0.446379184722900391E+00    0.301253199577331543E+00    0.532640462207794263E+00   -0.170097056941555174E+02   -0.551608259141426771E+01    1
    0.309179635345935822E+03   -0.176100963354110718E+01    0.292992413043975830E+01    0.426650351285934454E-01   -0.169446984380260837E+02   -0.552389509141426327E+01    1
    0.184807440638542175E+03   -0.197531545162200928E+01    0.290153324604034424E+01    0.401756986570358299E+00   -0.168524532931729283E+02   -0.553170759141427304E+01    1
    0.201245224475860596E+03    0.578020572662353516E+00   -0.236289978027343750E+01    0.173455676507949824E+00   -0.167714552666507117E+02   -0.553952009141427837E+01    1
    0.311580252647399902E+03   -0.153060555458068848E-01   -0.399480164051055908E+01    0.429928140950202931E+00   -0.167262127605164785E+02   -0.554733259141427215E+01    1
    0.247794224321842194E+03   -0.180348438024520874E+01    0.216843187808990479E+01    0.403868257999420166E+00   -0.165466664157053387E+02   -0.555514509141427126E+01    1
    0.319234083592891693E+03    0.433629751205444336E-02   -0.310919463634490967E+01    0.170942055058479314E+00   -0.165334325884200268E+02   -0.556295759141427038E+01    1
    0.239240780472755432E+03    0.777775228023529053E+00   -0.401049196720123291E+01    0.496149468183517461E+00   -0.163778179996009392E+02   -0.557077009141426682E+01    1
    0.321604137122631073E+03   -0.138009786605834961E-01   -0.428684115409851074E+01    0.516452774190902741E+00   -0.159201896826106335E+02   -0.557858259141426949E+01    1
    0.266951982676982880E+03    0.581465959548950195E-01    0.187775850296020508E+01    0.284859140324592586E+00   -0.156896301094056216E+02   -0.558639509141427038E+01    1
    0.342930461466312408E+03    0.411484181880950928E+00   -0.434832990169525146E+01    0.453323875164985679E+00   -0.154210815209743046E+02   -0.559420759141427038E+01    1
    0.334929338097572327E+03   -0.104040521383285522E+01   -0.392245233058929443E+01    0.479496141815185573E+00   -0.151293619533588899E+02   -0.560202009141427748E+01    1
    0.214716994762420654E+03   -0.375367581844329834E+00    0.239548504352569580E+01    0.310476857900619518E+00   -0.149623179851198351E+02   -0.560983259141427482E+01    1
    0.340911227464675903E+03   -0.907011806964874268E+00    0.994227528572082520E+00    0.422139377403259297E+00   -0.149314805018895491E+02   -0.561764509141427304E+01    1
    0.340840604901313782E+03    0.575102686882019043E+00   -0.406253755092620850E+01    0.353187133097648653E+00   -0.148642698382685072E+02   -0.562545759141427126E+01    1
    0.289259231090545654E+03   -0.411978662014007568E+00   -0.288606286048889160E+01    0.275710138249397274E+00   -0.144167960355623919E+02   -0.563327009141427126E+01    1
    0.318268233537673950E+03   -0.958755373954772949E+00    0.136471569538116455E+01    0.345152005648612981E+00   -0.142661347236503140E+02   -0.564108259141427304E+01    1
    0.236415663361549377E+03   -0.112515854835510254E+01    0.196592688560485840E+01    0.385711978769302355E+00   -0.141812049472765089E+02   -0.564889509141427038E+01    1
    0.290809400379657745E+03   -0.216480851173400879E+00    0.258577585220336914E+01    0.562863557338714581E-02   -0.138070838857448805E+02   -0.565670759141426860E+01    1
    0.287512549757957458E+03   -0.848244607448577881E+00    0.198097407817840576E+01    0.223888185739517215E+00   -0.137873709612719182E+02   -0.566452009141426682E+01    1
    0.143928469717502594E+03    0.711362123489379883E+00    0.234721302986145020E+01    0.330757305049896255E+00   -0.137443724071988367E+02   -0.567233259141426682E+01    1
    0.146067611873149872E+03   -0.182760834693908691E+00    0.235112607479095459E+01    0.512093487596511854E+00   -0.131006813983428643E+02   -0.568014509141426771E+01    1
    0.193659977614879608E+03   -0.161502933502197266E+01    0.186616837978363037E+01    0.539040908360481241E+00   -0.128719764691377243E+02   -0.568795759141426771E+01    1
    0.130095352232456207E+03    0.732440352439880371E+00   -0.152410924434661865E+01    0.320996402049064655E+00   -0.128457831719895115E+02   -0.569577009141426771E+01    1
    0.185730294883251190E+03   -0.131601202487945557E+01   -0.224932372570037842E+01    0.494627921175956720E+00   -0.127986657617417876E+02   -0.570358259141427038E+01    1
    0.231238315999507904E+03   -0.174423849582672119E+01   -0.266970515251159668E+01    0.494550917530059808E+00   -0.127756020109251072E+02   -0.571139509141427126E+01    1
    0.253724843263626099E+03   -0.876918315887451172E+00   -0.256363749504089355E+01    0.359856017303466835E+00   -0.125842970569075092E+02   -0.571920759141427038E+01    1
    0.169931936264038086E+03    0.129081726074218750E+00   -0.246889650821685791E+01    0.531801439762115469E+00   -0.124957990473261926E+02   -0.572702009141427482E+01    1
    0.309259162843227386E+03    0.812873899936676025E+00   -0.366017758846282959E+01    0.342153025817871104E+00   -0.124482645665083780E+02   -0.573483259141427482E+01    1
    0.152071388065814972E+03   -0.102014309167861938E+01    0.322724759578704834E+01    0.254545872116088867E+00   -0.122902040344593111E+02   -0.574264509141427038E+01    1
    0.139306795597076416E+03    0.636200726032257080E+00   -0.465127229690551758E+00    0.869967198371887195E-03   -0.122699084760309436E+02   -0.575045759141426860E+01    1
    0.198420523107051849E+03   -0.793279170989990234E+00   -0.161855340003967285E+01    0.265784446763992321E+00   -0.122465242921356054E+02   -0.575827009141427304E+01    1
    0.215932504832744598E+03   -0.100384777784347534E+01   -0.186342120170593262E+01    0.294348807621002184E+00   -0.121674621972564001E+02   -0.576608259141427304E+01    1
    0.132383893430233002E+03    0.692331850528717041E+00   -0.509061813354492188E+00    0.439254452705383283E-01   -0.121252951945685599E+02   -0.577389509141427215E+01    1
    0.254141376912593842E+03   -0.788016676902770996E+00    0.266185283660888672E+01    0.520201422214508075E-01   -0.121041495672477986E+02   -0.578170759141427126E+01    1
    0.306257489323616028E+03    0.129699707031250000E+00   -0.273724496364593506E+01    0.215957219624519359E+00   -0.119795178647529710E+02   -0.578952009141427215E+01    1
    0.155503877997398376E+03    0.360984086990356445E+00   -0.182013809680938721E+01    0.394795133686065669E+00   -0.118751266734438587E+02   -0.579733259141427038E+01    1
    0.266808444261550903E+03   -0.149443703889846802E+01    0.235779881477355957E+01    0.130005763721466078E+00   -0.117466635908233101E+02   -0.580514509141426771E+01    1
    0.283100356161594391E+03    0.145952641963958740E+00    0.222978770732879639E+01    0.952688970565795934E-02   -0.117078860895665926E+02   -0.581295759141427393E+01    1
    0.284087918698787689E+03   -0.686721622943878174E+00   -0.209200084209442139E+01    0.170061101961135858E+00   -0.116611776028153571E+02   -0.582077009141427482E+01    1
    0.244500270485877991E+03   -0.187748348712921143E+01   -0.183471679687500000E+01    0.275311336469650281E+00   -0.113727684199966053E+02   -0.582858259141427570E+01    1
    0.320105305314064026E+03   -0.614661574363708496E+00    0.133229434490203857E+01    0.227355021572113042E+00   -0.111526811562153441E+02   -0.583639509141427126E+01    1
    0.213551111214479988E+03   -0.730666636830311189E+00   -0.953332898634860371E+00    0.632075017951335139E-01   -0.110654210998672813E+02   -0.584420759141426860E+01    1
    0.158513034880161285E+03   -0.181857573986053467E+01    0.382261931896209717E+01    0.450410940170288127E-01   -0.109409372655436457E+02   -0.585202009141427393E+01    1
    0.148508542776107788E+03   -0.992337524890899658E+00    0.287431478500366211E+01    0.321878344559669516E+00   -0.109126766564818922E+02   -0.585983259141427748E+01    1
    0.221397358179092407E+03   -0.190446794033050537E+01   -0.118336141109466553E+01    0.186201809906959531E+00   -0.106517828467904145E+02   -0.586764509141427215E+01    1
    0.248601046204566956E+03   -0.151083928346633911E+01    0.115839838981628418E+01    0.482648412466049226E+00   -0.106293384641899635E+02   -0.587545759141427215E+01    1
    0.201572110466037259E+03    0.120703071884155744E+00   -0.254884907185929199E+01    0.508439561027625331E+00   -0.106037742519357074E+02   -0.588327009141427304E+01    1
    0.256765344361929465E+03   -0.191389223350736093E+01   -0.107212775916634184E+01    0.552994245411732865E-01   -0.106011865335313598E+02   -0.589108259141427215E+01    1
    0.210843053460121155E+03   -0.114203929901123047E+00   -0.196011543273925781E+01    0.339265133213996872E+00   -0.105436416146990801E+02   -0.589889509141427570E+01    1
    0.282952606678009033E+03   -0.526978194713592529E+00    0.143050849437713623E+01    0.254347341227531443E+00   -0.105014233847546379E+02   -0.590670759141427304E+01    1
    0.202552962303161621E+03   -0.156185668706893921E+01   -0.163573324680328369E+01    0.370896265769004807E+00   -0.103700715028844428E+02   -0.591452009141427748E+01    1
    0.309178227186203003E+03   -0.112767124176025391E+01   -0.340805709362030029E+01    0.554605811905860890E+00   -0.103009593544804154E+02   -0.592233259141427659E+01    1
    0.173453582304953215E+03    0.342151759487102414E+00   -0.182273799153733407E+01    0.384628759799949926E+00   -0.102525347902668571E+02   -0.593014509141427659E+01    1
    0.167499852636797954E+03   -0.112626241303006402E+01   -0.109398101047615004E+01    0.323199023018874321E+00   -0.102501178219774367E+02   -0.593795759141427748E+01    1
    0.152717424929141998E+03   -0.171999830007553101E+01   -0.107049942016601562E-02    0.985446737766265957E-01   -0.102300124580354233E+02   -0.594577009141426949E+01    1
    0.166453902423381805E+03   -0.169883406162261963E+01    0.334341824054718018E+01    0.117413808202743539E+00   -0.101526021828968087E+02   -0.595358259141426593E+01    1
    0.161877182126045227E+03   -0.170956397056579590E+01   -0.760673880577087402E+00    0.287232538032531737E+00   -0.100633550126869711E+02   -0.596139509141426860E+01    1
    0.315358452498912811E+03    0.505239009857177734E+00    0.903194546699523926E+00    0.163855809044837958E+00   -0.100057062477762102E+02   -0.596920759141426593E+01    1
    0.269510903954505920E+03    0.354690551757812500E+00    0.164973139762878418E+00    0.528911909508705147E+00   -0.998193823560012206E+01   -0.597702009141426682E+01    1
    0.185841593146324158E+03   -0.188394117355346680E+01   -0.107997536659240723E+01    0.291051912045478811E+00   -0.998010128810392594E+01   -0.598483259141427570E+01    1
    0.286192286014556885E+03   -0.187844532728195190E+01    0.181463479995727539E+01    0.190799067449569704E+00   -0.990339787624419010E+01   -0.599264509141427126E+01    1
    0.127998991310596466E+03   -0.190142560005187988E+01    0.426002204418182373E+01    0.251008003234863275E-01   -0.988546034794527273E+01   -0.600045759141427215E+01    1
    0.182244321688162955E+03    0.728600041204877868E+00   -0.187401534122301783E+01    0.302815553684282757E+00   -0.988156812885977409E+01   -0.600827009141427126E+01    1
    0.340295673906803131E+03    0.928085505962371826E+00   -0.300949871540069580E+01    0.209886213970184338E+00   -0.979852793049580129E+01   -0.601608259141427038E+01    1
    0.349412073194980621E+03   -0.138405734300613403E+01   -0.183482050895690918E+01    0.759610772609710660E-01   -0.976890713322210757E+01   -0.602389509141427926E+01    1
    0.307243724132933096E+03   -0.572838723496661872E+00   -0.171410045038440373E+01    0.720268370994479185E-01   -0.971195472512131630E+01   -0.603170759141427570E+01    1
    0.170454779267311096E+03    0.851292788982391357E+00    0.932247042655944824E+00    0.383657752132415764E+00   -0.967479751580156488E+01   -0.603952009141427215E+01    1
    0.172530460357666016E+03    0.389511704444885254E+00    0.141462981700897217E+01    0.456354277396202102E+00   -0.948058256275263567E+01   -0.604733259141427837E+01    1
    0.133816246688365936E+03   -0.944782495498657227E+00   -0.383684039115905762E+00    0.302531528234481817E+00   -0.915435563990525125E+01   -0.605514509141427748E+01    1
    0.172978999050988222E+03    0.718795427346873517E+00   -0.243422690933038366E+01    0.551291514800616889E+00   -0.906527245381306734E+01   -0.606295759141427126E+01    1
    0.141972951591014862E+03   -0.168415594100952148E+01   -0.505436062812805176E+00    0.346529030084610001E+00   -0.901269421038298368E+01   -0.607077009141427482E+01    1
    0.341209100186824799E+03   -0.115978068113327026E+01   -0.201780676841735840E+01    0.160678871297836312E+00   -0.896617680264836459E+01   -0.607858259141427482E+01    1
    0.193763819336891174E+03   -0.177407431602478027E+01   -0.827165246009826660E+00    0.240370548319816607E+00   -0.888048282533023325E+01   -0.608639509141426860E+01    1
    0.223616832494735718E+03   -0.432872712612152100E+00    0.189563035964965820E+01    0.208673500370979315E+00   -0.885006862665712646E+01   -0.609420759141427393E+01    1
    0.267373263835906982E+03    0.443569302558898926E+00    0.567036867141723633E-01    0.488572916722297690E+00   -0.875524628467031363E+01   -0.610202009141427393E+01    1
    0.330265499651432037E+03   -0.194584155082702637E+01   -0.207193255424499512E+01    0.251065866851806652E+00   -0.861985438539096549E+01   -0.610983259141426860E+01    1
    0.309457418322563171E+03    0.767002403736114502E+00   -0.203395485877990723E+01    0.651281961679458649E-01   -0.844442247237839716E+01   -0.611764509141427482E+01    1
    0.145892289280891418E+03    0.835478305816650391E-03   -0.474688410758972168E+00    0.234729800963401791E+00   -0.839036678332625918E+01   -0.612545759141427215E+01    1
    0.348419991135597229E+03    0.663328588008880615E+00   -0.303868234157562256E+01    0.286946085834503206E+00   -0.838966527629019687E+01   -0.613327009141427215E+01    1
    0.216503708064556122E+03    0.389004051685333252E+00    0.951006412506103516E+00    0.384989127087593086E+00   -0.833013351034887961E+01   -0.614108259141427126E+01    1
    0.223200942575931549E+03   -0.627201616764068604E+00   -0.475124120712280273E+00    0.603736560344696107E-02   -0.827628199770825113E+01   -0.614889509141426327E+01    1
    0.314890447258949280E+03   -0.577814280986785889E+00   -0.155594348907470703E+00    0.530038339447975182E+00   -0.819412742471396882E+01   -0.615670759141427038E+01    1
    0.317254774272441864E+03   -0.166233491897583008E+01   -0.305144786834716797E+01    0.559729642009735073E+00   -0.814706011435538890E+01   -0.616452009141426771E+01    1
    0.224573348462581635E+03    0.991149425506591797E+00   -0.154256820678710938E-01    0.264295482158660888E+00   -0.808943973206182143E+01   -0.617233259141426593E+01    1
    0.213484103977680206E+03    0.632042586803436279E+00    0.177896142005920410E+01    0.342614024162292488E-01   -0.808881949445885162E+01   -0.618014509141427659E+01    1
    0.255883136391639709E+03   -0.427946746349334717E+00   -0.178526401519775391E+01    0.281522190570831332E+00   -0.808618796486393876E+01   -0.618795759141427215E+01    1
    0.191089831292629242E+03    0.990242838859558105E+00    0.189995765686035156E+00    0.305591612863540640E+00   -0.798857465168562708E+01   -0.619577009141426949E+01    1
    0.214603798729464359E+03   -0.141111168841390500E+01    0.123773455106521713E+01    0.439478333479816519E+00   -0.789585259977460474E+01   -0.620358259141426771E+01    1
    0.217578013241291046E+03   -0.129861342906951904E+01   -0.208146512508392334E+01    0.544709461641311621E+00   -0.788588138856596821E+01   -0.621139509141426327E+01    1
    0.128444170951843262E+03   -0.789509415626525879E-01    0.356698274612426758E+01    0.222120547771453881E-01   -0.785703065313566462E+01   -0.621920759141426949E+01    1
    0.325061397254467010E+03   -0.228271484375000000E-01   -0.231830120086669922E+01    0.252495569014549281E+00   -0.776519283079943357E+01   -0.622702009141427304E+01    1
    0.211511628397764582E+03    0.587548260278970336E+00    0.515077896607614605E+00    0.406392977420872770E+00   -0.769771520292040634E+01   -0.623483259141427393E+01    1
    0.236436718702316284E+03   -0.778353214263916016E+00    0.966634750366210938E+00    0.400144822955131541E+00   -0.769579148431185089E+01   -0.624264509141427482E+01    1
    0.222613324224948883E+03   -0.136207771301269531E+01   -0.192075192928314209E+01    0.504162657952308635E+00   -0.751816823702428216E+01   -0.625045759141427126E+01    1
    0.138272508978843689E+03   -0.130486565828323364E+01   -0.115305185317993164E-01    0.273318453454971300E+00   -0.748605855422824096E+01   -0.625827009141426860E+01    1
    0.176674986914810319E+03    0.874226062941071635E+00    0.753272312737957250E+00    0.239451343654160098E+00   -0.730788381091664441E+01   -0.626608259141427304E+01    1
    0.247706167399883270E+03    0.199441432952880859E+00   -0.256538927555084229E+01    0.508265618276596109E+00   -0.728074196234256377E+01   -0.627389509141427126E+01    1
    0.154486005376568556E+03   -0.137478255193035226E+01   -0.998473914669833817E+00    0.503163909768349793E+00   -0.722280225419440836E+01   -0.628170759141427304E+01    1
    0.248909473419189453E+03    0.452733159065246582E+00    0.970449447631835938E+00    0.199588161921501167E+00   -0.719474831779140089E+01   -0.628952009141427304E+01    1
    0.339138488471508026E+03   -0.174103826284408569E+01   -0.168740034103393555E+01    0.187971324348449709E+00   -0.716747379501360360E+01   -0.629733259141426682E+01    1
    0.157822000486600416E+03   -0.100466316258233213E+01    0.129992540580095017E+00    0.140405013289882225E+00   -0.716666155195035159E+01   -0.630514509141426771E+01    1
    0.277498554290739776E+03   -0.328441390712694847E+00   -0.130378040475400603E+01    0.128701926210588041E+00   -0.713644798273616487E+01   -0.631295759141427393E+01    1
    0.295322512090206146E+03   -0.194317150115966797E+01    0.184036910533905029E+01    0.354429665565490701E-01   -0.709856430462401633E+01   -0.632077009141427393E+01    1
    0.226050508022308350E+03   -0.191951370239257812E+01   -0.448948144912719727E+00    0.124952045488357547E+00   -0.705269039194783609E+01   -0.632858259141427215E+01    1
    0.185715931653976440E+03   -0.866280853748321533E+00    0.159394145011901855E+01    0.346323641538619997E+00   -0.698332670808509182E+01   -0.633639509141427126E+01    1
    0.174118186466036150E+03   -0.150528506355895875E+01   -0.442214754158961831E+00    0.281636832513408708E+00   -0.693030325696097638E+01   -0.634420759141426949E+01    1
    0.173274468250012148E+03    0.575198371485032833E+00   -0.147552147812782231E+01    0.407452316146262927E+00   -0.688886927764952262E+01   -0.635202009141426949E+01    1
    0.337038560211658478E+03    0.829187631607055664E+00   -0.205607175827026367E+01    0.127138546442985528E+00   -0.683674171516336671E+01   -0.635983259141426771E+01    1
    0.134685536687850941E+03   -0.175782215561859223E+01    0.317925545604321691E+01    0.148767241582873466E+00   -0.680468635784692477E+01   -0.636764509141426682E+01    1
    0.329909785091876984E+03    0.739494740962982178E+00   -0.240239441394805908E+01    0.231324922871589678E+00   -0.679503648845488684E+01   -0.637545759141426593E+01    1
    0.298328255051009364E+03   -0.129613165774874117E+01   -0.168893550503790024E+01    0.271798124094665583E+00   -0.677343942548680911E+01   -0.638327009141426771E+01    1
    0.342184887826442719E+03   -0.182545489072799683E+01   -0.281393766403198242E+01    0.524834571576118458E+00   -0.676353981780597469E+01   -0.639108259141427304E+01    1
    0.173096768558025360E+03    0.467616915702819824E+00    0.553585290908813477E+00    0.531750433802604672E+00   -0.670495208204086701E+01   -0.639889509141427215E+01    1
    0.289794211089611053E+03   -0.373421370983123779E+00    0.249379873275756836E-01    0.451785132837295544E+00   -0.668421936415593443E+01   -0.640670759141427126E+01    1
    0.159921720431841266E+03    0.898744545266095596E+00    0.953269724713432964E+00    0.144617017580504825E+00   -0.645755513714149387E+01   -0.641452009141427126E+01    1
    0.234635816514492035E+03   -0.142505043745040894E+01    0.976019501686096191E+00    0.370047690367698690E+00   -0.645609030638060410E+01   -0.642233259141426949E+01    1
    0.237738827320596187E+03    0.471313219222806445E+00    0.280147405117694426E+00    0.367683666724876401E+00   -0.637407348284289466E+01   -0.643014509141427215E+01    1
    0.235639257729053497E+03    0.438801407814025879E+00    0.160570383071899414E+01    0.232157292366027852E-02   -0.626565665148709261E+01   -0.643795759141427748E+01    1
    0.258447821751487481E+03    0.307007634692073594E-01   -0.114506469927458943E+01    0.154591489396791876E+00   -0.622009508800248412E+01   -0.644577009141427570E+01    1
    0.271580286088668799E+03    0.917057337707692710E+00   -0.136282769376504342E+01    0.189363688620992537E+00   -0.620238614884950579E+01   -0.645358259141426771E+01    1
    0.235523614287376404E+03   -0.114728552103042603E+01   -0.576993227005004883E+00    0.141386029171943678E+00   -0.618256820738494550E+01   -0.646139509141426860E+01    1
    0.133461149036884308E+03   -0.953080356121063232E+00   -0.303468704223632812E+00    0.440627007722854624E+00   -0.616182416206991235E+01   -0.646920759141426949E+01    1
    0.287615192568175985E+03   -0.110995721345566389E+01   -0.106511240037926669E+01    0.152018459787173349E+00   -0.612725499559279640E+01   -0.647702009141426327E+01    1
    0.233363753785875986E+03   -0.175847190175117474E+01   -0.299442919855689382E+00    0.108400919744448848E+00   -0.608417985430137964E+01   -0.648483259141426416E+01    1
    0.249851882956913016E+03   -0.143104510848426036E+01    0.146643331321581449E+01    0.165828507830941441E+00   -0.606478552058829656E+01   -0.649264509141426593E+01    1
    0.258921864628791809E+03    0.897809088230133057E+00   -0.919882059097290039E+00    0.283207980179786711E+00   -0.602613938890777945E+01   -0.650045759141426771E+01    1
    0.252149754674014474E+03   -0.864391177863750304E-01    0.960985877149262535E+00    0.213870339175657426E+00   -0.596837093695930321E+01   -0.650827009141426682E+01    1
    0.317743687331676483E+03   -0.169203162193298340E+00   -0.177663505077362061E+01    0.231101997828483591E+00   -0.594911816289379569E+01   -0.651608259141426682E+01    1
    0.252658753873976138E+03   -0.188456394265616201E+01   -0.685091678976657903E+00    0.184527353917391307E+00   -0.593099295626092271E+01   -0.652389509141426860E+01    1
    0.141138318006215968E+03    0.520704310284427763E+00    0.672118507915090646E+00    0.560055404260038525E+00   -0.592627329825507232E+01   -0.653170759141427215E+01    1
    0.157773079864033093E+03   -0.173561515694985702E+01    0.767058075119859240E+00    0.813083587804336316E-01   -0.581070494776731827E+01   -0.653952009141427570E+01    1
    0.142566979943838817E+03    0.702626467162428270E+00    0.123735192502265612E+00    0.156956750209647194E+00   -0.580634389490936265E+01   -0.654733259141427926E+01    1
    0.169973238982572752E+03   -0.880148249842082508E+00    0.122284797293551506E+01    0.450835590318571511E+00   -0.580176275814473641E+01   -0.655514509141427837E+01    1
    0.254507552087306976E+03   -0.154448956251144409E+01   -0.569626092910766602E+00    0.140085906028747570E+00   -0.576351422997451657E+01   -0.656295759141427215E+01    1
    0.299494163037205908E+03   -0.120689993860885503E+01   -0.200894833138793949E+01    0.421320900884098015E+00   -0.569924781418864157E+01   -0.657077009141427215E+01    1
    0.278100450336933136E+03   -0.370758652687072754E+00   -0.227407157421112061E+01    0.495864585399627689E+00   -0.566009583827555041E+01   -0.657858259141427482E+01    1
    0.246005915105342865E+03    0.848750948905944824E+00   -0.135262012481689453E+01    0.318495438265800512E+00   -0.561964531626887265E+01   -0.658639509141427038E+01    1
    0.296796313238711377E+03    0.795076065775038199E+00   -0.973527417790953642E+00    0.427373310339971904E-01   -0.555784920779096669E+01   -0.659420759141426860E+01    1
    0.325317523952396527E+03    0.772254946286341948E+00   -0.209862812570984270E+01    0.284429009736009153E+00   -0.555413795317570802E+01   -0.660202009141426860E+01    1
    0.150523270602876266E+03    0.160462809252260641E+00    0.479377544376622389E+00    0.826385706834002476E-01   -0.553600468898239217E+01   -0.660983259141427215E+01    1
    0.199544710642291506E+03   -0.909602852858461208E+00    0.180602467443514048E+01    0.155928766823716813E+00   -0.553098309129204235E+01   -0.661764509141427659E+01    1
    0.201282884861639218E+03    0.281375825194022600E+00   -0.165446407888809155E+01    0.495528981112211553E+00   -0.551861212534878032E+01   -0.662545759141427837E+01    1
    0.317210987210273743E+03   -0.924512147903442383E+00    0.110844016075134277E+01    0.368354463100433391E-01   -0.548869665274909924E+01   -0.663327009141427837E+01    1
    0.277708102416756446E+03    0.121518960099023410E+00   -0.167471952382169942E+01    0.293932482383709559E+00   -0.548655772070549475E+01   -0.664108259141427570E+01    1
    0.298365590994103172E+03    0.558211138621231839E-01    0.108239091776185958E+01    0.841115389565102317E-02   -0.544120545253983856E+01   -0.664889509141427126E+01    1
    0.198637659242744405E+03   -0.101567920866546557E+01    0.139403372833080930E+01    0.276598694014926150E+00   -0.543212881072523057E+01   -0.665670759141426949E+01    1
    0.200576058579203135E+03   -0.123113335330565654E+01    0.479174072758095093E+00    0.545351339101959431E+00   -0.542642336827801586E+01   -0.666452009141427482E+01    1
    0.237555213272571564E+03   -0.125937342643737793E+01    0.153553485870361328E-01    0.291232087612152100E-01   -0.538429489183343968E+01   -0.667233259141427837E+01    1
    0.256341311335563660E+03   -0.802284955978393555E+00    0.363928079605102539E-01    0.467344509315490764E+00   -0.533160798852258466E+01   -0.668014509141427837E+01    1
    0.213659702345816925E+03   -0.107092563431408738E+01    0.150285178202087089E+01    0.189790919440444322E+00   -0.531696227988955172E+01   -0.668795759141427659E+01    1
    0.176740401085200858E+03   -0.491145385134315049E-01   -0.116072262385227321E+01    0.490431185624681298E+00   -0.528283231987839486E+01   -0.669577009141427304E+01    1
    0.348416831912857901E+03   -0.554467166565665526E+00   -0.936997787796149950E+00    0.514998485689262875E+00   -0.527987973778185715E+01   -0.670358259141426682E+01    1
    0.291938537712624111E+03   -0.718547671673094301E+00    0.621671919988015631E+00    0.204598336886128662E+00   -0.525470212048373231E+01   -0.671139509141426149E+01    1
    0.194218069724718589E+03   -0.333666066661535199E+00   -0.789379873886709049E+00    0.352869834014524819E+00   -0.523752402256888505E+01   -0.671920759141426238E+01    1
    0.147980457936162111E+03    0.738035617169296110E+00   -0.335263030544274088E+00    0.350741193025177644E+00   -0.523264247740570720E+01   -0.672702009141426149E+01    1
    0.156332921981811523E+03    0.772443711757659912E+00    0.843881368637084961E+00    0.148239319539070130E+00   -0.523039213460409691E+01   -0.673483259141427038E+01    1
    0.210625325143337250E+03    0.571359932422637939E+00   -0.564771890640258789E-01    0.404128473687171974E+00   -0.520871099014896721E+01   -0.674264509141428192E+01    1
    0.185387052595615387E+03   -0.667017757892608643E+00    0.155088841915130615E+01    0.228080909729003911E+00   -0.520721351667417220E+01   -0.675045759141427837E+01    1
    0.298130266429431913E+03   -0.353777167267809833E+00   -0.720885662455252429E+00    0.468721572212121018E-01   -0.518790642114428380E+01   -0.675827009141426771E+01    1
    0.281965048584353781E+03   -0.171004076199892130E+01   -0.111347806307173780E+01    0.277427686166895615E+00   -0.518524149234173137E+01   -0.676608259141426949E+01    1
    0.247080952428229750E+03    0.674007340917827324E+00   -0.131149278436169014E+01    0.266573991851190406E+00   -0.518169933540322702E+01   -0.677389509141427126E+01    1
    0.263631516875877651E+03   -0.376598682119424044E+00   -0.485475900767710300E+00    0.552505554834659907E+00   -0.515067351298257137E+01   -0.678170759141426238E+01    1
    0.128157994077652091E+03    0.179608655550405061E-01   -0.612409974197190898E+00    0.562993268808220093E+00   -0.514769056507399725E+01   -0.678952009141426061E+01    1
    0.219282127916812897E+03    0.471400797367095947E+00   -0.161737501621246338E+01    0.434368627667427065E+00   -0.513608513317153825E+01   -0.679733259141426327E+01    1
    0.265964907097165565E+03   -0.324036669720391135E+00   -0.214736514211855578E+00    0.462883609464335932E+00   -0.512141862231558243E+01   -0.680514509141427482E+01    1
    0.249571382768957477E+03   -0.123159026596263743E+01   -0.105602582607012252E+01    0.329018702495622872E+00   -0.506582627777733308E+01   -0.681295759141427570E+01    1
    0.130268059177283277E+03    0.633273869093009090E+00    0.804400185414431590E+00    0.947543094393617502E-01   -0.505116274970617063E+01   -0.682077009141426860E+01    1
    0.261294528639421401E+03   -0.232206473016241421E+00    0.109664190271431039E+01    0.884832300246130438E-01   -0.501973474202422043E+01   -0.682858259141427482E+01    1
    0.304279609942423122E+03   -0.168476491127668604E+01   -0.175572408127321777E+01    0.417653601594365265E+00   -0.500465220600392335E+01   -0.683639509141427926E+01    1
    0.128547650575637817E+03   -0.153673386573791504E+01    0.182334959506988525E+01    0.436587983965873727E+00   -0.497385232629263108E+01   -0.684420759141426682E+01    1
    0.261886134568138289E+03   -0.135568892127858520E+01    0.381509668475113806E+00    0.351086853730755433E+00   -0.494364906739798204E+01   -0.685202009141426238E+01    1
    0.201844050961185928E+03   -0.195435855973761297E+01    0.148973739917681147E+01    0.242929102484207404E+00   -0.493187744546185147E+01   -0.685983259141427304E+01    1
    0.335811489820480347E+03   -0.192535877227783203E+00   -0.162279427051544189E+01    0.230437248587608334E+00   -0.492264150305567050E+01   -0.686764509141426860E+01    1
    0.257835848997181643E+03    0.316582873106572293E+00   -0.677455023229373232E+00    0.914148530333842857E-01   -0.490487079126026337E+01   -0.687545759141427038E+01    1
    0.274277886748313904E+03   -0.150019913911819458E+01   -0.109274148941040039E+01    0.301105135488510145E+00   -0.489689383040739301E+01   -0.688327009141427482E+01    1
    0.135339193660100932E+03   -0.886147285104973648E+00    0.377402706980262792E+00    0.326748635736265836E+00   -0.488236973764697879E+01   -0.689108259141427215E+01    1
    0.128168551900285081E+03    0.618071210671434557E+00    0.506875211935275516E+00    0.218441570253202710E+00   -0.485536773138633126E+01   -0.689889509141426771E+01    1
    0.305717685149216436E+03    0.653877065171174721E+00   -0.104840343999447860E+01    0.296762003585005207E+00   -0.478609181105073844E+01   -0.690670759141425794E+01    1
    0.211308478959810145E+03    0.693424446342981504E+00   -0.912135426170793906E+00    0.460692890954813694E+00   -0.478004516184591388E+01   -0.691452009141426860E+01    1
    0.162585432827472687E+03    0.698036193847656250E+00    0.684873461723327637E+00    0.117642362666130068E+00   -0.472738248582838239E+01   -0.692233259141427748E+01    1
    0.296074295043945312E+03    0.180451214313507080E+00    0.832400918006896973E+00    0.502683348655700701E-02   -0.472580109579848617E+01   -0.693014509141427659E+01    1
    0.140683551091085178E+03   -0.779781158864192081E+00    0.336534722601690817E+00    0.321727022497360127E+00   -0.471682124869601349E+01   -0.693795759141427570E+01    1
    0.180353739857673645E+03    0.224246144294738770E+00    0.127238929271697998E+01    0.192019150471687328E+00   -0.471064974374455581E+01   -0.694577009141427482E+01    1
    0.341672656823770922E+03   -0.442489734572417692E-01   -0.667934526633295889E+00    0.362022227718666212E+00   -0.470208559638011980E+01   -0.695358259141427304E+01    1
    0.251307060952795410E+03   -0.588524932769316722E+00   -0.792015013215516817E-01    0.407421717803012964E-01   -0.469189639412872772E+01   -0.696139509141427038E+01    1
    0.199956691265106201E+03   -0.137780886888504028E+01    0.332951545715332031E+00    0.531850023365020741E+00   -0.468906812042354559E+01   -0.696920759141427393E+01    1
    0.172800348222453295E+03   -0.120078910609153544E+00    0.155624644623052966E+01    0.193764867093253967E+00   -0.465998778714049600E+01   -0.697702009141427038E+01    1
    0.198042369445675945E+03   -0.856855752429853235E+00    0.241117800469513810E+00    0.133712988416466783E+00   -0.463420925402480854E+01   -0.698483259141426505E+01    1
    0.277025193382030920E+03   -0.539087545117152178E+00   -0.562285715482607529E+00    0.113059890544740110E+00   -0.461949150440959944E+01   -0.699264509141427038E+01    1
    0.211711397736836801E+03   -0.120663696077408411E+01   -0.195168463473270215E+00    0.237860216334226132E+00   -0.461576930881269121E+01   -0.700045759141427126E+01    1
    0.241400481760501862E+03    0.337888479232788086E+00   -0.489748120307922363E+00    0.110394330525398252E+00   -0.461103024368643055E+01   -0.700827009141426593E+01    1
    0.255255282632107196E+03    0.246278110134889872E-01    0.755147263829822002E+00    0.137015428936218181E+00   -0.461051176438179411E+01   -0.701608259141426682E+01    1
    0.140140845674767377E+03   -0.158414743748927167E+01   -0.128234625202100716E+00    0.521762510116075884E+00   -0.460359005218114792E+01   -0.702389509141426949E+01    1
    0.217635388794109900E+03    0.667530070567826428E+00   -0.101220007950127266E+01    0.409931083367960136E+00   -0.459973265466602754E+01   -0.703170759141427393E+01    1
    0.210600206255912781E+03   -0.449279785156250000E+00    0.673264861106872559E+00    0.333824588513374321E+00   -0.459202396282254544E+01   -0.703952009141427126E+01    1
    0.276826642453670502E+03    0.277164340019226074E+00    0.872455835342407227E+00    0.392592358589172359E-02   -0.458968821547438655E+01   -0.704733259141426593E+01    1
    0.228924065996672311E+03    0.492253036920839104E+00   -0.139447197082054331E+00    0.348469141261738724E+00   -0.458904784478968164E+01   -0.705514509141426505E+01    1
    0.145426412274461740E+03   -0.129216303186575576E+01    0.241152104616597818E+01    0.125411239965268317E+00   -0.457316879181517777E+01   -0.706295759141427038E+01    1
    0.228799580290933591E+03   -0.124444316983694869E+01   -0.194401539354456254E+00    0.564724344331046124E+00   -0.454826960780705214E+01   -0.707077009141427748E+01    1
    0.235153135105967607E+03   -0.703733405272069845E+00   -0.428336376843452271E+00    0.205220213630376458E+00   -0.454382437610369472E+01   -0.707858259141427659E+01    1
    0.143904705345630646E+03   -0.861845552921295166E+00    0.210082948207855225E+01    0.193767000174522419E+00   -0.452079278857226274E+01   -0.708639509141427038E+01    1
    0.258080640158449341E+03   -0.154307687343693045E+01   -0.443993507028135781E+00    0.562101578375995170E+00   -0.450286144453085768E+01   -0.709420759141427215E+01    1
    0.275355061888694763E+03   -0.852156162261962891E+00    0.105935692787170410E+01    0.512381304502487200E-01   -0.449983636537608511E+01   -0.710202009141427038E+01    1
    0.182429190760088147E+03   -0.156510924194311185E+01    0.873145377485462504E+00    0.502163302928777186E-01   -0.449982021329096327E+01   -0.710983259141426949E+01    1
    0.132175644831631473E+03    0.482839197533069253E+00   -0.126662880798035005E+00    0.419914813212537430E+00   -0.449050955613467639E+01   -0.711764509141427482E+01    1
    0.303441742626342602E+03   -0.682790062624923255E+00   -0.105559124712894148E+01    0.214156509081596502E+00   -0.448939070261528528E+01   -0.712545759141426949E+01    1
    0.210657954216003418E+03   -0.490715086460113525E+00    0.108837187290191650E+01    0.204911921739578257E+00   -0.448281697988803884E+01   -0.713327009141426505E+01    1
    0.242990589141845703E+03   -0.118091773986816406E+01   -0.124794423580169678E+01    0.456375566840171831E+00   -0.447691370387108023E+01   -0.714108259141426771E+01    1
    0.268263728341346223E+03   -0.341255581652388118E+00   -0.537218393107974812E+00    0.487040513657489960E+00   -0.447591936924940725E+01   -0.714889509141426682E+01    1
    0.293839638931959939E+03    0.118101900749517874E+00   -0.237339036073933363E+01    0.551583853479458486E+00   -0.445789404786243804E+01   -0.715670759141426238E+01    1
    0.175256370902750120E+03    0.428281905073758296E+00    0.473077362443167004E+00    0.550081233292080071E-01   -0.445626123033614263E+01   -0.716452009141426149E+01    1
    0.172736386954784393E+03   -0.418756783008575439E+00   -0.416243076324462891E+00    0.405239243602752708E+00   -0.444580353729010014E+01   -0.717233259141426416E+01    1
    0.294273975254450818E+03   -0.165218743079204522E+01   -0.741568258422361737E+00    0.550309413035566242E+00   -0.439722241245467416E+01   -0.718014509141426682E+01    1
    0.154450407472643747E+03    0.203138184116293807E+00    0.105339790024562152E+01    0.180750815121006507E-02   -0.439497467138498621E+01   -0.718795759141426505E+01    1
    0.171187317759756553E+03    0.590499076747668106E+00    0.754008551089931700E+00    0.163255813695661417E+00   -0.438721238074093023E+01   -0.719577009141426505E+01    1
    0.179886691789011820E+03    0.588445339937128775E+00    0.786512851585339234E-01    0.313275611060185644E+00   -0.437418674544087249E+01   -0.720358259141426771E+01    1
    0.304175665974617004E+03   -0.197950309514999390E+01   -0.182146191596984863E+01    0.517282721328735318E+00   -0.436920478029851544E+01   -0.721139509141426771E+01    1
    0.145410634664578907E+03   -0.900687626212522963E+00    0.102028496365484500E+00    0.415754258636712670E+00   -0.436044709145800180E+01   -0.721920759141426682E+01    1
    0.221464467048645020E+03   -0.173339915275573730E+01    0.570587515830993652E+00    0.468594991207122794E-01   -0.435831486506260646E+01   -0.722702009141426416E+01    1
    0.180903616618636647E+03   -0.626376320201057046E+00    0.650488483011081087E+00    0.415297577371311011E+00   -0.435003939234752757E+01   -0.723483259141426949E+01    1
    0.285269324481487274E+03    0.583582222461700439E+00   -0.288847684860229492E+00    0.114047994875907902E+00   -0.434897139193448989E+01   -0.724264509141427215E+01    1
    0.227469128056641921E+03   -0.751908049353736230E+00   -0.138932642087719849E+01    0.531643900380559531E+00   -0.434741763229790301E+01   -0.725045759141426771E+01    1
    0.344037836867616534E+03    0.601412532081006646E+00   -0.208374733575079407E+01    0.437166495361335394E+00   -0.434008916794999244E+01   -0.725827009141427038E+01    1
    0.135649937112662570E+03   -0.275855909176563330E-01    0.134124266672702319E+01    0.426909902947694014E-01   -0.430758755806426752E+01   -0.726608259141427482E+01    1
    0.281339056899997445E+03   -0.537992235271826713E+00    0.865158092278627500E+00    0.526129268635769989E-01   -0.430708326700108124E+01   -0.727389509141427393E+01    1
    0.276393823848412751E+03   -0.659569990071412704E+00   -0.294261275954329271E+00    0.828404939280522890E-01   -0.430332326814761945E+01   -0.728170759141427215E+01    1
    0.256881526632855582E+03    0.146427170271090645E+00   -0.533168735907814551E+00    0.136315042553732862E+00   -0.429996664253457439E+01   -0.728952009141427304E+01    1
    0.257035480439662933E+03    0.167410671710968018E+00   -0.761472582817077637E+00    0.202616073560714732E+00   -0.427153757443048399E+01   -0.729733259141427304E+01    1
    0.308118250240332088E+03   -0.208958974133725217E+00   -0.463850637816117128E+00    0.332311935473923292E+00   -0.424793778104426689E+01   -0.730514509141427570E+01    1
    0.320058148572674838E+03   -0.635598127368840915E+00   -0.922122617180176185E+00    0.466389175318575488E+00   -0.424481531827554015E+01   -0.731295759141427038E+01    1
    0.342122856192713243E+03   -0.104604799268770665E+01   -0.112497985351255325E+01    0.212727057217052873E+00   -0.423390252810988432E+01   -0.732077009141426949E+01    1
    0.241402512055057969E+03   -0.624690720799627286E+00   -0.156879197007472282E+01    0.548187086817726099E+00   -0.422833188311964303E+01   -0.732858259141427482E+01    1
    0.191005689481523177E+03   -0.125462372100236541E+01    0.157774316853618224E+01    0.135240338981821751E+00   -0.420622476212321139E+01   -0.733639509141427215E+01    1
    0.196176399290561676E+03   -0.570239365100860596E+00    0.810378789901733398E+00    0.302532347059249862E+00   -0.419689770856624467E+01   -0.734420759141426949E+01    1
    0.212987416968222135E+03    0.554621770519771573E+00   -0.751475914149100532E+00    0.428114833471151479E+00   -0.419387394923509849E+01   -0.735202009141427038E+01    1
    0.249054984167656130E+03   -0.329718001055268495E+00    0.656516290745710052E+00    0.164543178353032504E+00   -0.418224056190242965E+01   -0.735983259141427304E+01    1
    0.178832889240360089E+03   -0.715272376070236859E+00    0.376877033421562757E+00    0.486410889682658998E+00   -0.417958474292445903E+01   -0.736764509141427038E+01    1
    0.165647097753686893E+03   -0.275162207538300674E+00   -0.127755953136720279E+00    0.377812100768566250E+00   -0.417210385168326336E+01   -0.737545759141427038E+01    1
    0.153831386877436813E+03   -0.107427291087609200E+01    0.958386963249116874E+00    0.164542696055219040E+00   -0.416398206451824660E+01   -0.738327009141427215E+01    1
    0.168410348502193528E+03    0.525305927540475004E+00   -0.589980806280987480E+00    0.468605594117771751E+00   -0.415929311314028194E+01   -0.739108259141427570E+01    1
    0.224378177523612976E+03    0.403063833713531494E+00   -0.423200726509094238E+00    0.201088828897476202E+00   -0.414889895704366740E+01   -0.739889509141427659E+01    1
    0.206874657200699801E+03   -0.698926325956638506E+00    0.545890431206032645E+00    0.342937541366255760E+00   -0.414594703361632266E+01   -0.740670759141427570E+01    1
    0.228389317248794725E+03    0.273766964780928657E+00   -0.546491125124549448E+00    0.232913737604795140E+00   -0.413730471611508666E+01   -0.741452009141427482E+01    1
    0.147071445712623131E+03   -0.167368533267258823E+01    0.961458425001456618E+00    0.503540337804022964E+00   -0.413630207785952031E+01   -0.742233259141426682E+01    1
    0.177990311384201050E+03   -0.538053929805755615E+00   -0.630041956901550293E+00    0.490287842845916755E+00   -0.412891002380187011E+01   -0.743014509141426416E+01    1
    0.287425563463085723E+03   -0.161730550253543948E+01   -0.117835036504385826E+01    0.396699215056899146E+00   -0.411673582486227296E+01   -0.743795759141426238E+01    1
    0.213697901003832641E+03   -0.542567076523068570E+00   -0.226145167820179793E+00    0.527988823212730551E+00   -0.411149739427089500E+01   -0.744577009141426949E+01    1
    0.224971093629555867E+03    0.174656909179882636E+00   -0.644686716385639791E+00    0.537290422545255830E+00   -0.411117475358329987E+01   -0.745358259141427304E+01    1
    0.137403790408656818E+03   -0.182637831687319041E+01    0.233849566494133043E+01    0.149031551802115886E+00   -0.410848266891056824E+01   -0.746139509141426682E+01    1
    0.345955644547939301E+03   -0.145308792591094971E+00   -0.942962765693664551E+00    0.373008970141410823E+00   -0.410744118099353805E+01   -0.746920759141426505E+01    1
    0.316142146894505458E+03   -0.799749795873353930E+00    0.359058831705594272E+00    0.102826020438967228E+00   -0.410399796674899431E+01   -0.747702009141426416E+01    1
    0.277101564242624477E+03    0.417058876543565216E+00   -0.165049535366228017E+01    0.412702180042868683E+00   -0.408980666152682293E+01   -0.748483259141426682E+01    1
    0.277869957979187348E+03   -0.186718880496060224E+01   -0.126289801562507620E+01    0.456981151272205899E+00   -0.408846374270027191E+01   -0.749264509141427215E+01    1
    0.212027183263306910E+03   -0.159066450956797700E+01   -0.895922835099995041E+00    0.530080291706839235E+00   -0.408600856815842040E+01   -0.750045759141427659E+01    1
    0.181723198922572521E+03   -0.180941024320538490E+01    0.366326169737343221E+00    0.516683224165937593E+00   -0.407600389270029684E+01   -0.750827009141427748E+01    1
    0.152244757652044456E+03   -0.350124294265380165E+00    0.957864252937818961E+00    0.137307303841984640E+00   -0.407237081998966843E+01   -0.751608259141427304E+01    1
    0.233809273076552302E+03   -0.686776300648698435E+00    0.172332490159624818E+00    0.348951589795761130E+00   -0.406878412454469540E+01   -0.752389509141426505E+01    1
    0.185357075535260691E+03   -0.120666046000612370E+00   -0.192997963545532336E+00    0.315237267115056508E+00   -0.406826341151277759E+01   -0.753170759141426505E+01    1
    0.276021296683055198E+03   -0.964914740307685204E-01   -0.155799673058546029E+01    0.436907440243585743E+00   -0.406372335952186425E+01   -0.753952009141426505E+01    1
    0.223974827730129846E+03   -0.301901991604552222E+00   -0.219660879070544546E+00    0.218151036358580380E+00   -0.406283094857937854E+01   -0.754733259141426505E+01    1
    0.342210496769947952E+03   -0.372910796060343497E+00   -0.758743001482401702E+00    0.333866650440093671E+00   -0.405543516961705386E+01   -0.755514509141427393E+01    1
    0.295444526675891325E+03    0.314480510799711066E+00   -0.144297188720611924E+01    0.325444828264853325E+00   -0.405413485706222509E+01   -0.756295759141428103E+01    1
    0.275904937621270278E+03   -0.105149877699348382E+01   -0.123734554779005190E+01    0.412402586361784729E+00   -0.405315176057199711E+01   -0.757077009141427126E+01    1
    0.227158811995941221E+03    0.405769191529565809E+00   -0.805804370273391690E+00    0.321067956152301159E+00   -0.404567514522968708E+01   -0.757858259141426327E+01    1
    0.260101627300712721E+03   -0.210859590049128354E-01    0.789071621851712202E+00    0.450520001242330423E-01   -0.403436183646667423E+01   -0.758639509141426505E+01    1
    0.195244092467235077E+03   -0.185930706825853020E+01   -0.547614460851791662E+00    0.513451893657959180E+00   -0.401814478894358018E+01   -0.759420759141427126E+01    1
    0.332824991601218812E+03   -0.275106544346471971E+00   -0.172039133214149365E+01    0.375034255183268550E+00   -0.401663454490554450E+01   -0.760202009141427393E+01    1
    0.204962521410335796E+03   -0.120803010243496756E+01    0.130208840300240158E+01    0.137865259856606137E+00   -0.401522753877285155E+01   -0.760983259141427126E+01    1
    0.137310871279198039E+03   -0.926102951846919265E+00    0.289203220078080747E+00    0.454287093951935117E+00   -0.401321489392786113E+01   -0.761764509141427304E+01    1
    0.260970777439145536E+03   -0.119416076014208716E+01   -0.108195029696610678E+01    0.425770949460987702E+00   -0.400495124658214419E+01   -0.762545759141426949E+01    1
    0.224047252038951569E+03    0.176084229621214394E+00   -0.103965776545547683E+01    0.421022735746118093E+00   -0.400170407147722074E+01   -0.763327009141426949E+01    1
    0.250320074976474189E+03   -0.160336485528833417E+01    0.158155589820392350E+00    0.129099058364502889E+00   -0.399876996291716047E+01   -0.764108259141427304E+01    1
    0.294743402645053720E+03   -0.199871874251784543E+01   -0.137245809600290514E+01    0.475767538486525143E+00   -0.399341098783172432E+01   -0.764889509141427393E+01    1
    0.329462701273117659E+03   -0.850153034799496776E+00   -0.127616836927304478E+01    0.301267224243611131E+00   -0.399204921243854649E+01   -0.765670759141426949E+01    1
    0.220897974571061866E+03   -0.133847635999595016E+01    0.363196540349090213E+00    0.141403045408488887E+00   -0.399104977410364592E+01   -0.766452009141426771E+01    1
    0.226009848971847362E+03   -0.104614022620568603E+01    0.969740808796953679E+00    0.152907870491351738E+00   -0.399101484658405781E+01   -0.767233259141426682E+01    1
    0.153654657952249238E+03   -0.668322398087626057E+00    0.208393209940820778E+01    0.668827726851557725E-01   -0.399065822445655627E+01   -0.768014509141426771E+01    1
    0.329722573900683528E+03    0.485386985541909510E+00   -0.148708591050412142E+01    0.312041346557913490E+00   -0.399030689248950265E+01   -0.768795759141427126E+01    1
    0.199919601050789623E+03    0.475918834814113012E+00   -0.452709624691307155E+00    0.419961725149274934E+00   -0.398969411588398426E+01   -0.769577009141427393E+01    1
    0.211013361402560207E+03   -0.124253711491077556E+00    0.312536935730193477E+00    0.332032612448205422E+00   -0.398916559941607440E+01   -0.770358259141427570E+01    1
    0.295657677235465258E+03    0.478953904691414856E+00   -0.662885162286396934E+00    0.200874234106176330E+00   -0.398647541783129888E+01   -0.771139509141427304E+01    1
    0.294675940620129268E+03    0.206937229611514617E+00   -0.104743197943359112E+01    0.239642217793389262E+00   -0.396864567007518643E+01   -0.771920759141427215E+01    1
    0.321332406371871855E+03   -0.146631466627686002E+01   -0.186913631124973545E+01    0.527624815207796694E+00   -0.396845908845246376E+01   -0.772702009141426860E+01    1
    0.326929931442108796E+03    0.437110313770519454E+00   -0.192261818304544407E+01    0.411099118578666600E+00   -0.396736205189137481E+01   -0.773483259141426682E+01    1
    0.267226879956869993E+03   -0.888849360193495919E+00   -0.164953998360692466E+00    0.136345868509814366E+00   -0.396089214613985341E+01   -0.774264509141426860E+01    1
    0.203015121767615312E+03   -0.129988591192320424E+01   -0.561549744524194594E-01    0.528469443069777056E+00   -0.395281508679675886E+01   -0.775045759141427126E+01    1
    0.279332842281509215E+03   -0.828763615821898281E+00    0.713245728093401254E-01    0.241945795896233662E+00   -0.394434686168420878E+01   -0.775827009141427570E+01    1
    0.144112104780500829E+03   -0.121733026509177833E+01    0.143188027253262185E+01    0.119106572956227869E+00   -0.394329419816225180E+01   -0.776608259141427570E+01    1
    0.341467919360653241E+03   -0.108357472240193653E+01   -0.154005990947936766E+01    0.378672931879535823E+00   -0.394232022447301977E+01   -0.777389509141427215E+01    1
    0.155718826640448668E+03   -0.860100078567998194E+00    0.630885874978313055E+00    0.277102990845871866E+00   -0.393770502947938761E+01   -0.778170759141426682E+01    1
    0.260606077313423157E+03   -0.141762071847915649E+01   -0.303713083267211914E+00    0.232644117808341988E+00   -0.393523299053842468E+01   -0.778952009141426416E+01    1
    0.126170866186559138E+03   -0.137157895480967706E+01    0.127365019192080808E+01    0.467069045028921437E+00   -0.393091190792957690E+01   -0.779733259141426682E+01    1
    0.237458804639222421E+03   -0.310183071374337649E+00    0.286610985070985258E+00    0.557212477527675026E-01   -0.392556230452329835E+01   -0.780514509141427038E+01    1
    0.339838108868857944E+03    0.567550482162051395E-01   -0.211550489090734972E+01    0.462346908138181134E+00   -0.392307866043991149E+01   -0.781295759141427038E+01    1
    0.165688197750632355E+03   -0.720150668353939816E+00    0.452482762053390886E+00    0.481586158758415761E+00   -0.391640491993589501E+01   -0.782077009141427304E+01    1
    0.337721210439597030E+03   -0.108963708372270207E+01   -0.331987893825040459E+00    0.234931751530793931E+00   -0.390785576584316141E+01   -0.782858259141427038E+01    1
    0.271484203010568990E+03   -0.808955427497472623E+00   -0.587800842853885896E+00    0.250979641732073377E+00   -0.390642091477218889E+01   -0.783639509141426327E+01    1
    0.177245345319626239E+03   -0.199308727271382913E+01   -0.229159655644543214E+00    0.510602266461270382E+00   -0.390610057804801070E+01   -0.784420759141426505E+01    1
    0.289874736286512530E+03   -0.795638542299327289E+00    0.512805211772661806E+00    0.875891119200449125E-01   -0.390609724512184808E+01   -0.785202009141426771E+01    1
    0.187487920056332541E+03    0.360351134611258672E-01    0.866301448806943597E+00    0.179640318544821674E-01   -0.390279152119540651E+01   -0.785983259141426682E+01    1
    0.276647304799529081E+03    0.440818929050637465E+00   -0.129795512429706683E+01    0.380298398349822764E+00   -0.390115861108570705E+01   -0.786764509141426416E+01    1
    0.317809082623594293E+03   -0.104096063215472867E+01   -0.425188892407381225E+00    0.296298070698957861E+00   -0.389939502030728180E+01   -0.787545759141426682E+01    1
    0.308266606058744458E+03   -0.133341022651577790E+01   -0.164880460702633957E+01    0.498596393995609344E+00   -0.389287931577961954E+01   -0.788327009141426682E+01    1
    0.283689913426087458E+03   -0.143069149730840750E+01   -0.917596718707047287E+00    0.531675287236205940E+00   -0.388640830127368231E+01   -0.789108259141426682E+01    1
    0.177721135803197058E+03   -0.120031748882201361E+01    0.318568488234082459E+00    0.482300605186240516E+00   -0.388530389957199684E+01   -0.789889509141427570E+01    1
    0.305520862101122191E+03   -0.187731628125132710E+01   -0.672333506633540523E+00    0.423844460057632766E+00   -0.387636077334177909E+01   -0.790670759141427926E+01    1
    0.216839505757326975E+03    0.327655486709218291E+00   -0.388466106926266264E+00    0.280417082927965355E+00   -0.387570318696561777E+01   -0.791452009141427482E+01    1
    0.202143138138920676E+03   -0.197900065289710159E+01    0.106475588954746669E+01    0.637246604352049301E-01   -0.387361147518696658E+01   -0.792233259141427482E+01    1
    0.333809570328089308E+03    0.359569622564190894E-01   -0.537345662493771137E+00    0.437232225994581419E-01   -0.387295910597487136E+01   -0.793014509141427393E+01    1
    0.148969955527339380E+03    0.434001045334460045E+00    0.152086828044904543E+01    0.323187138779945510E-01   -0.387057530670853689E+01   -0.793795759141427215E+01    1
    0.212421213681758729E+03   -0.160270992358486453E+01    0.553650163710783794E+00    0.315852806256925245E+00   -0.386619046935047717E+01   -0.794577009141427126E+01    1
    0.277038155485848506E+03    0.110106167242618458E+00   -0.911531483224981898E+00    0.268826160711828299E+00   -0.386589133447463551E+01   -0.795358259141427304E+01    1
    0.305854956232357608E+03   -0.966181090977058510E-02   -0.193628160793756798E+01    0.499665755217767460E+00   -0.386487681209478895E+01   -0.796139509141427748E+01    1
    0.213449611741351958E+03   -0.163522520336772104E+01    0.377086118075402155E+00    0.207927157590365008E+00   -0.386215050081609057E+01   -0.796920759141427482E+01    1
    0.299213504033706386E+03    0.316071953420910656E+00   -0.122714510239103269E+01    0.301149804824300760E+00   -0.385845091289403364E+01   -0.797702009141426860E+01    1
    0.307804577624152330E+03    0.320844215674158217E+00   -0.332833376129324954E+00    0.139378137228398119E+00   -0.385428687906990941E+01   -0.798483259141427126E+01    1
    0.141651515986926512E+03   -0.771693312586242852E+00    0.940059201671009426E+00    0.265854592798090927E+00   -0.385417929406987980E+01   -0.799264509141426949E+01    1
    0.228278872373777062E+03   -0.118579203716214554E+01   -0.457018433961305703E+00    0.374982774378271100E+00   -0.384498594834098384E+01   -0.800045759141426771E+01    1
    0.142436529378434358E+03    0.183897475108210084E+00    0.130640368805484908E+01    0.843841069989497705E-01   -0.384419745690394876E+01   -0.800827009141427126E+01    1
    0.309382152218103897E+03   -0.147445608243124537E+01   -0.138039466376134978E+01    0.441920555793690217E+00   -0.384219471733515539E+01   -0.801608259141427482E+01    1
    0.239218397438526154E+03    0.221003890037536621E+00   -0.100215017795562744E+01    0.397334718704223655E+00   -0.384215737861316997E+01   -0.802389509141427659E+01    1
    0.187204546153109675E+03   -0.458455688088190705E+00    0.391922899053125384E+00    0.211142829610632937E+00   -0.384099437381359454E+01   -0.803170759141426949E+01    1
    0.341166027727919925E+03    0.330113449952370797E+00   -0.123962125784714683E+01    0.322381999951287634E+00   -0.384024009186613702E+01   -0.803952009141427126E+01    1
    0.245210636602728243E+03   -0.145576387239051908E+01    0.526839104217861731E+00    0.209794624732856344E+00   -0.383825056088326422E+01   -0.804733259141426949E+01    1
    0.276613286009674312E+03    0.415967369925372310E+00   -0.113024160470837209E+01    0.368960565960778197E+00   -0.383715946888008874E+01   -0.805514509141426593E+01    1
    0.233297160609585205E+03   -0.772716179243953416E+00   -0.445609208990475736E+00    0.485313996558762617E+00   -0.383701214324580908E+01   -0.806295759141426949E+01    1
    0.235538937147350964E+03   -0.134512016925326261E+01   -0.112685885489739235E+00    0.411222844440374602E+00   -0.383411016557038709E+01   -0.807077009141426949E+01    1
    0.247802654420305743E+03    0.348037581764794712E+00    0.171329147979431440E+00    0.448888576050139321E-01   -0.383309030896824510E+01   -0.807858259141426949E+01    1
    0.201493871903767399E+03   -0.856069057633943142E+00    0.850397280994759086E+00    0.220497117537038434E+00   -0.382942934750512665E+01   -0.808639509141426949E+01    1
    0.311007480323314667E+03   -0.697330832481384277E+00   -0.520704984664916992E+00    0.299550289607048048E+00   -0.382875808682557439E+01   -0.809420759141427482E+01    1
    0.258669643989621136E+03   -0.765916958735776365E+00   -0.147928607166512016E+01    0.556076661109826120E+00   -0.382860266949353933E+01   -0.810202009141427482E+01    1
    0.206127483820438982E+03   -0.351949288555863937E-01    0.109691322689645876E+01    0.751108866447792595E-01   -0.382833116544266350E+01   -0.810983259141427482E+01    1
    0.307395248789051493E+03   -0.831127722857040396E+00   -0.106834151335710459E+01    0.468183327189163834E+00   -0.382581132661507795E+01   -0.811764509141427126E+01    1
    0.239205968088581756E+03    0.384533468591365502E+00   -0.110620839664945292E+01    0.439615976703799982E+00   -0.382516211357274294E+01   -0.812545759141427126E+01    1
    0.213192224674251747E+03   -0.303019373712461348E+00    0.553778640277419854E+00    0.796670540572032848E-01   -0.382233346261356033E+01   -0.813327009141427659E+01    1
    0.175336198508739471E+03   -0.288242638111114502E+00    0.556029081344604492E+00    0.356153018760681173E+00   -0.382214443613670873E+01   -0.814108259141426949E+01    1
    0.251259395791757299E+03   -0.120142856305399048E+01   -0.507610710933486864E+00    0.332425545639272679E+00   -0.382033338581758564E+01   -0.814889509141426593E+01    1
    0.283950658370587462E+03    0.404918696407675860E+00   -0.138644889848243702E+01    0.422377577872790955E+00   -0.381959031631366841E+01   -0.815670759141426238E+01    1
    0.190410667828829105E+03   -0.668608184333293387E+00    0.214760174748933608E+00    0.424688915364035580E+00   -0.381779972988848515E+01   -0.816452009141426949E+01    1
    0.345902443166208570E+03   -0.168484815309764935E+01   -0.725479905810008319E+00    0.337238046431867888E+00   -0.381628609105316219E+01   -0.817233259141426949E+01    1
    0.204964276037551656E+03   -0.103566034222463021E+01   -0.388376961939993492E-01    0.470605489278009936E+00   -0.381557667565176706E+01   -0.818014509141426061E+01    1
    0.301922556412679114E+03   -0.116243864848227219E+01   -0.387291722548081196E+00    0.304077352929972289E+00   -0.381157774075927813E+01   -0.818795759141426061E+01    1
    0.325499851766476866E+03   -0.698917930459522996E+00   -0.896252201040156571E+00    0.234928973458546297E+00   -0.380936466187995260E+01   -0.819577009141427126E+01    1
