

    0.494161682747571946E-32    0.150951146199586901E+03    0.299252940714359283E+03    0.494830608367919922E+00    0.391436517238616943E+01    0.556218555521965086E+00
    0.283605554655426998E-25    0.119809886649574750E+03    0.289665612578392029E+03    0.710868775844573975E+00    0.358856916427612305E+01    0.399893034338951125E+00
    0.236510533807646656E-24    0.115552274730277247E+03    0.282098537683486938E+03    0.813546061515808105E+00    0.361395597457885742E+01    0.338001618361473077E+00
    0.717337590737901979E-24    0.113317542089704204E+03    0.172153596580028534E+03   -0.155356955528259277E+01   -0.435067772865295410E+01    0.301451361894607528E+00
    0.133056756768486891E-23    0.112066288479368666E+03    0.214884082973003387E+03    0.693317651748657227E+00    0.403800070285797119E+01    0.431142526316642793E+00
    0.374076108834532431E-23    0.109983296486457363E+03    0.194850516319274902E+03    0.483321249485015869E+00    0.446262776851654053E+01    0.440076928067207329E+00
    0.602709921289306029E-23    0.109013717995476384E+03    0.254583968222141266E+03    0.674565792083740234E+00    0.391900539398193359E+01    0.331153548002243059E+00
    0.461984314497522611E-22    0.104924732974604396E+03    0.215450592339038849E+03   -0.187191736698150635E+01   -0.413024246692657471E+01    0.165004893136024483E+00
    0.275759861851335148E-21    0.101335938824550496E+03    0.209451282024383545E+03   -0.144727772474288940E+01    0.473685383796691895E+01    0.431009706115722646E+00
    0.103661325456964875E-20    0.986719462825096372E+02    0.303534068167209625E+03    0.195546865463256836E+00    0.310391485691070557E+01    0.490120154356956494E+00
    0.774321500995048576E-19    0.900294349684275375E+02    0.180468954145908356E+03    0.490760803222656250E-01   -0.388320147991180420E+01    0.187134758377075189E+00
    0.877719422136953784E-19    0.897631303394444870E+02    0.294512605667114258E+03   -0.169725441932678223E+01   -0.453371405601501465E+01    0.174372794365882877E+00
    0.165361905311356070E-18    0.884807162340359810E+02    0.192590647935867310E+03    0.883223235607147217E+00    0.423136413097381592E+01    0.189646981000900272E+00
    0.371941763304928138E-17    0.822387193395419445E+02    0.148310180008411407E+03   -0.809545159339904785E+00    0.456778466701507568E+01    0.527243895220756542E+00
    0.432029852051144819E-17    0.819235795474127144E+02    0.316646207869052887E+03   -0.547633171081542969E-01   -0.489956915378570557E+01    0.183913228797912609E+00
    0.613618621178848979E-17    0.812061967290350992E+02    0.204064789414405823E+03   -0.635315299034118652E+00    0.463771581649780273E+01    0.271560095500946064E+00
    0.990009005733887458E-17    0.802338908434902578E+02    0.197935070097446442E+03   -0.829560160636901855E-01   -0.466736555099487305E+01    0.462301606392860442E+00
    0.124187486450164252E-16    0.797649389146701964E+02    0.345929305255413055E+03    0.415662527084350586E-01    0.286090910434722900E+01    0.350438884234428427E+00
    0.348820474333123064E-16    0.776837839577552103E+02    0.127392289042472839E+03    0.623948037624359131E+00   -0.267389774322509766E+01    0.757583840131759723E-01
    0.510567280367405856E-16    0.769062288930766726E+02    0.270144455134868622E+03   -0.745544433593750000E-01   -0.472800970077514648E+01    0.286724320793151854E+00
    0.186414390055026331E-15    0.743005343528148785E+02    0.249979366362094879E+03   -0.176583886146545410E+01    0.406800210475921631E+01    0.298941322803497334E+00
    0.854137631241173478E-15    0.712406688680753319E+02    0.163520477712154388E+03    0.351837217807769775E+00   -0.426153063774108887E+01    0.496765906763076803E+00
    0.316397553854958555E-14    0.686060593557330947E+02    0.195900614559650421E+03    0.452427387237548828E+00   -0.462301254272460938E+01    0.481409632945060728E+00
    0.110270919687191655E-13    0.660933826910006559E+02    0.260751238465309143E+03   -0.367305040359497070E+00   -0.407623350620269775E+01    0.245730302309989934E+00
    0.130983211660541067E-13    0.657334998596631550E+02    0.346764612197875977E+03   -0.674247741699218750E-01    0.228216409683227539E+01    0.403450657367706300E+00
    0.137137367156050729E-13    0.656260469722111850E+02    0.197904264926910400E+03   -0.100372135639190674E+00   -0.338347852230072021E+01    0.224641948056221008E+00
    0.190094853730854326E-13    0.649573418236162752E+02    0.186489748954772949E+03   -0.139641284942626953E+00   -0.283049464225769043E+01    0.103895795989036560E+00
    0.297898317403840873E-13    0.640432587560900402E+02    0.224864582717418671E+03    0.823709845542907715E+00   -0.409127712249755859E+01    0.183305114936828606E+00
    0.296445736034258436E-13    0.640374098058602783E+02    0.318309070169925690E+03   -0.699851036071777344E+00    0.256301164627075195E+01    0.405038256239891092E+00
    0.389871336083192749E-13    0.634738796246876831E+02    0.251731278002262115E+03   -0.103341788053512573E+01    0.340747177600860596E+01    0.344586334204673772E+00
    0.426037204502613089E-13    0.632808348251759867E+02    0.264377236366271973E+03   -0.758976221084594727E+00   -0.365611135959625244E+01    0.168376950001716624E+00
    0.562131096495586683E-13    0.627107929981607413E+02    0.302488180994987488E+03   -0.188144940137863159E+01   -0.330179274082183838E+01    0.454155698776245106E-01
    0.579150798189365524E-13    0.626355123999426837E+02    0.149349576234817505E+03   -0.717883527278900146E+00    0.393261313438415527E+01    0.523907218408584563E+00
    0.715493943407839515E-13    0.621970669108704257E+02    0.251964160799980164E+03   -0.104772067070007324E+01    0.273590743541717529E+01    0.523895277214050270E+00
    0.100320949717154391E-12    0.615054689056914441E+02    0.180476450920104980E+03   -0.522017002105712891E+00    0.354942798614501953E+01    0.470864056992530866E+00
    0.112143972110446882E-12    0.612670259709984748E+02    0.263162410259246826E+03    0.279692411422729492E-01   -0.370931267738342285E+01    0.145159241938591005E+00
    0.240594433232814705E-12    0.597247426606217360E+02    0.345768144726753235E+03   -0.267052650451660156E+00   -0.383772790431976318E+01    0.494834230899810837E-01
    0.340947515633460684E-12    0.590118858884474591E+02    0.334318505227565765E+03    0.862719893455505371E+00    0.144457638263702393E+01    0.344713081455230719E+00
    0.616240915390263602E-12    0.578124420261500731E+02    0.348774619400501251E+03    0.550628602504730225E+00    0.292952120304107666E+01    0.259383898258209247E-01
    0.102199211982039613E-11    0.567850748727533841E+02    0.188436120748519897E+03   -0.130969166755676270E+01   -0.273754894733428955E+01    0.228670156502723709E+00
    0.110432938077443966E-11    0.566144809241468181E+02    0.259889176487922668E+03    0.242750167846679688E+00   -0.310835540294647217E+01    0.237674124240875272E-02
    0.118088530486927092E-11    0.564648036040853540E+02    0.329428006708621979E+03   -0.135392898321151733E+01   -0.328661561012268066E+01    0.195786802053451552E-01
    0.186664101152384690E-11    0.555334263048577697E+02    0.253354483842849731E+03   -0.132449084520339966E+01    0.347156286239624023E+01    0.259255786299705526E+00
    0.197797917533784668E-11    0.554019310251528907E+02    0.271039655804634094E+03    0.370879828929901123E+00   -0.423071146011352539E+01    0.286913059902191181E+00
    0.201356514322169462E-11    0.553506437271366707E+02    0.257064220309257507E+03   -0.169231057167053223E+01   -0.264418721199035645E+01    0.327693331003189106E-01
    0.203881326684300653E-11    0.553100966218723542E+02    0.140910877287387848E+03   -0.477226257324218750E+00   -0.173133969306945801E+01    0.100754067707061773E+00
    0.216490092771410553E-11    0.551744582360892224E+02    0.238495783507823944E+03   -0.992922782897949219E-01    0.399277389049530029E+01    0.686277849912643456E-01
    0.245569712259476566E-11    0.549067610726396111E+02    0.141609632968902588E+03   -0.986450254917144775E+00   -0.140717446804046631E+01    0.394639420509338423E-01
    0.250565373904252268E-11    0.548508580868442550E+02    0.213370861113071442E+03    0.348511993885040283E+00   -0.321447193622589111E+01    0.174252870655059816E+00
    0.301383426303259519E-11    0.544659062158577001E+02    0.272373732924461365E+03   -0.105665349960327148E+01   -0.406279981136322021E+01    0.367819156408309922E+00
    0.304306130005197556E-11    0.544309794045154973E+02    0.317829625308513641E+03   -0.157334208488464355E-01   -0.374810934066772461E+01    0.103311359810829173E+00
    0.324740448105160755E-11    0.542853703230439280E+02    0.148360350728034973E+03    0.259562969207763672E+00   -0.366691052913665771E+01    0.568897545289993256E+00
    0.349208437830940857E-11    0.541244598331532742E+02    0.214522628486156464E+03    0.743683278560638428E+00    0.358226299285888672E+01    0.453296273946762127E-01
    0.437513941451951173E-11    0.536579556642063125E+02    0.184703062474727631E+03   -0.123495727777481079E+01    0.438230812549591064E+01    0.177644101667404186E+00
    0.523275406000461449E-10    0.486791617923966129E+02    0.327308873832225800E+03   -0.195897936820983887E+00   -0.319956243038177490E+01    0.984223959445953457E-02
    0.900120916150658801E-10    0.475786944099929343E+02    0.295982201397418976E+03   -0.102343595027923584E+01   -0.374363780021667480E+01    0.297231650805473313E+00
    0.118773150872769680E-09    0.470085266778986082E+02    0.340413208305835724E+03   -0.182422035932540894E+01    0.238216698169708252E+01    0.301323147583007822E+00
    0.252080296711239863E-09    0.454878370861614059E+02    0.312197710573673248E+03   -0.122350817918777466E+01   -0.378302156925201416E+01    0.301596942114830013E+00
    0.294952654294240235E-09    0.451580777360789227E+02    0.342678789794445038E+03   -0.101669269800186157E+01    0.284800767898559570E+01    0.105670325732231146E+00
    0.417975735093097124E-09    0.444452356735152847E+02    0.294781228899955750E+03   -0.776798427104949951E+00   -0.272966206073760986E+01    0.353769829273223868E-01
    0.432592254606921154E-09    0.443608662170116546E+02    0.282609806954860687E+03    0.441906332969665527E+00   -0.304324924945831299E+01    0.312344801902771016E-01
    0.620976876865882471E-09    0.436222447433226748E+02    0.210961084067821503E+03   -0.192743855714797974E+01   -0.194626629352569580E+01    0.109761310744285592E+00
    0.782980710260225414E-09    0.431429913151531110E+02    0.274512647092342377E+03    0.628530323505401611E+00   -0.393319606781005859E+01    0.266973550915718061E+00
    0.865087734347630981E-09    0.429279205776018387E+02    0.242020997405052185E+03    0.181063294410705566E+00   -0.335590600967407227E+01    0.280300231075286899E+00
    0.159286551071368953E-08    0.416913776727978203E+02    0.322774854302406311E+03   -0.186920762062072754E+00   -0.301769673824310303E+01    0.477739899158477824E-01
    0.168275240437064384E-08    0.415659602997139572E+02    0.265540108084678650E+03    0.680938363075256348E+00    0.247224092483520508E+01    0.952996712207794250E-01
    0.169942194675693037E-08    0.415306205533596255E+02    0.160399150848388672E+03   -0.999983429908752441E+00    0.358663320541381836E+01    0.359955402159690852E+00
    0.169078135256578258E-08    0.415251903554262540E+02    0.165851947665214539E+03   -0.103532528877258301E+01    0.324502527713775635E+01    0.440808343291282656E+00
    0.172017425599812420E-08    0.414750956825565567E+02    0.209587511420249939E+03   -0.583336949348449707E-01   -0.235492467880249023E+01    0.142331874132156366E+00
    0.181489859394775580E-08    0.413522626870919510E+02    0.220696362853050232E+03    0.948727607727050781E+00   -0.449605584144592285E+01    0.547711239123344407E+00
    0.201544849603360821E-08    0.411270133785807133E+02    0.323820620775222778E+03   -0.151184421777725220E+01   -0.434633135795593262E+01    0.505408329248428378E+00
    0.234600093986250481E-08    0.408076475754883319E+02    0.187099951505661011E+03   -0.183267450332641602E+01    0.265960395336151123E+01    0.553575662112236078E+00
    0.457881000538468009E-08    0.394545685967692776E+02    0.224754357337951660E+03   -0.183825796842575073E+01   -0.325003981590270996E+01    0.486457789993286149E+00
    0.496225952624311229E-08    0.392780995038947651E+02    0.275330613553524017E+03    0.840737044811248779E+00   -0.459367632865905762E+01    0.459830325007438701E+00
    0.523319954967924287E-08    0.391561511579898749E+02    0.173101489245891571E+03   -0.154396545886993408E+01   -0.116417348384857178E+01    0.481771587610244773E-01
    0.557252041847768029E-08    0.390148769763545502E+02    0.231056328117847443E+03   -0.763472497463226318E+00    0.299042940139770508E+01    0.237119370460510265E+00
    0.646733043240152689E-08    0.387014200445587022E+02    0.252018448710441589E+03    0.364786386489868164E-02   -0.406003057956695557E+01    0.529146843981742832E+00
    0.752127097812139409E-08    0.383838516037401405E+02    0.169677166640758514E+03   -0.165610986948013306E+01   -0.167072236537933350E+01    0.227618921971321109E+00
    0.852448074501864323E-08    0.381178126539190174E+02    0.184732258319854736E+03    0.292967379093170166E+00    0.379017651081085205E+01    0.387783127784728995E-01
    0.120332858577745104E-07    0.374127186145462929E+02    0.182083469629287720E+03    0.357845187187194824E+00   -0.315821349620819092E+01    0.456177445363998402E+00
    0.323589947967150842E-07    0.354186628200665439E+02    0.166688635945320129E+03    0.351289868354797363E+00   -0.215037465095520020E+01    0.264398074078559864E+00
    0.330933478512769185E-07    0.353581572953474108E+02    0.335138295590877533E+03    0.441492915153503418E+00   -0.458088040351867676E+01    0.458112737703323392E+00
    0.392656451897104771E-07    0.350004969404643020E+02    0.290242421627044678E+03   -0.189096552133560181E+01    0.280527412891387939E+01    0.148499432873725884E+00
    0.481758370822042812E-07    0.345758566971724335E+02    0.329701055586338043E+03   -0.109415256977081299E+01   -0.245995640754699707E+01    0.245224029779434229E-01
    0.628484843853713806E-07    0.340284932372890268E+02    0.256262145936489105E+03   -0.177906054258346558E+01   -0.314915478229522705E+01    0.434829898953437821E+00
    0.626432067966131059E-07    0.340194113883110347E+02    0.343731395900249481E+03    0.446379184722900391E+00    0.301253199577331543E+00    0.532640462207794263E+00
    0.663305118729224694E-07    0.338893968760521673E+02    0.309179635345935822E+03   -0.176100963354110718E+01    0.292992413043975830E+01    0.426650351285934454E-01
    0.721742002965420319E-07    0.337049065863458566E+02    0.184807440638542175E+03   -0.197531545162200928E+01    0.290153324604034424E+01    0.401756986570358299E+00
    0.776543968502176411E-07    0.335429105333014235E+02    0.201245224475860596E+03    0.578020572662353516E+00   -0.236289978027343750E+01    0.173455676507949824E+00
    0.806160836072355727E-07    0.334524255210329571E+02    0.311580252647399902E+03   -0.153060555458068848E-01   -0.399480164051055908E+01    0.429928140950202931E+00
    0.957204556142392119E-07    0.330933328314106774E+02    0.247794224321842194E+03   -0.180348438024520874E+01    0.216843187808990479E+01    0.403868257999420166E+00
    0.962407967273244898E-07    0.330668651768400537E+02    0.319234083592891693E+03    0.433629751205444336E-02   -0.310919463634490967E+01    0.170942055058479314E+00
    0.111570361754346286E-06    0.327556359992018784E+02    0.239240780472755432E+03    0.777775228023529053E+00   -0.401049196720123291E+01    0.496149468183517461E+00
    0.174944933027047857E-06    0.318403793652212670E+02    0.321604137122631073E+03   -0.138009786605834961E-01   -0.428684115409851074E+01    0.516452774190902741E+00
    0.218594481173993805E-06    0.313792602188112433E+02    0.266951982676982880E+03    0.581465959548950195E-01    0.187775850296020508E+01    0.284859140324592586E+00
    0.283710518602195020E-06    0.308421630419486092E+02    0.342930461466312408E+03    0.411484181880950928E+00   -0.434832990169525146E+01    0.453323875164985679E+00
    0.376855372016349319E-06    0.302587239067177798E+02    0.334929338097572327E+03   -0.104040521383285522E+01   -0.392245233058929443E+01    0.479496141815185573E+00
    0.441904127958419310E-06    0.299246359702396703E+02    0.214716994762420654E+03   -0.375367581844329834E+00    0.239548504352569580E+01    0.310476857900619518E+00
    0.452197005028434553E-06    0.298629610037790982E+02    0.340911227464675903E+03   -0.907011806964874268E+00    0.994227528572082520E+00    0.422139377403259297E+00
    0.479870415780488866E-06    0.297285396765370145E+02    0.340840604901313782E+03    0.575102686882019043E+00   -0.406253755092620850E+01    0.353187133097648653E+00
    0.744845938501027438E-06    0.288335920711247837E+02    0.289259231090545654E+03   -0.411978662014007568E+00   -0.288606286048889160E+01    0.275710138249397274E+00
    0.859221043091453789E-06    0.285322694473006280E+02    0.318268233537673950E+03   -0.958755373954772949E+00    0.136471569538116455E+01    0.345152005648612981E+00
    0.928103717717035720E-06    0.283624098945530179E+02    0.236415663361549377E+03   -0.112515854835510254E+01    0.196592688560485840E+01    0.385711978769302355E+00
    0.133869702817236634E-05    0.276141677714897611E+02    0.290809400379657745E+03   -0.216480851173400879E+00    0.258577585220336914E+01    0.562863557338714581E-02
    0.135472326140142196E-05    0.275747419225438364E+02    0.287512549757957458E+03   -0.848244607448577881E+00    0.198097407817840576E+01    0.223888185739517215E+00
    0.140323916355266533E-05    0.274887448143976734E+02    0.143928469717502594E+03    0.711362123489379883E+00    0.234721302986145020E+01    0.330757305049896255E+00
    0.265027063519904740E-05    0.262013627966857285E+02    0.146067611873149872E+03   -0.182760834693908691E+00    0.235112607479095459E+01    0.512093487596511854E+00
    0.330538907816441854E-05    0.257439529382754486E+02    0.193659977614879608E+03   -0.161502933502197266E+01    0.186616837978363037E+01    0.539040908360481241E+00
    0.336670657014485386E-05    0.256915663439790229E+02    0.130095352232456207E+03    0.732440352439880371E+00   -0.152410924434661865E+01    0.320996402049064655E+00
    0.350166965094935335E-05    0.255973315234835752E+02    0.185730294883251190E+03   -0.131601202487945557E+01   -0.224932372570037842E+01    0.494627921175956720E+00
    0.355548381664560580E-05    0.255512040218502143E+02    0.231238315999507904E+03   -0.174423849582672119E+01   -0.266970515251159668E+01    0.494550917530059808E+00
    0.427157923321378122E-05    0.251685941138150184E+02    0.253724843263626099E+03   -0.876918315887451172E+00   -0.256363749504089355E+01    0.359856017303466835E+00
    0.463051971977757797E-05    0.249915980946523852E+02    0.169931936264038086E+03    0.129081726074218750E+00   -0.246889650821685791E+01    0.531801439762115469E+00
    0.481815508869132925E-05    0.248965291330167560E+02    0.309259162843227386E+03    0.812873899936676025E+00   -0.366017758846282959E+01    0.342153025817871104E+00
    0.559928619902687331E-05    0.245804080689186222E+02    0.152071388065814972E+03   -0.102014309167861938E+01    0.322724759578704834E+01    0.254545872116088867E+00
    0.566962049604807983E-05    0.245398169520618872E+02    0.139306795597076416E+03    0.636200726032257080E+00   -0.465127229690551758E+00    0.869967198371887195E-03
    0.575859699327206678E-05    0.244930485842712109E+02    0.198420523107051849E+03   -0.793279170989990234E+00   -0.161855340003967285E+01    0.265784446763992321E+00
    0.618386488772457866E-05    0.243349243945128002E+02    0.215932504832744598E+03   -0.100384777784347534E+01   -0.186342120170593262E+01    0.294348807621002184E+00
    0.639999983796771552E-05    0.242505903891371197E+02    0.132383893430233002E+03    0.692331850528717041E+00   -0.509061813354492188E+00    0.439254452705383283E-01
    0.648590325868287265E-05    0.242082991344955971E+02    0.254141376912593842E+03   -0.788016676902770996E+00    0.266185283660888672E+01    0.520201422214508075E-01
    0.728961180940212848E-05    0.239590357295059420E+02    0.306257489323616028E+03    0.129699707031250000E+00   -0.273724496364593506E+01    0.215957219624519359E+00
    0.802875109659018689E-05    0.237502533468877175E+02    0.155503877997398376E+03    0.360984086990356445E+00   -0.182013809680938721E+01    0.394795133686065669E+00
    0.905828282832151520E-05    0.234933271816466203E+02    0.266808444261550903E+03   -0.149443703889846802E+01    0.235779881477355957E+01    0.130005763721466078E+00
    0.934316042292235574E-05    0.234157721791331852E+02    0.283100356161594391E+03    0.145952641963958740E+00    0.222978770732879639E+01    0.952688970565795934E-02
    0.971373202239064584E-05    0.233223552056307142E+02    0.284087918698787689E+03   -0.686721622943878174E+00   -0.209200084209442139E+01    0.170061101961135858E+00
    0.128601995991727567E-04    0.227455368399932105E+02    0.244500270485877991E+03   -0.187748348712921143E+01   -0.183471679687500000E+01    0.275311336469650281E+00
    0.159014770859895792E-04    0.223053623124306881E+02    0.320105305314064026E+03   -0.614661574363708496E+00    0.133229434490203857E+01    0.227355021572113042E+00
    0.172163507928299672E-04    0.221308421997345626E+02    0.213551111214479988E+03   -0.730666636830311189E+00   -0.953332898634860371E+00    0.632075017951335139E-01
    0.193468747358674504E-04    0.218818745310872913E+02    0.158513034880161285E+03   -0.181857573986053467E+01    0.382261931896209717E+01    0.450410940170288127E-01
    0.197465541584434648E-04    0.218253533129637844E+02    0.148508542776107788E+03   -0.992337524890899658E+00    0.287431478500366211E+01    0.321878344559669516E+00
    0.254333247674879831E-04    0.213035656935808291E+02    0.221397358179092407E+03   -0.190446794033050537E+01   -0.118336141109466553E+01    0.186201809906959531E+00
    0.258081980524830042E-04    0.212586769283799271E+02    0.248601046204566956E+03   -0.151083928346633911E+01    0.115839838981628418E+01    0.482648412466049226E+00
    0.262704283091377709E-04    0.212075485038714149E+02    0.201572110466037259E+03    0.120703071884155744E+00   -0.254884907185929199E+01    0.508439561027625331E+00
    0.261335290047082283E-04    0.212023730670627195E+02    0.256765344361929465E+03   -0.191389223350736093E+01   -0.107212775916634184E+01    0.552994245411732865E-01
    0.274660733016186991E-04    0.210872832293981602E+02    0.210843053460121155E+03   -0.114203929901123047E+00   -0.196011543273925781E+01    0.339265133213996872E+00
    0.284275081969360822E-04    0.210028467695092758E+02    0.282952606678009033E+03   -0.526978194713592529E+00    0.143050849437713623E+01    0.254347341227531443E+00
    0.321655709939418542E-04    0.207401430057688856E+02    0.202552962303161621E+03   -0.156185668706893921E+01   -0.163573324680328369E+01    0.370896265769004807E+00
    0.341989966232330848E-04    0.206019187089608309E+02    0.309178227186203003E+03   -0.112767124176025391E+01   -0.340805709362030029E+01    0.554605811905860890E+00
    0.356164770530396555E-04    0.205050695805337142E+02    0.173453582304953215E+03    0.342151759487102414E+00   -0.182273799153733407E+01    0.384628759799949926E+00
    0.354248247197461069E-04    0.205002356439548734E+02    0.167499852636797954E+03   -0.112626241303006402E+01   -0.109398101047615004E+01    0.323199023018874321E+00
    0.358629848740947571E-04    0.204600249160708465E+02    0.152717424929141998E+03   -0.171999830007553101E+01   -0.107049942016601562E-02    0.985446737766265957E-01
    0.384478768791558681E-04    0.203052043657936174E+02    0.166453902423381805E+03   -0.169883406162261963E+01    0.334341824054718018E+01    0.117413808202743539E+00
    0.417098848272044157E-04    0.201267100253739422E+02    0.161877182126045227E+03   -0.170956397056579590E+01   -0.760673880577087402E+00    0.287232538032531737E+00
    0.438412174186609448E-04    0.200114124955524204E+02    0.315358452498912811E+03    0.505239009857177734E+00    0.903194546699523926E+00    0.163855809044837958E+00
    0.445463368085559158E-04    0.199638764712002441E+02    0.269510903954505920E+03    0.354690551757812500E+00    0.164973139762878418E+00    0.528911909508705147E+00
    0.442809415654189041E-04    0.199602025762078519E+02    0.185841593146324158E+03   -0.188394117355346680E+01   -0.107997536659240723E+01    0.291051912045478811E+00
    0.474390288506610139E-04    0.198067957524883802E+02    0.286192286014556885E+03   -0.187844532728195190E+01    0.181463479995727539E+01    0.190799067449569704E+00
    0.479217902222905682E-04    0.197709206958905455E+02    0.127998991310596466E+03   -0.190142560005187988E+01    0.426002204418182373E+01    0.251008003234863275E-01
    0.477342911074272609E-04    0.197631362577195482E+02    0.182244321688162955E+03    0.728600041204877868E+00   -0.187401534122301783E+01    0.302815553684282757E+00
    0.514637527166990005E-04    0.195970558609916026E+02    0.340295673906803131E+03    0.928085505962371826E+00   -0.300949871540069580E+01    0.209886213970184338E+00
    0.525984171136527540E-04    0.195378142664442151E+02    0.349412073194980621E+03   -0.138405734300613403E+01   -0.183482050895690918E+01    0.759610772609710660E-01
    0.552476571235609705E-04    0.194239094502426326E+02    0.307243724132933096E+03   -0.572838723496661872E+00   -0.171410045038440373E+01    0.720268370994479185E-01
    0.568929051650135571E-04    0.193495950316031298E+02    0.170454779267311096E+03    0.851292788982391357E+00    0.932247042655944824E+00    0.383657752132415764E+00
    0.685506643113753989E-04    0.189611651255052713E+02    0.172530460357666016E+03    0.389511704444885254E+00    0.141462981700897217E+01    0.456354277396202102E+00
    0.942534584148227780E-04    0.183087112798105025E+02    0.133816246688365936E+03   -0.944782495498657227E+00   -0.383684039115905762E+00    0.302531528234481817E+00
    0.102233376613975244E-03    0.181305449076261347E+02    0.172978999050988222E+03    0.718795427346873517E+00   -0.243422690933038366E+01    0.551291514800616889E+00
    0.106913911930732274E-03    0.180253884207659674E+02    0.141972951591014862E+03   -0.168415594100952148E+01   -0.505436062812805176E+00    0.346529030084610001E+00
    0.111133130550713138E-03    0.179323536052967292E+02    0.341209100186824799E+03   -0.115978068113327026E+01   -0.201780676841735840E+01    0.160678871297836312E+00
    0.120134306083341831E-03    0.177609656506604665E+02    0.193763819336891174E+03   -0.177407431602478027E+01   -0.827165246009826660E+00    0.240370548319816607E+00
    0.122880462467141638E-03    0.177001372533142529E+02    0.223616832494735718E+03   -0.432872712612152100E+00    0.189563035964965820E+01    0.208673500370979315E+00
    0.134051207831378566E-03    0.175104925693406273E+02    0.267373263835906982E+03    0.443569302558898926E+00    0.567036867141723633E-01    0.488572916722297690E+00
    0.152292235079582778E-03    0.172397087707819310E+02    0.330265499651432037E+03   -0.194584155082702637E+01   -0.207193255424499512E+01    0.251065866851806652E+00
    0.180083509908613749E-03    0.168888449447567943E+02    0.309457418322563171E+03    0.767002403736114502E+00   -0.203395485877990723E+01    0.651281961679458649E-01
    0.188606696567651097E-03    0.167807335666525184E+02    0.145892289280891418E+03    0.835478305816650391E-03   -0.474688410758972168E+00    0.234729800963401791E+00
    0.187270272956341653E-03    0.167793305525803937E+02    0.348419991135597229E+03    0.663328588008880615E+00   -0.303868234157562256E+01    0.286946085834503206E+00
    0.197210591324379969E-03    0.166602670206977592E+02    0.216503708064556122E+03    0.389004051685333252E+00    0.951006412506103516E+00    0.384989127087593086E+00
    0.206502219785190979E-03    0.165525639954165023E+02    0.223200942575931549E+03   -0.627201616764068604E+00   -0.475124120712280273E+00    0.603736560344696107E-02
    0.222439073001763301E-03    0.163882548494279376E+02    0.314890447258949280E+03   -0.577814280986785889E+00   -0.155594348907470703E+00    0.530038339447975182E+00
    0.231344523989082131E-03    0.162941202287107778E+02    0.317254774272441864E+03   -0.166233491897583008E+01   -0.305144786834716797E+01    0.559729642009735073E+00
    0.243159091719900427E-03    0.161788794641236429E+02    0.224573348462581635E+03    0.991149425506591797E+00   -0.154256820678710938E-01    0.264295482158660888E+00
    0.241416501821734226E-03    0.161776389889177032E+02    0.213484103977680206E+03    0.632042586803436279E+00    0.177896142005920410E+01    0.342614024162292488E-01
    0.240168964587820366E-03    0.161723759297278775E+02    0.255883136391639709E+03   -0.427946746349334717E+00   -0.178526401519775391E+01    0.281522190570831332E+00
    0.262734366360327148E-03    0.159771493033712542E+02    0.191089831292629242E+03    0.990242838859558105E+00    0.189995765686035156E+00    0.305591612863540640E+00
    0.286017517756812856E-03    0.157917051995492095E+02    0.214603798729464359E+03   -0.141111168841390500E+01    0.123773455106521713E+01    0.439478333479816519E+00
    0.286635613883752516E-03    0.157717627771319364E+02    0.217578013241291046E+03   -0.129861342906951904E+01   -0.208146512508392334E+01    0.544709461641311621E+00
    0.292729802118717674E-03    0.157140613062713292E+02    0.128444170951843262E+03   -0.789509415626525879E-01    0.356698274612426758E+01    0.222120547771453881E-01
    0.318389453125962727E-03    0.155303856615988671E+02    0.325061397254467010E+03   -0.228271484375000000E-01   -0.231830120086669922E+01    0.252495569014549281E+00
    0.337964363568830212E-03    0.153954304058408127E+02    0.211511628397764582E+03    0.587548260278970336E+00    0.515077896607614605E+00    0.406392977420872770E+00
    0.335980013749215625E-03    0.153915829686237018E+02    0.236436718702316284E+03   -0.778353214263916016E+00    0.966634750366210938E+00    0.400144822955131541E+00
    0.398163379613170260E-03    0.150363364740485643E+02    0.222613324224948883E+03   -0.136207771301269531E+01   -0.192075192928314209E+01    0.504162657952308635E+00
    0.407956114201989183E-03    0.149721171084564819E+02    0.138272508978843689E+03   -0.130486565828323364E+01   -0.115305185317993164E-01    0.273318453454971300E+00
    0.483727556627858537E-03    0.146157676218332888E+02    0.176674986914810319E+03    0.874226062941071635E+00    0.753272312737957250E+00    0.239451343654160098E+00
    0.493168646291905293E-03    0.145614839246851275E+02    0.247706167399883270E+03    0.199441432952880859E+00   -0.256538927555084229E+01    0.508265618276596109E+00
    0.518519899246591199E-03    0.144456045083888167E+02    0.154486005376568556E+03   -0.137478255193035226E+01   -0.998473914669833817E+00    0.503163909768349793E+00
    0.529122430037730395E-03    0.143894966355828018E+02    0.248909473419189453E+03    0.452733159065246582E+00    0.970449447631835938E+00    0.199588161921501167E+00
    0.539521084020646723E-03    0.143349475900272072E+02    0.339138488471508026E+03   -0.174103826284408569E+01   -0.168740034103393555E+01    0.187971324348449709E+00
    0.535757486254533370E-03    0.143333231039007032E+02    0.157822000486600416E+03   -0.100466316258233213E+01    0.129992540580095017E+00    0.140405013289882225E+00
    0.547894459847361411E-03    0.142728959654723297E+02    0.277498554290739776E+03   -0.328441390712694847E+00   -0.130378040475400603E+01    0.128701926210588041E+00
    0.564620517469999195E-03    0.141971286092480327E+02    0.295322512090206146E+03   -0.194317150115966797E+01    0.184036910533905029E+01    0.354429665565490701E-01
    0.586524985183073627E-03    0.141053807838956722E+02    0.226050508022308350E+03   -0.191951370239257812E+01   -0.448948144912719727E+00    0.124952045488357547E+00
    0.623760481873627919E-03    0.139666534161701836E+02    0.185715931653976440E+03   -0.866280853748321533E+00    0.159394145011901855E+01    0.346323641538619997E+00
    0.652608495926082911E-03    0.138606065139219528E+02    0.174118186466036150E+03   -0.150528506355895875E+01   -0.442214754158961831E+00    0.281636832513408708E+00
    0.674923183360141106E-03    0.137777385552990452E+02    0.173274468250012148E+03    0.575198371485032833E+00   -0.147552147812782231E+01    0.407452316146262927E+00
    0.705505060682820031E-03    0.136734834303267334E+02    0.337038560211658478E+03    0.829187631607055664E+00   -0.205607175827026367E+01    0.127138546442985528E+00
    0.722817523090137234E-03    0.136093727156938495E+02    0.134685536687850941E+03   -0.175782215561859223E+01    0.317925545604321691E+01    0.148767241582873466E+00
    0.724146826720024309E-03    0.135900729769097737E+02    0.329909785091876984E+03    0.739494740962982178E+00   -0.240239441394805908E+01    0.231324922871589678E+00
    0.734197990546615995E-03    0.135468788509736182E+02    0.298328255051009364E+03   -0.129613165774874117E+01   -0.168893550503790024E+01    0.271798124094665583E+00
    0.735731941015011132E-03    0.135270796356119494E+02    0.342184887826442719E+03   -0.182545489072799683E+01   -0.281393766403198242E+01    0.524834571576118458E+00
    0.774053565738659719E-03    0.134099041640817340E+02    0.173096768558025360E+03    0.467616915702819824E+00    0.553585290908813477E+00    0.531750433802604672E+00
    0.784119392776518455E-03    0.133684387283118689E+02    0.289794211089611053E+03   -0.373421370983123779E+00    0.249379873275756836E-01    0.451785132837295544E+00
    0.975951626795359614E-03    0.129151102742829877E+02    0.159921720431841266E+03    0.898744545266095596E+00    0.953269724713432964E+00    0.144617017580504825E+00
    0.969776229101461970E-03    0.129121806127612082E+02    0.234635816514492035E+03   -0.142505043745040894E+01    0.976019501686096191E+00    0.370047690367698690E+00
    0.104447503233762564E-02    0.127481469656857893E+02    0.237738827320596187E+03    0.471313219222806445E+00    0.280147405117694426E+00    0.367683666724876401E+00
    0.115502123507076992E-02    0.125313133029741852E+02    0.235639257729053497E+03    0.438801407814025879E+00    0.160570383071899414E+01    0.232157292366027852E-02
    0.119945560652814009E-02    0.124401901760049682E+02    0.258447821751487481E+03    0.307007634692073594E-01   -0.114506469927458943E+01    0.154591489396791876E+00
    0.121138487724365795E-02    0.124047722976990116E+02    0.271580286088668799E+03    0.917057337707692710E+00   -0.136282769376504342E+01    0.189363688620992537E+00
    0.122601573671277109E-02    0.123651364147698910E+02    0.235523614287376404E+03   -0.114728552103042603E+01   -0.576993227005004883E+00    0.141386029171943678E+00
    0.124197296823038155E-02    0.123236483241398247E+02    0.133461149036884308E+03   -0.953080356121063232E+00   -0.303468704223632812E+00    0.440627007722854624E+00
    0.127565259265363033E-02    0.122545099911855928E+02    0.287615192568175985E+03   -0.110995721345566389E+01   -0.106511240037926669E+01    0.152018459787173349E+00
    0.132143798513968029E-02    0.121683597086027593E+02    0.233363753785875986E+03   -0.175847190175117474E+01   -0.299442919855689382E+00    0.108400919744448848E+00
    0.133683163139783844E-02    0.121295710411765931E+02    0.249851882956913016E+03   -0.143104510848426036E+01    0.146643331321581449E+01    0.165828507830941441E+00
    0.137869305899545203E-02    0.120522787778155589E+02    0.258921864628791809E+03    0.897809088230133057E+00   -0.919882059097290039E+00    0.283207980179786711E+00
    0.144931632273008070E-02    0.119367418739186064E+02    0.252149754674014474E+03   -0.864391177863750304E-01    0.960985877149262535E+00    0.213870339175657426E+00
    0.146599210455024991E-02    0.118982363257875914E+02    0.317743687331676483E+03   -0.169203162193298340E+00   -0.177663505077362061E+01    0.231101997828483591E+00
    0.148118867525654494E-02    0.118619859125218454E+02    0.252658753873976138E+03   -0.188456394265616201E+01   -0.685091678976657903E+00    0.184527353917391307E+00
    0.147661466970479250E-02    0.118525465965101446E+02    0.141138318006215968E+03    0.520704310284427763E+00    0.672118507915090646E+00    0.560055404260038525E+00
    0.164461766196821453E-02    0.116214098955346365E+02    0.157773079864033093E+03   -0.173561515694985702E+01    0.767058075119859240E+00    0.813083587804336316E-01
    0.163895113552250710E-02    0.116126877898187253E+02    0.142566979943838817E+03    0.702626467162428270E+00    0.123735192502265612E+00    0.156956750209647194E+00
    0.163366363659430617E-02    0.116035255162894728E+02    0.169973238982572752E+03   -0.880148249842082508E+00    0.122284797293551506E+01    0.450835590318571511E+00
    0.168415027817523516E-02    0.115270284599490331E+02    0.254507552087306976E+03   -0.154448956251144409E+01   -0.569626092910766602E+00    0.140085906028747570E+00
    0.178196211044470915E-02    0.113984956283772831E+02    0.299494163037205908E+03   -0.120689993860885503E+01   -0.200894833138793949E+01    0.421320900884098015E+00
    0.183869217116540938E-02    0.113201916765511008E+02    0.278100450336933136E+03   -0.370758652687072754E+00   -0.227407157421112061E+01    0.495864585399627689E+00
    0.189969351328931127E-02    0.112392906325377453E+02    0.246005915105342865E+03    0.848750948905944824E+00   -0.135262012481689453E+01    0.318495438265800512E+00
    0.200506438576421742E-02    0.111156984155819334E+02    0.296796313238711377E+03    0.795076065775038199E+00   -0.973527417790953642E+00    0.427373310339971904E-01
    0.199685796448250807E-02    0.111082759063514160E+02    0.325317523952396527E+03    0.772254946286341948E+00   -0.209862812570984270E+01    0.284429009736009153E+00
    0.201757378231298776E-02    0.110720093779647843E+02    0.150523270602876266E+03    0.160462809252260641E+00    0.479377544376622389E+00    0.826385706834002476E-01
    0.201195078125720973E-02    0.110619661825840847E+02    0.199544710642291506E+03   -0.909602852858461208E+00    0.180602467443514048E+01    0.155928766823716813E+00
    0.202114312595042022E-02    0.110372242506975606E+02    0.201282884861639218E+03    0.281375825194022600E+00   -0.165446407888809155E+01    0.495528981112211553E+00
    0.206631376077312219E-02    0.109773933054981985E+02    0.317210987210273743E+03   -0.924512147903442383E+00    0.110844016075134277E+01    0.368354463100433391E-01
    0.205462358309914817E-02    0.109731154414109895E+02    0.277708102416756446E+03    0.121518960099023410E+00   -0.167471952382169942E+01    0.293932482383709559E+00
    0.213321968600781522E-02    0.108824109050796771E+02    0.298365590994103172E+03    0.558211138621231839E-01    0.108239091776185958E+01    0.841115389565102317E-02
    0.213591808343180757E-02    0.108642576214504611E+02    0.198637659242744405E+03   -0.101567920866546557E+01    0.139403372833080930E+01    0.276598694014926150E+00
    0.213142231918229431E-02    0.108528467365560317E+02    0.200576058579203135E+03   -0.123113335330565654E+01    0.479174072758095093E+00    0.545351339101959431E+00
    0.220583360321716581E-02    0.107685897836668794E+02    0.237555213272571564E+03   -0.125937342643737793E+01    0.153553485870361328E-01    0.291232087612152100E-01
    0.230707362428190154E-02    0.106632159770451693E+02    0.256341311335563660E+03   -0.802284955978393555E+00    0.363928079605102539E-01    0.467344509315490764E+00
    0.232289232437592414E-02    0.106339245597791034E+02    0.213659702345816925E+03   -0.107092563431408738E+01    0.150285178202087089E+01    0.189790919440444322E+00
    0.238483648145746503E-02    0.105656646397567897E+02    0.176740401085200858E+03   -0.491145385134315049E-01   -0.116072262385227321E+01    0.490431185624681298E+00
    0.237327448986607249E-02    0.105597594755637143E+02    0.348416831912857901E+03   -0.554467166565665526E+00   -0.936997787796149950E+00    0.514998485689262875E+00
    0.241484658727965850E-02    0.105094042409674646E+02    0.291938537712624111E+03   -0.718547671673094301E+00    0.621671919988015631E+00    0.204598336886128662E+00
    0.243756930928879347E-02    0.104750480451377701E+02    0.194218069724718589E+03   -0.333666066661535199E+00   -0.789379873886709049E+00    0.352869834014524819E+00
    0.243043536347515307E-02    0.104652849548114144E+02    0.147980457936162111E+03    0.738035617169296110E+00   -0.335263030544274088E+00    0.350741193025177644E+00
    0.241695442622467168E-02    0.104607842692081938E+02    0.156332921981811523E+03    0.772443711757659912E+00    0.843881368637084961E+00    0.148239319539070130E+00
    0.245070782375394558E-02    0.104174219802979344E+02    0.210625325143337250E+03    0.571359932422637939E+00   -0.564771890640258789E-01    0.404128473687171974E+00
    0.243528030271390663E-02    0.104144270333483444E+02    0.185387052595615387E+03   -0.667017757892608643E+00    0.155088841915130615E+01    0.228080909729003911E+00
    0.246343436458341903E-02    0.103758128422885676E+02    0.298130266429431913E+03   -0.353777167267809833E+00   -0.720885662455252429E+00    0.468721572212121018E-01
    0.245078624228511552E-02    0.103704829846834627E+02    0.281965048584353781E+03   -0.171004076199892130E+01   -0.111347806307173780E+01    0.277427686166895615E+00
    0.244034285854611340E-02    0.103633986708064540E+02    0.247080952428229750E+03    0.674007340917827324E+00   -0.131149278436169014E+01    0.266573991851190406E+00
    0.249765394093226121E-02    0.103013470259651427E+02    0.263631516875877651E+03   -0.376598682119424044E+00   -0.485475900767710300E+00    0.552505554834659907E+00
    0.248562047263877709E-02    0.102953811301479945E+02    0.128157994077652091E+03    0.179608655550405061E-01   -0.612409974197190898E+00    0.562993268808220093E+00
    0.249506616393470717E-02    0.102721702663430765E+02    0.219282127916812897E+03    0.471400797367095947E+00   -0.161737501621246338E+01    0.434368627667427065E+00
    0.251222611457507447E-02    0.102428372446311649E+02    0.265964907097165565E+03   -0.324036669720391135E+00   -0.214736514211855578E+00    0.462883609464335932E+00
    0.263517370720162776E-02    0.101316525555546662E+02    0.249571382768957477E+03   -0.123159026596263743E+01   -0.105602582607012252E+01    0.329018702495622872E+00
    0.265328934074191480E-02    0.101023254994123413E+02    0.130268059177283277E+03    0.633273869093009090E+00    0.804400185414431590E+00    0.947543094393617502E-01
    0.271669383353876975E-02    0.100394694840484409E+02    0.261294528639421401E+03   -0.232206473016241421E+00    0.109664190271431039E+01    0.884832300246130438E-01
    0.273651626314646516E-02    0.100093044120078467E+02    0.304279609942423122E+03   -0.168476491127668604E+01   -0.175572408127321777E+01    0.417653601594365265E+00
    0.280015018807781412E-02    0.994770465258526215E+01    0.128547650575637817E+03   -0.153673386573791504E+01    0.182334959506988525E+01    0.436587983965873727E+00
    0.286355486628737726E-02    0.988729813479596409E+01    0.261886134568138289E+03   -0.135568892127858520E+01    0.381509668475113806E+00    0.351086853730755433E+00
    0.287491450142592520E-02    0.986375489092370294E+01    0.201844050961185928E+03   -0.195435855973761297E+01    0.148973739917681147E+01    0.242929102484207404E+00
    0.287900969058289737E-02    0.984528300611134100E+01    0.335811489820480347E+03   -0.192535877227783203E+00   -0.162279427051544189E+01    0.230437248587608334E+00
    0.290782270378119479E-02    0.980974158252052675E+01    0.257835848997181643E+03    0.316582873106572293E+00   -0.677455023229373232E+00    0.914148530333842857E-01
    0.290830096610967658E-02    0.979378766081478602E+01    0.274277886748313904E+03   -0.150019913911819458E+01   -0.109274148941040039E+01    0.301105135488510145E+00
    0.292788594751077847E-02    0.976473947529395758E+01    0.135339193660100932E+03   -0.886147285104973648E+00    0.377402706980262792E+00    0.326748635736265836E+00
    0.298461317624104097E-02    0.971073546277266253E+01    0.128168551900285081E+03    0.618071210671434557E+00    0.506875211935275516E+00    0.218441570253202710E+00
    0.317381257283421260E-02    0.957218362210147689E+01    0.305717685149216436E+03    0.653877065171174721E+00   -0.104840343999447860E+01    0.296762003585005207E+00
    0.316821303880455811E-02    0.956009032369182776E+01    0.211308478959810145E+03    0.693424446342981504E+00   -0.912135426170793906E+00    0.460692890954813694E+00
    0.331354261937250472E-02    0.945476497165676477E+01    0.162585432827472687E+03    0.698036193847656250E+00    0.684873461723327637E+00    0.117642362666130068E+00
    0.329295976453361288E-02    0.945160219159697235E+01    0.296074295043945312E+03    0.180451214313507080E+00    0.832400918006896973E+00    0.502683348655700701E-02
    0.329680603610351319E-02    0.943364249739202698E+01    0.140683551091085178E+03   -0.779781158864192081E+00    0.336534722601690817E+00    0.321727022497360127E+00
    0.329140043022155661E-02    0.942129948748911161E+01    0.180353739857673645E+03    0.224246144294738770E+00    0.127238929271697998E+01    0.192019150471687328E+00
    0.329387533269067658E-02    0.940417119276023961E+01    0.341672656823770922E+03   -0.442489734572417692E-01   -0.667934526633295889E+00    0.362022227718666212E+00
    0.330171320406348048E-02    0.938379278825745544E+01    0.251307060952795410E+03   -0.588524932769316722E+00   -0.792015013215516817E-01    0.407421717803012964E-01
    0.328529766166644642E-02    0.937813624084709119E+01    0.199956691265106201E+03   -0.137780886888504028E+01    0.332951545715332031E+00    0.531850023365020741E+00
    0.335591712423097309E-02    0.931997557428099199E+01    0.172800348222453295E+03   -0.120078910609153544E+00    0.155624644623052966E+01    0.193764867093253967E+00
    0.341675450924829559E-02    0.926841850804961709E+01    0.198042369445675945E+03   -0.856855752429853235E+00    0.241117800469513810E+00    0.133712988416466783E+00
    0.344042969948343651E-02    0.923898300881919887E+01    0.277025193382030920E+03   -0.539087545117152178E+00   -0.562285715482607529E+00    0.113059890544740110E+00
    0.342638603574481468E-02    0.923153861762538241E+01    0.211711397736836801E+03   -0.120663696077408411E+01   -0.195168463473270215E+00    0.237860216334226132E+00
    0.341587142767000099E-02    0.922206048737286110E+01    0.241400481760501862E+03    0.337888479232788086E+00   -0.489748120307922363E+00    0.110394330525398252E+00
    0.339104663711404337E-02    0.922102352876358822E+01    0.255255282632107196E+03    0.246278110134889872E-01    0.755147263829822002E+00    0.137015428936218181E+00
    0.338802727914592908E-02    0.920718010436229584E+01    0.140140845674767377E+03   -0.158414743748927167E+01   -0.128234625202100716E+00    0.521762510116075884E+00
    0.337465374831116653E-02    0.919946530933205509E+01    0.217635388794109900E+03    0.667530070567826428E+00   -0.101220007950127266E+01    0.409931083367960136E+00
    0.337430344990891345E-02    0.918404792564509087E+01    0.210600206255912781E+03   -0.449279785156250000E+00    0.673264861106872559E+00    0.333824588513374321E+00
    0.335587373809434703E-02    0.917937643094877309E+01    0.276826642453670502E+03    0.277164340019226074E+00    0.872455835342407227E+00    0.392592358589172359E-02
    0.333189108383221853E-02    0.917809568957936328E+01    0.228924065996672311E+03    0.492253036920839104E+00   -0.139447197082054331E+00    0.348469141261738724E+00
    0.335887665370219156E-02    0.914633758363035554E+01    0.145426412274461740E+03   -0.129216303186575576E+01    0.241152104616597818E+01    0.125411239965268317E+00
    0.341676184235532561E-02    0.909653921561410428E+01    0.228799580290933591E+03   -0.124444316983694869E+01   -0.194401539354456254E+00    0.564724344331046124E+00
    0.340527603727268629E-02    0.908764875220738944E+01    0.235153135105967607E+03   -0.703733405272069845E+00   -0.428336376843452271E+00    0.205220213630376458E+00
    0.345749760570098147E-02    0.904158557714452549E+01    0.143904705345630646E+03   -0.861845552921295166E+00    0.210082948207855225E+01    0.193767000174522419E+00
    0.349266109162673982E-02    0.900572288906171536E+01    0.258080640158449341E+03   -0.154307687343693045E+01   -0.443993507028135781E+00    0.562101578375995170E+00
    0.347598021416125171E-02    0.899967273075217022E+01    0.275355061888694763E+03   -0.852156162261962891E+00    0.105935692787170410E+01    0.512381304502487200E-01
    0.344898562938804679E-02    0.899964042658192653E+01    0.182429190760088147E+03   -0.156510924194311185E+01    0.873145377485462504E+00    0.502163302928777186E-01
    0.345415662440504406E-02    0.898101911226935279E+01    0.132175644831631473E+03    0.482839197533069253E+00   -0.126662880798035005E+00    0.419914813212537430E+00
    0.343111293028281221E-02    0.897878140523057056E+01    0.303441742626342602E+03   -0.682790062624923255E+00   -0.105559124712894148E+01    0.214156509081596502E+00
    0.342686517711779165E-02    0.896563395977607769E+01    0.210657954216003418E+03   -0.490715086460113525E+00    0.108837187290191650E+01    0.204911921739578257E+00
    0.342032876565724750E-02    0.895382740774216046E+01    0.242990589141845703E+03   -0.118091773986816406E+01   -0.124794423580169678E+01    0.456375566840171831E+00
    0.339708771916855199E-02    0.895183873849881451E+01    0.268263728341346223E+03   -0.341255581652388118E+00   -0.537218393107974812E+00    0.487040513657489960E+00
    0.343195933497522860E-02    0.891578809572487607E+01    0.293839638931959939E+03    0.118101900749517874E+00   -0.237339036073933363E+01    0.551583853479458486E+00
    0.341081631189195465E-02    0.891252246067228526E+01    0.175256370902750120E+03    0.428281905073758296E+00    0.473077362443167004E+00    0.550081233292080071E-01
    0.341985052282972992E-02    0.889160707458020028E+01    0.172736386954784393E+03   -0.418756783008575439E+00   -0.416243076324462891E+00    0.405239243602752708E+00
    0.356215417849529677E-02    0.879444482490934831E+01    0.294273975254450818E+03   -0.165218743079204522E+01   -0.741568258422361737E+00    0.550309413035566242E+00
    0.354238670085408854E-02    0.878994934276997242E+01    0.154450407472643747E+03    0.203138184116293807E+00    0.105339790024562152E+01    0.180750815121006507E-02
    0.354220884436440156E-02    0.877442476148186046E+01    0.171187317759756553E+03    0.590499076747668106E+00    0.754008551089931700E+00    0.163255813695661417E+00
    0.356072307499600291E-02    0.874837349088174498E+01    0.179886691789011820E+03    0.588445339937128775E+00    0.786512851585339234E-01    0.313275611060185644E+00
    0.355065857489266943E-02    0.873840956059703089E+01    0.304175665974617004E+03   -0.197950309514999390E+01   -0.182146191596984863E+01    0.517282721328735318E+00
    0.355401620430108875E-02    0.872089418291600360E+01    0.145410634664578907E+03   -0.900687626212522963E+00    0.102028496365484500E+00    0.415754258636712670E+00
    0.353388564752747094E-02    0.871662973012521292E+01    0.221464467048645020E+03   -0.173339915275573730E+01    0.570587515830993652E+00    0.468594991207122794E-01
    0.353552211895204497E-02    0.870007878469505513E+01    0.180903616618636647E+03   -0.626376320201057046E+00    0.650488483011081087E+00    0.415297577371311011E+00
    0.351175702340564711E-02    0.869794278386897979E+01    0.285269324481487274E+03    0.583582222461700439E+00   -0.288847684860229492E+00    0.114047994875907902E+00
    0.348984648568313131E-02    0.869483526459580602E+01    0.227469128056641921E+03   -0.751908049353736230E+00   -0.138932642087719849E+01    0.531643900380559531E+00
    0.348815768431674344E-02    0.868017833589998489E+01    0.344037836867616534E+03    0.601412532081006646E+00   -0.208374733575079407E+01    0.437166495361335394E+00
    0.357534910301079674E-02    0.861517511612853504E+01    0.135649937112662570E+03   -0.275855909176563330E-01    0.134124266672702319E+01    0.426909902947694014E-01
    0.354931495212441796E-02    0.861416653400216248E+01    0.281339056899997445E+03   -0.537992235271826713E+00    0.865158092278627500E+00    0.526129268635769989E-01
    0.353496045466525745E-02    0.860664653629523890E+01    0.276393823848412751E+03   -0.659569990071412704E+00   -0.294261275954329271E+00    0.828404939280522890E-01
    0.351924415584677162E-02    0.859993328506914878E+01    0.256881526632855582E+03    0.146427170271090645E+00   -0.533168735907814551E+00    0.136315042553732862E+00
    0.359255197391042608E-02    0.854307514886096797E+01    0.257035480439662933E+03    0.167410671710968018E+00   -0.761472582817077637E+00    0.202616073560714732E+00
    0.364971871262406017E-02    0.849587556208853378E+01    0.308118250240332088E+03   -0.208958974133725217E+00   -0.463850637816117128E+00    0.332311935473923292E+00
    0.363264147372453121E-02    0.848963063655108030E+01    0.320058148572674838E+03   -0.635598127368840915E+00   -0.922122617180176185E+00    0.466389175318575488E+00
    0.364392119252664182E-02    0.846780505621976864E+01    0.342122856192713243E+03   -0.104604799268770665E+01   -0.112497985351255325E+01    0.212727057217052873E+00
    0.363576119972398122E-02    0.845666376623928606E+01    0.241402512055057969E+03   -0.624690720799627286E+00   -0.156879197007472282E+01    0.548187086817726099E+00
    0.368810626319975542E-02    0.841244952424642278E+01    0.191005689481523177E+03   -0.125462372100236541E+01    0.157774316853618224E+01    0.135240338981821751E+00
    0.369369632981823110E-02    0.839379541713248933E+01    0.196176399290561676E+03   -0.570239365100860596E+00    0.810378789901733398E+00    0.302532347059249862E+00
    0.367605046045266660E-02    0.838774789847019697E+01    0.212987416968222135E+03    0.554621770519771573E+00   -0.751475914149100532E+00    0.428114833471151479E+00
    0.369012310296124848E-02    0.836448112380485931E+01    0.249054984167656130E+03   -0.329718001055268495E+00    0.656516290745710052E+00    0.164543178353032504E+00
    0.367114329365671567E-02    0.835916948584891806E+01    0.178832889240360089E+03   -0.715272376070236859E+00    0.376877033421562757E+00    0.486410889682658998E+00
    0.366992611221088122E-02    0.834420770336652673E+01    0.165647097753686893E+03   -0.275162207538300674E+00   -0.127755953136720279E+00    0.377812100768566250E+00
    0.367106134880194543E-02    0.832796412903649319E+01    0.153831386877436813E+03   -0.107427291087609200E+01    0.958386963249116874E+00    0.164542696055219040E+00
    0.365961250001085045E-02    0.831858622628056388E+01    0.168410348502193528E+03    0.525305927540475004E+00   -0.589980806280987480E+00    0.468605594117771751E+00
    0.366907256699831267E-02    0.829779791408733480E+01    0.224378177523612976E+03    0.403063833713531494E+00   -0.423200726509094238E+00    0.201088828897476202E+00
    0.365128202999489074E-02    0.829189406723264533E+01    0.206874657200699801E+03   -0.698926325956638506E+00    0.545890431206032645E+00    0.342937541366255760E+00
    0.365431318520421976E-02    0.827460943223017331E+01    0.228389317248794725E+03    0.273766964780928657E+00   -0.546491125124549448E+00    0.232913737604795140E+00
    0.362951235858552639E-02    0.827260415571904062E+01    0.147071445712623131E+03   -0.167368533267258823E+01    0.961458425001456618E+00    0.503540337804022964E+00
    0.362798666559984492E-02    0.825782004760374022E+01    0.177990311384201050E+03   -0.538053929805755615E+00   -0.630041956901550293E+00    0.490287842845916755E+00
    0.364384541158790758E-02    0.823347164972454593E+01    0.287425563463085723E+03   -0.161730550253543948E+01   -0.117835036504385826E+01    0.396699215056899146E+00
    0.363447796198915294E-02    0.822299478854179000E+01    0.213697901003832641E+03   -0.542567076523068570E+00   -0.226145167820179793E+00    0.527988823212730551E+00
    0.360735792280036547E-02    0.822234950716659974E+01    0.224971093629555867E+03    0.174656909179882636E+00   -0.644686716385639791E+00    0.537290422545255830E+00
    0.358893396142292119E-02    0.821696533782113647E+01    0.137403790408656818E+03   -0.182637831687319041E+01    0.233849566494133043E+01    0.149031551802115886E+00
    0.356471533105301268E-02    0.821488236198707611E+01    0.345955644547939301E+03   -0.145308792591094971E+00   -0.942962765693664551E+00    0.373008970141410823E+00
    0.354917404801253014E-02    0.820799593349798862E+01    0.316142146894505458E+03   -0.799749795873353930E+00    0.359058831705594272E+00    0.102826020438967228E+00
    0.357188589818818476E-02    0.817961332305364586E+01    0.277101564242624477E+03    0.417058876543565216E+00   -0.165049535366228017E+01    0.412702180042868683E+00
    0.354885188298468320E-02    0.817692748540054382E+01    0.277869957979187348E+03   -0.186718880496060224E+01   -0.126289801562507620E+01    0.456981151272205899E+00
    0.352989036530653409E-02    0.817201713631684079E+01    0.212027183263306910E+03   -0.159066450956797700E+01   -0.895922835099995041E+00    0.530080291706839235E+00
    0.353763699221563543E-02    0.815200778540059368E+01    0.181723198922572521E+03   -0.180941024320538490E+01    0.366326169737343221E+00    0.516683224165937593E+00
    0.352288254966747448E-02    0.814474163997933687E+01    0.152244757652044456E+03   -0.350124294265380165E+00    0.957864252937818961E+00    0.137307303841984640E+00
    0.350802694708571804E-02    0.813756824908939080E+01    0.233809273076552302E+03   -0.686776300648698435E+00    0.172332490159624818E+00    0.348951589795761130E+00
    0.348254019681379931E-02    0.813652682302555519E+01    0.185357075535260691E+03   -0.120666046000612370E+00   -0.192997963545532336E+00    0.315237267115056508E+00
    0.347116239187139240E-02    0.812744671904372851E+01    0.276021296683055198E+03   -0.964914740307685204E-01   -0.155799673058546029E+01    0.436907440243585743E+00
    0.344722456047620021E-02    0.812566189715875709E+01    0.223974827730129846E+03   -0.301901991604552222E+00   -0.219660879070544546E+00    0.218151036358580380E+00
    0.344578832875499889E-02    0.811087033923410772E+01    0.342210496769947952E+03   -0.372910796060343497E+00   -0.758743001482401702E+00    0.333866650440093671E+00
    0.342342161641836932E-02    0.810826971412445019E+01    0.295444526675891325E+03    0.314480510799711066E+00   -0.144297188720611924E+01    0.325444828264853325E+00
    0.340012134286259279E-02    0.810630352114399422E+01    0.275904937621270278E+03   -0.105149877699348382E+01   -0.123734554779005190E+01    0.412402586361784729E+00
    0.339897948604609042E-02    0.809135029045937415E+01    0.227158811995941221E+03    0.405769191529565809E+00   -0.805804370273391690E+00    0.321067956152301159E+00
    0.341089951591465931E-02    0.806872367293334847E+01    0.260101627300712721E+03   -0.210859590049128354E-01    0.789071621851712202E+00    0.450520001242330423E-01
    0.343968738805657979E-02    0.803628957788716036E+01    0.195244092467235077E+03   -0.185930706825853020E+01   -0.547614460851791662E+00    0.513451893657959180E+00
    0.341807776392414470E-02    0.803326908981108900E+01    0.332824991601218812E+03   -0.275106544346471971E+00   -0.172039133214149365E+01    0.375034255183268550E+00
    0.339625326075217084E-02    0.803045507754570309E+01    0.204962521410335796E+03   -0.120803010243496756E+01    0.130208840300240158E+01    0.137865259856606137E+00
    0.337661249562334464E-02    0.802642978785572225E+01    0.137310871279198039E+03   -0.926102951846919265E+00    0.289203220078080747E+00    0.454287093951935117E+00
    0.337813618906755752E-02    0.800990249316428837E+01    0.260970777439145536E+03   -0.119416076014208716E+01   -0.108195029696610678E+01    0.425770949460987702E+00
    0.336274905019385943E-02    0.800340814295444147E+01    0.224047252038951569E+03    0.176084229621214394E+00   -0.103965776545547683E+01    0.421022735746118093E+00
    0.334638419355616891E-02    0.799753992583432094E+01    0.250320074976474189E+03   -0.160336485528833417E+01    0.158155589820392350E+00    0.129099058364502889E+00
    0.333818382058697532E-02    0.798682197566344865E+01    0.294743402645053720E+03   -0.199871874251784543E+01   -0.137245809600290514E+01    0.475767538486525143E+00
    0.331671942096988231E-02    0.798409842487709298E+01    0.329462701273117659E+03   -0.850153034799496776E+00   -0.127616836927304478E+01    0.301267224243611131E+00
    0.329419920993374296E-02    0.798209954820729184E+01    0.220897974571061866E+03   -0.133847635999595016E+01    0.363196540349090213E+00    0.141403045408488887E+00
    0.326867771311007338E-02    0.798202969316811561E+01    0.226009848971847362E+03   -0.104614022620568603E+01    0.969740808796953679E+00    0.152907870491351738E+00
    0.324439747898505604E-02    0.798131644891311254E+01    0.153654657952249238E+03   -0.668322398087626057E+00    0.208393209940820778E+01    0.668827726851557725E-01
    0.322028056627806031E-02    0.798061378497900531E+01    0.329722573900683528E+03    0.485386985541909510E+00   -0.148708591050412142E+01    0.312041346557913490E+00
    0.319717870026313584E-02    0.797938823176796852E+01    0.199919601050789623E+03    0.475918834814113012E+00   -0.452709624691307155E+00    0.419961725149274934E+00
    0.317397511312606569E-02    0.797833119883214881E+01    0.211013361402560207E+03   -0.124253711491077556E+00    0.312536935730193477E+00    0.332032612448205422E+00
    0.315775857055960747E-02    0.797295083566259777E+01    0.295657677235465258E+03    0.478953904691414856E+00   -0.662885162286396934E+00    0.200874234106176330E+00
    0.318954958390411198E-02    0.793729134015037285E+01    0.294675940620129268E+03    0.206937229611514617E+00   -0.104743197943359112E+01    0.239642217793389262E+00
    0.316531884735391693E-02    0.793691817690492751E+01    0.321332406371871855E+03   -0.146631466627686002E+01   -0.186913631124973545E+01    0.527624815207796694E+00
    0.314413347876323730E-02    0.793472410378274962E+01    0.326929931442108796E+03    0.437110313770519454E+00   -0.192261818304544407E+01    0.411099118578666600E+00
    0.313991501571397619E-02    0.792178429227970682E+01    0.267226879956869993E+03   -0.888849360193495919E+00   -0.164953998360692466E+00    0.136345868509814366E+00
    0.314074581946150030E-02    0.790563017359351772E+01    0.203015121767615312E+03   -0.129988591192320424E+01   -0.561549744524194594E-01    0.528469443069777056E+00
    0.314280596073681327E-02    0.788869372336841757E+01    0.279332842281509215E+03   -0.828763615821898281E+00    0.713245728093401254E-01    0.241945795896233662E+00
    0.312163275070522200E-02    0.788658839632450359E+01    0.144112104780500829E+03   -0.121733026509177833E+01    0.143188027253262185E+01    0.119106572956227869E+00
    0.310035820917237311E-02    0.788464044894603955E+01    0.341467919360653241E+03   -0.108357472240193653E+01   -0.154005990947936766E+01    0.378672931879535823E+00
    0.309046124858067608E-02    0.787541005895877522E+01    0.155718826640448668E+03   -0.860100078567998194E+00    0.630885874978313055E+00    0.277102990845871866E+00
    0.307400075306764201E-02    0.787046598107684936E+01    0.260606077313423157E+03   -0.141762071847915649E+01   -0.303713083267211914E+00    0.232644117808341988E+00
    0.306328684761939364E-02    0.786182381585915380E+01    0.126170866186559138E+03   -0.137157895480967706E+01    0.127365019192080808E+01    0.467069045028921437E+00
    0.305575157198813025E-02    0.785112460904659670E+01    0.237458804639222421E+03   -0.310183071374337649E+00    0.286610985070985258E+00    0.557212477527675026E-01
    0.303951122181810160E-02    0.784615732087982298E+01    0.339838108868857944E+03    0.567550482162051395E-01   -0.211550489090734972E+01    0.462346908138181134E+00
    0.303605191958156552E-02    0.783280983987179003E+01    0.165688197750632355E+03   -0.720150668353939816E+00    0.452482762053390886E+00    0.481586158758415761E+00
    0.303828926362702994E-02    0.781571153168632282E+01    0.337721210439597030E+03   -0.108963708372270207E+01   -0.331987893825040459E+00    0.234931751530793931E+00
    0.301897378051434011E-02    0.781284182954437778E+01    0.271484203010568990E+03   -0.808955427497472623E+00   -0.587800842853885896E+00    0.250979641732073377E+00
    0.299643965610296194E-02    0.781220115609602139E+01    0.177245345319626239E+03   -0.199308727271382913E+01   -0.229159655644543214E+00    0.510602266461270382E+00
    0.297313108690957454E-02    0.781219449024369617E+01    0.289874736286512530E+03   -0.795638542299327289E+00    0.512805211772661806E+00    0.875891119200449125E-01
    0.295976199923409433E-02    0.780558304239081302E+01    0.187487920056332541E+03    0.360351134611258672E-01    0.866301448806943597E+00    0.179640318544821674E-01
    0.294152828038299514E-02    0.780231722217141410E+01    0.276647304799529081E+03    0.440818929050637465E+00   -0.129795512429706683E+01    0.380298398349822764E+00
    0.292378894873476531E-02    0.779879004061456360E+01    0.317809082623594293E+03   -0.104096063215472867E+01   -0.425188892407381225E+00    0.296298070698957861E+00
    0.291999984983812820E-02    0.778575863155923908E+01    0.308266606058744458E+03   -0.133341022651577790E+01   -0.164880460702633957E+01    0.498596393995609344E+00
    0.291608533861395730E-02    0.777281660254736462E+01    0.283689913426087458E+03   -0.143069149730840750E+01   -0.917596718707047287E+00    0.531675287236205940E+00
    0.289658941490990220E-02    0.777060779914399369E+01    0.177721135803197058E+03   -0.120031748882201361E+01    0.318568488234082459E+00    0.482300605186240516E+00
    0.289986622695631927E-02    0.775272154668355817E+01    0.305520862101122191E+03   -0.187731628125132710E+01   -0.672333506633540523E+00    0.423844460057632766E+00
    0.287919198399070545E-02    0.775140637393123555E+01    0.216839505757326975E+03    0.327655486709218291E+00   -0.388466106926266264E+00    0.280417082927965355E+00
    0.286276776094607135E-02    0.774722295037393316E+01    0.202143138138920676E+03   -0.197900065289710159E+01    0.106475588954746669E+01    0.637246604352049301E-01
    0.284234317796467012E-02    0.774591821194974273E+01    0.333809570328089308E+03    0.359569622564190894E-01   -0.537345662493771137E+00    0.437232225994581419E-01
    0.282695475483350084E-02    0.774115061341707378E+01    0.148969955527339380E+03    0.434001045334460045E+00    0.152086828044904543E+01    0.323187138779945510E-01
    0.281728149543565695E-02    0.773238093870095433E+01    0.212421213681758729E+03   -0.160270992358486453E+01    0.553650163710783794E+00    0.315852806256925245E+00
    0.279619355081898611E-02    0.773178266894927102E+01    0.277038155485848506E+03    0.110106167242618458E+00   -0.911531483224981898E+00    0.268826160711828299E+00
    0.277724955302946193E-02    0.772975362418957790E+01    0.305854956232357608E+03   -0.966181090977058510E-02   -0.193628160793756798E+01    0.499665755217767460E+00
    0.276315979962338558E-02    0.772430100163218114E+01    0.213449611741351958E+03   -0.163522520336772104E+01    0.377086118075402155E+00    0.207927157590365008E+00
    0.275181850517119226E-02    0.771690182578806727E+01    0.299213504033706386E+03    0.316071953420910656E+00   -0.122714510239103269E+01    0.301149804824300760E+00
    0.274179688132746794E-02    0.770857375813981882E+01    0.307804577624152330E+03    0.320844215674158217E+00   -0.332833376129324954E+00    0.139378137228398119E+00
    0.272075274515812607E-02    0.770835858813975960E+01    0.141651515986926512E+03   -0.771693312586242852E+00    0.940059201671009426E+00    0.265854592798090927E+00
    0.272451228003713509E-02    0.768997189668196768E+01    0.228278872373777062E+03   -0.118579203716214554E+01   -0.457018433961305703E+00    0.374982774378271100E+00
    0.270544233458625688E-02    0.768839491380789752E+01    0.142436529378434358E+03    0.183897475108210084E+00    0.130640368805484908E+01    0.843841069989497705E-01
    0.268976993329323811E-02    0.768438943467031077E+01    0.309382152218103897E+03   -0.147445608243124537E+01   -0.138039466376134978E+01    0.441920555793690217E+00
    0.266893763046632034E-02    0.768431475722633994E+01    0.239218397438526154E+03    0.221003890037536621E+00   -0.100215017795562744E+01    0.397334718704223655E+00
    0.265124941652398376E-02    0.768198874762718908E+01    0.187204546153109675E+03   -0.458455688088190705E+00    0.391922899053125384E+00    0.211142829610632937E+00
    0.263260220548578719E-02    0.768048018373227404E+01    0.341166027727919925E+03    0.330113449952370797E+00   -0.123962125784714683E+01    0.322381999951287634E+00
    0.261731718968456848E-02    0.767650112176652843E+01    0.245210636602728243E+03   -0.145576387239051908E+01    0.526839104217861731E+00    0.209794624732856344E+00
    0.259978412245279655E-02    0.767431893776017748E+01    0.276613286009674312E+03    0.415967369925372310E+00   -0.113024160470837209E+01    0.368960565960778197E+00
    0.257993250409724447E-02    0.767402428649161816E+01    0.233297160609585205E+03   -0.772716179243953416E+00   -0.445609208990475736E+00    0.485313996558762617E+00
    0.256729474234035316E-02    0.766822033114077417E+01    0.235538937147350964E+03   -0.134512016925326261E+01   -0.112685885489739235E+00    0.411222844440374602E+00
    0.254991511827737209E-02    0.766618061793649019E+01    0.247802654420305743E+03    0.348037581764794712E+00    0.171329147979431440E+00    0.448888576050139321E-01
    0.253935099126123857E-02    0.765885869501025329E+01    0.201493871903767399E+03   -0.856069057633943142E+00    0.850397280994759086E+00    0.220497117537038434E+00
    0.252128147427791664E-02    0.765751617365114878E+01    0.311007480323314667E+03   -0.697330832481384277E+00   -0.520704984664916992E+00    0.299550289607048048E+00
    0.250204953782919926E-02    0.765720533898707867E+01    0.258669643989621136E+03   -0.765916958735776365E+00   -0.147928607166512016E+01    0.556076661109826120E+00
    0.248325255546052656E-02    0.765666233088532699E+01    0.206127483820438982E+03   -0.351949288555863937E-01    0.109691322689645876E+01    0.751108866447792595E-01
    0.247014426056007836E-02    0.765162265323015589E+01    0.307395248789051493E+03   -0.831127722857040396E+00   -0.106834151335710459E+01    0.468183327189163834E+00
    0.245251313220240345E-02    0.765032422714548588E+01    0.239205968088581756E+03    0.384533468591365502E+00   -0.110620839664945292E+01    0.439615976703799982E+00
    0.244032058512519238E-02    0.764466692522712066E+01    0.213192224674251747E+03   -0.303019373712461348E+00    0.553778640277419854E+00    0.796670540572032848E-01
    0.242178759838064051E-02    0.764428887227341747E+01    0.175336198508739471E+03   -0.288242638111114502E+00    0.556029081344604492E+00    0.356153018760681173E+00
    0.240729688809860915E-02    0.764066677163517127E+01    0.251259395791757299E+03   -0.120142856305399048E+01   -0.507610710933486864E+00    0.332425545639272679E+00
    0.239033868311690646E-02    0.763918063262733682E+01    0.283950658370587462E+03    0.404918696407675860E+00   -0.138644889848243702E+01    0.422377577872790955E+00
    0.237598752424035553E-02    0.763559945977697030E+01    0.190410667828829105E+03   -0.668608184333293387E+00    0.214760174748933608E+00    0.424688915364035580E+00
    0.236106854431444900E-02    0.763257218210632438E+01    0.345902443166208570E+03   -0.168484815309764935E+01   -0.725479905810008319E+00    0.337238046431867888E+00
    0.234435709637828863E-02    0.763115335130353412E+01    0.204964276037551656E+03   -0.103566034222463021E+01   -0.388376961939993492E-01    0.470605489278009936E+00
    0.233543376362575078E-02    0.762315548151855626E+01    0.301922556412679114E+03   -0.116243864848227219E+01   -0.387291722548081196E+00    0.304077352929972289E+00
    0.232239323027487628E-02    0.761872932375990519E+01    0.325499851766476866E+03   -0.698917930459522996E+00   -0.896252201040156571E+00    0.234928973458546297E+00
    0.261505378949139413E-02    0.738133608245729267E+01    0.212812793647982033E+03   -0.328838903009390560E+00   -0.187422783619282995E+00    0.354588726913386054E+00
    0.235198932221210907E-02    0.759338243595777662E+01    0.279065116165823326E+03   -0.137395562573964458E+00   -0.905190686189550675E+00    0.304941709588393395E+00
    0.255613660664013968E-02    0.742691145512933737E+01    0.313040790917860306E+03   -0.905822743229460769E-01   -0.121762176488514307E+01    0.341463499496325984E+00
    0.235769162970176499E-02    0.758853938154767693E+01    0.262989836931228638E+03    0.254334986209869385E+00   -0.147442877292633057E+01    0.567428607773780791E+00
    0.241598545278420450E-02    0.753969089854662045E+01    0.344982698953465615E+03    0.282742000178079600E+00   -0.145560402271132538E+01    0.353517090960058067E+00
    0.248320435720846651E-02    0.748480580489827041E+01    0.263169227441572843E+03    0.150278673650563910E+00   -0.117628406833864485E+01    0.423965752311663557E+00
    0.237100206125280717E-02    0.757728006337233229E+01    0.227988518495007185E+03    0.270522488669657335E+00   -0.419709389133107180E+00    0.359851003309054562E+00
    0.262794310185510572E-02    0.737150251696248837E+01    0.307110285804456566E+03   -0.499582549416211386E+00   -0.105913225601453487E+01    0.377396256731737489E+00
    0.242061099124183006E-02    0.753586544821486370E+01    0.303176987972173720E+03    0.111750718897834389E+00   -0.128973490797079160E+01    0.344482895492019769E+00
    0.239519068351453160E-02    0.755697972620348057E+01    0.220085361966174219E+03    0.114037142889646503E+00   -0.561397169729192846E+00    0.464342789434053715E+00
    0.236041563869900193E-02    0.758622997301162894E+01    0.252965112584253632E+03    0.271286655199360016E+00   -0.907460068528765262E+00    0.353138554595629151E+00
    0.258711330455639382E-02    0.740282001644100340E+01    0.349658219516277313E+03    0.561800003051757812E-01   -0.104342639446258545E+01    0.250161986660957347E+00
    0.258302774166744523E-02    0.740598090795466835E+01    0.344634237093478760E+03   -0.999936776904018831E+00   -0.646333091469333709E+00    0.201077181913713932E+00
    0.250195306243006102E-02    0.746976211256074407E+01    0.349877840523138957E+03   -0.350319185099356334E+00   -0.914370766121245460E+00    0.198186710789712256E+00
    0.242809047133532097E-02    0.752969514791175154E+01    0.339824612534146695E+03   -0.530622956522834865E+00   -0.541366435254199807E+00    0.221767506541720394E+00
    0.255238323208934175E-02    0.742985036921378939E+01    0.322400604493308492E+03   -0.525579668595143268E+00   -0.534803083505737575E+00    0.232107048897894630E+00
    0.233077505828736950E-02    0.761150370564638479E+01    0.272672195732593536E+03   -0.170528709888458252E+00   -0.437142848968505859E+00    0.186206586384773248E+00
    0.248441136342214888E-02    0.748383390505310153E+01    0.327231005385656772E+03   -0.206556382782662418E+00   -0.463288036794661906E+00    0.981594795688035954E-01
    0.260492939267781059E-02    0.738909427565886556E+01    0.345020644262323458E+03   -0.974896291803726278E-01   -0.754508598991336932E+00    0.169591597035117031E+00
    0.243160655343502112E-02    0.752680107225616091E+01    0.272807383096025433E+03    0.304741195417452815E-01   -0.377331316055594002E+00    0.164739414822298841E+00
    0.256241463181444825E-02    0.742200535726688848E+01    0.289102627278413763E+03    0.274215562522770462E-01   -0.343096023264056527E+00    0.200128240485053538E+00
    0.248694044704371366E-02    0.748179897858950049E+01    0.336353329779438468E+03   -0.446622841692581929E+00   -0.108606901537540068E+01    0.270107200922872215E+00
    0.256249458830427011E-02    0.742194295109624669E+01    0.340226835819796747E+03    0.905050613498330492E-01   -0.886317315188636101E+00    0.194078010261903661E+00
    0.262013955100689425E-02    0.737745025606305660E+01    0.236015530676843980E+03   -0.466550324283718343E+00   -0.637107473470356567E+00    0.447431583517347242E+00
    0.237307114439204653E-02    0.757553550068896620E+01    0.241753158253077032E+03   -0.461825349335770685E+00   -0.101847977939919865E+01    0.462868863272472841E+00
    0.262643387462125396E-02    0.737265144653652538E+01    0.306873722793511774E+03   -0.392018590055779992E+00   -0.144657726479549531E+01    0.484157812629762041E+00
    0.259196727221851263E-02    0.739907111235550907E+01    0.259712341884137345E+03   -0.812715553768009302E+00   -0.523303645619725977E+00    0.378323596029567721E+00
    0.256540614600431031E-02    0.741967180103795165E+01    0.274115385522777842E+03   -0.210500759667327397E+00   -0.271745814200142988E+00    0.241334563073309999E+00
    0.237096994069857167E-02    0.757730715805296029E+01    0.241904882814213039E+03    0.102112235900219339E+00   -0.640178722565452496E+00    0.310435080579086531E+00
    0.252308346233930548E-02    0.745294191684627094E+01    0.215721750259399414E+03   -0.133694005012512207E+01   -0.268982052803039551E+00    0.477573438906669645E+00
    0.245703939140999106E-02    0.750599116479747153E+01    0.197477336853037116E+03   -0.164726007173587208E+01   -0.225316829722728151E+00    0.552259080225606436E+00
    0.248793121070366250E-02    0.748100236413091135E+01    0.222220662989284222E+03   -0.186307633547642326E+01   -0.683821303453983731E+00    0.548122505709233931E+00
    0.242704255012154892E-02    0.753055849911174047E+01    0.255971712764391725E+03   -0.150415846334436321E+01   -0.904927781400005848E+00    0.565253301919969586E+00
    0.258696834163650927E-02    0.740293208496240585E+01    0.231145939224008544E+03   -0.997648347484906495E+00   -0.100126288681280107E+01    0.571414449230029931E+00
    0.244707527699988391E-02    0.751411832233354282E+01    0.336740962630754666E+03   -0.122371358004951847E+01   -0.394369725875460375E+00    0.217166038023389296E+00
    0.256679602161402880E-02    0.741858854235226151E+01    0.307066081464290619E+03   -0.127036654949188232E+01   -0.433887839317321777E+00    0.259457319545745857E+00
    0.255854829759001069E-02    0.742502536347461106E+01    0.240788413570696093E+03   -0.133283919638909221E+01   -0.824183126763589513E+00    0.544682777413345254E+00
    0.250208198377544280E-02    0.746965905864987523E+01    0.308788743615150452E+03   -0.128495150804519653E+01   -0.118309199810028076E+01    0.485956771588325509E+00
    0.254702154626545735E-02    0.743405610539888073E+01    0.266560253058721173E+03   -0.170781479509262857E+01   -0.105610705981863395E+01    0.543143163413584817E+00
    0.258162265745283436E-02    0.740706913979279324E+01    0.307608022523921363E+03   -0.120877378175567740E+01   -0.115806141199435375E+01    0.452512110110507737E+00
    0.245768211573294025E-02    0.750546806347774798E+01    0.272685026682543935E+03   -0.940276982807116246E+00   -0.878624215006602149E+00    0.480566609428893177E+00
    0.258242192396793049E-02    0.740645003861434681E+01    0.236729273550859460E+03   -0.761758265862134021E+00   -0.676997160809663434E+00    0.439041348698017531E+00
    0.251273560320666462E-02    0.746116133343952370E+01    0.271160974604524426E+03   -0.176380441257364384E+01   -0.329831255013480984E+00    0.303108687360539641E+00
    0.256182258113491976E-02    0.742246751439003383E+01    0.317270601888552392E+03   -0.728306549387061519E+00   -0.155686330516526006E+01    0.476681311524458862E+00
    0.261897991284971987E-02    0.737833562482329430E+01    0.201873275692406992E+03   -0.638709298816058091E+00   -0.427428017931193338E+00    0.508038195414096672E+00
    0.254723059502436674E-02    0.743389196059157342E+01    0.254808885071713377E+03   -0.837143445006558240E+00   -0.128634049314501242E+01    0.559669235479943072E+00
    0.256769360681683269E-02    0.741788928281380144E+01    0.271441366787460083E+03   -0.145067762719892057E+01   -0.266154092922769259E+00    0.294677456274527627E+00
    0.234114475951260588E-02    0.760262536983703896E+01    0.249085976944469223E+03   -0.190258135044689780E+01   -0.644624507054895268E+00    0.539810791701200055E+00
    0.248943059034846884E-02    0.747979740475677790E+01    0.314118328268731034E+03   -0.164101323375368779E+01   -0.101122893481423226E+01    0.442094160067264930E+00
    0.243058978357716445E-02    0.752763754186964729E+01    0.344133521332777150E+03   -0.145723640552136513E+01   -0.682294642901593029E+00    0.300001204748398753E+00
    0.234175997250837082E-02    0.760209987292047895E+01    0.308576130859537443E+03   -0.817925555401143978E+00   -0.136569638128924176E+01    0.541196418468414708E+00
    0.248019188142433551E-02    0.748723355880644270E+01    0.309318320813598689E+03   -0.135953173695013385E+01   -0.735862551910747342E+00    0.288342473675723576E+00
    0.241363148673480249E-02    0.754164050760695215E+01    0.287173247586181446E+03   -0.168368951815961299E+01   -0.802701896654275160E+00    0.374732099974790955E+00
    0.233042950092389413E-02    0.761180024475744155E+01    0.204246398770694441E+03   -0.131189167512317173E+01   -0.326270234470865006E+00    0.565912569862211723E+00
    0.236945512468722226E-02    0.757858536921927151E+01    0.321099065730630059E+03   -0.169711469784190694E+01   -0.154875504875957493E+01    0.497842869216974904E+00
    0.244813429785862083E-02    0.751325296949496746E+01    0.236568244719213794E+03   -0.192779927385428151E+01   -0.154798604548016527E+00    0.413251609635769013E+00
    0.251078396153432215E-02    0.746271533695867362E+01    0.273552553675228410E+03   -0.124044581341371396E+01   -0.504243275732465968E+00    0.375219588798876458E+00
    0.242091446273662563E-02    0.753561472434853119E+01    0.283395068803885749E+03   -0.125692108462471941E+01   -0.958448426364677530E+00    0.398651333809035779E+00
    0.245434460115982050E-02    0.750818589485699839E+01    0.240321437510003477E+03   -0.154162714947954527E+01   -0.282648105575251662E+00    0.343841201732953572E+00
    0.239642361039913744E-02    0.755595048901017563E+01    0.282160458356739241E+03   -0.144884033660944911E+01   -0.137248962258101725E+01    0.526745490301005703E+00
    0.239226629068544500E-02    0.755942310539921891E+01    0.272005860002113593E+03   -0.157008961008938286E+01   -0.774484705266677231E+00    0.491202107351881856E+00
    0.242008331900839561E-02    0.753630147842185849E+01    0.259774764290896826E+03   -0.197895242425021234E+01   -0.408670385119581425E+00    0.348557357763668751E+00
    0.249257440799103506E-02    0.747727326593242125E+01    0.326621188429378890E+03   -0.115422385986495546E+01   -0.710423986516048878E+00    0.237131748488353167E+00
    0.261784475104071337E-02    0.737920268599080842E+01    0.215157645760904984E+03   -0.766877404343715208E+00   -0.190645701505081533E+00    0.396426797643548545E+00
    0.246372369091759670E-02    0.750055761434434221E+01    0.338486657757569844E+03   -0.174378103639540605E+01   -0.609410296304725208E+00    0.219613796084601909E+00
    0.257612160988674637E-02    0.741133538438877526E+01    0.184374807253437439E+03   -0.127238821284671300E+01   -0.244862073880988795E+00    0.523908941794483551E+00
    0.251610744347409692E-02    0.745847933223850923E+01    0.245994915862354247E+03   -0.198294720545956604E+01   -0.142107907841531045E-01    0.323825291215916355E+00
    0.253316234110675985E-02    0.744496849742909461E+01    0.296225317233507667E+03   -0.182976544078594516E+01   -0.919240607698400325E+00    0.430828672434502735E+00
    0.257701887646462910E-02    0.741063890301837525E+01    0.306758763351310336E+03   -0.135613296113927873E+01   -0.107333312674205317E+00    0.160371148348395526E+00
    0.258609162449183454E-02    0.740360999487167071E+01    0.248002094837819186E+03   -0.430103302592708125E+00   -0.875515371067681514E+00    0.441755579664049547E+00
    0.238685981373137771E-02    0.756394818311618433E+01    0.279596857008338702E+03   -0.198665815672943058E+00    0.253040066728217994E+00    0.110593988849941843E+00
    0.254485841024160381E-02    0.743575538831400085E+01    0.281837234965218840E+03   -0.207328395126756604E+00    0.355412615862300996E+00    0.525081187015533912E-01
    0.239823445960266448E-02    0.755443976664942163E+01    0.271599374441870054E+03    0.226857198158224804E+00    0.197078193488904319E+00    0.688555336977155208E-01
    0.262134417326684993E-02    0.737653095737243270E+01    0.169132862554440720E+03   -0.221934061333651123E+00    0.107346911127516798E+01    0.169136939198116648E+00
    0.238241459608459034E-02    0.756767639713956708E+01    0.223259054334846070E+03   -0.337432661654374133E+00    0.642650988609005935E-01    0.202358940290690931E+00
    0.257499871319497985E-02    0.741220734748738241E+01    0.238554536628277617E+03   -0.242378993293717926E+00    0.143426394334325913E+00    0.158324155498870495E+00
    0.237825661127929501E-02    0.757117001027222702E+01    0.192539688919350425E+03   -0.437283124430451142E+00    0.730848398123207232E-01    0.305552104341618669E+00
    0.238227114016843766E-02    0.756779682977595591E+01    0.175737382405429173E+03   -0.719080272918213304E-01    0.313134056093495872E-01    0.348148472822498667E+00
    0.261194182154693812E-02    0.738371754098047983E+01    0.176475551283658433E+03   -0.850436024849924976E+00    0.196220311144241322E+00    0.420278712584752134E+00
    0.262205433779977163E-02    0.737598919840769440E+01    0.177757530509374675E+03   -0.389065766527205703E+00   -0.725974587007796046E-01    0.442826901073920531E+00
    0.250402774504322658E-02    0.746810434932773237E+01    0.204330413251124156E+03   -0.443017960332824146E+00    0.292462227477798820E-01    0.390710010433722776E+00
    0.237396406895015212E-02    0.757478309458409438E+01    0.198319523189857733E+03   -0.222966118340364616E+00    0.892576174170081060E-01    0.399222976473734226E+00
    0.245597125757846457E-02    0.750686080170621839E+01    0.155648258028423726E+03   -0.179499254825173704E+00    0.344382410665953209E+00    0.363377301151983301E+00
    0.249041769438711723E-02    0.747900452594189336E+01    0.167194941268880370E+03   -0.345475357277565287E+00    0.341569056507814217E+00    0.433124603021564691E+00
    0.250016794047764083E-02    0.747118960464033677E+01    0.173450326950834693E+03   -0.822225269426146266E+00   -0.124453731215966812E+00    0.479184065256988978E+00
    0.262571167208964151E-02    0.737320147130620640E+01    0.231630089801092709E+03   -0.568776837563929050E+00   -0.835200582767665622E-01    0.291505377193883752E+00
    0.254849269580462124E-02    0.743290124682316033E+01    0.179668713117276809E+03   -0.434222678916186933E+00   -0.422183122222045348E+00    0.514323929011512915E+00
    0.240010904260212028E-02    0.755287707477964521E+01    0.220155863036055791E+03   -0.183909577353129117E+01    0.432749728418068358E+00    0.211811508779614271E+00
    0.232810076036203250E-02    0.761379979450830202E+01    0.188975660502910614E+03   -0.137733966112136841E+01    0.782680511474609375E-01    0.370177235269546545E+00
    0.246828826377506203E-02    0.749685561669903233E+01    0.181125882220560584E+03   -0.138152696535232833E+01    0.240775126400079920E+00    0.368586206158514118E+00
    0.254864567725625584E-02    0.743278119400882886E+01    0.151915471255779266E+03   -0.119657182693481445E+01    0.727231502532958984E+00    0.363701661944389354E+00
    0.232646126305763225E-02    0.761520873254711539E+01    0.151792099678095695E+03   -0.115181698571133628E+01    0.119769338481096987E+01    0.317814797100838153E+00
    0.236533503160307051E-02    0.758206606761398039E+01    0.133505687117576599E+03   -0.117504870891571045E+01    0.154073476791381836E+01    0.301624372744560276E+00
    0.235272500865388312E-02    0.759275694722793659E+01    0.182274996250237365E+03   -0.181266069503753502E+01    0.645937760210065548E+00    0.367586879005778300E+00
    0.243721151700490883E-02    0.752219628648286331E+01    0.130034096165792249E+03   -0.124415206456893412E+01    0.108556039319232056E+01    0.344787911910130529E+00
    0.251075743171909034E-02    0.746273646976484351E+01    0.174300855415348224E+03   -0.149798434165128147E+01    0.978377037305064867E+00    0.265929783515644114E+00
    0.253190751914677235E-02    0.744595945867565590E+01    0.141672462040806977E+03   -0.116684757258078364E+01    0.634042221259569772E+00    0.494541178643072177E+00
    0.249191320632212270E-02    0.747780387346840314E+01    0.133981766964205718E+03   -0.114471777022902521E+01    0.760510256734486134E+00    0.422781899710572895E+00
    0.237697116992872156E-02    0.757225129717668644E+01    0.209766809297383077E+03   -0.189048671335478802E+01    0.676106211241318533E+00    0.274578606912451617E+00
    0.252456273478397775E-02    0.745176966948244779E+01    0.214315655827522278E+03   -0.142280828952789307E+01    0.178599357604980469E-01    0.401768654823303262E+00
    0.259440459384204262E-02    0.739719132288733761E+01    0.237223245177139916E+03   -0.103226215227550422E+01    0.103195160106370309E+00    0.245080451661327969E+00
    0.239505105880131368E-02    0.755709631715714458E+01    0.219344166229991970E+03   -0.992202328240190834E+00    0.551580560397110453E+00    0.240108307493203221E+00
    0.259873272982030822E-02    0.739385758706589691E+01    0.149213175835588004E+03   -0.104701378497349551E+01    0.791452603489066320E+00    0.371923416434301657E+00
    0.249206868271492328E-02    0.747767909260337404E+01    0.187778816025028618E+03   -0.170807776279861079E+01    0.718267771805491506E+00    0.240815760361177744E+00
    0.243721946260104646E-02    0.752218976625831015E+01    0.136492853866730968E+03   -0.132702128791750273E+01    0.883579007946675432E+00    0.376007882614431743E+00
    0.252330107480533720E-02    0.745276942704525602E+01    0.167886949961629654E+03   -0.179951094251223553E+01    0.594308290624755209E+00    0.381814416429959891E+00
    0.262376603875725091E-02    0.737468400616293085E+01    0.283981185445617655E+03   -0.600741158917307283E+00    0.407381353125679802E+00    0.290366827947623335E-01
    0.238171486929985091E-02    0.756826389317203940E+01    0.235893835844281398E+03   -0.505470303759530060E+00    0.923150470401354895E+00    0.548270778968048822E-01
    0.255492014956691400E-02    0.742786347515511114E+01    0.248372860887320599E+03   -0.106537478046339684E+01    0.921294889405332995E+00    0.210963233577509644E-01
    0.236421299318128383E-02    0.758301502801100291E+01    0.185573922097682953E+03   -0.788888752460479736E+00    0.137714207172393799E+01    0.978564856767654423E-01
    0.244348452621175093E-02    0.751705520610788014E+01    0.191950093276818450E+03   -0.874667827389987718E+00    0.736546997789608859E+00    0.155787292165481595E+00
    0.259051519666747250E-02    0.740019186913394833E+01    0.162837362230121585E+03   -0.760304743822707518E+00    0.155712233805136258E+01    0.529466888052852191E-01
    0.246252409638648018E-02    0.750153165755663753E+01    0.266478143632411957E+03   -0.109389257431030273E+01    0.217177271842956543E+00    0.192797886943817137E+00
    0.244775309670993303E-02    0.751356441550565801E+01    0.221760247647762299E+03   -0.135404145717620850E+01    0.933238267898559570E+00    0.129853189373016376E+00
    0.238261593891029525E-02    0.756750738011074020E+01    0.227568999241442611E+03   -0.128266480678373429E+01    0.985164785634704998E+00    0.103505085148193302E+00
    0.250396566770205590E-02    0.746815393193382260E+01    0.229179545310072740E+03   -0.124561606328560037E+01    0.875873866333071405E+00    0.343703309023167744E-01
    0.240978856355058375E-02    0.754482739488384180E+01    0.168074041742828285E+03   -0.104365799843818841E+01    0.169839100823688494E+01    0.877294580410273722E-01
    0.251436529815978046E-02    0.745986460592823519E+01    0.186313640754195859E+03   -0.123215725887402439E+01    0.163859594721798540E+01    0.155813121547235707E-01
    0.245670996767819718E-02    0.750625932966158071E+01    0.167139374624514289E+03   -0.182270656693232080E+01    0.135142393731883992E+01    0.142417072574722331E+00
    0.241752469344575557E-02    0.753841709076137434E+01    0.218231371354574293E+03   -0.181256873054924927E+01    0.703047059590531376E+00    0.141799278593273848E+00
    0.252379667841668787E-02    0.745237664399473498E+01    0.223343011351475354E+03   -0.186918463791128797E+01    0.919012785932828535E+00    0.104707466023011481E+00
    0.249976749083981060E-02    0.747150996848838034E+01    0.197521488601527153E+03   -0.199194594094958255E+01    0.142706202189851972E+01    0.371594898362023821E-01
    0.253029398422444747E-02    0.744723442568429395E+01    0.252366511584449427E+03   -0.963900464514428013E+00    0.206933521825165556E+00    0.146984142324353639E+00
    0.257129590315524495E-02    0.741508538767337910E+01    0.262362464150431094E+03   -0.139211192437564502E+01    0.619009249166333930E+00    0.536709096162198279E-01
    0.252768759437689908E-02    0.744929563530931205E+01    0.171514966698180388E+03   -0.164585700680879610E+01    0.184690940411097149E+01    0.242015879114700662E-01
    0.251528624763986330E-02    0.745913218979006931E+01    0.178397822712965535E+03   -0.104591019433544585E+01    0.134388827172092906E+01    0.468059790360209824E-01
    0.254485495680834223E-02    0.743575810236330881E+01    0.247726442864199385E+03   -0.102343016966148226E+01    0.529578923012290481E+00    0.760793874530468206E-01
    0.250354225647120114E-02    0.746849215305161174E+01    0.255283660097799128E+03   -0.164904460183005397E+01    0.298914985228030616E+00    0.157383347793722372E+00
