    0.165041926824961593E-84    0.395526762073347413E+03    0.299252940714359283E+03    0.494830608367919922E+00    0.391436517238616943E+01    0.556218555521965086E+00
    0.193075866392082340E-73    0.344540497711102319E+03    0.289665612578392029E+03    0.710868775844573975E+00    0.358856916427612305E+01    0.399893034338951125E+00
    0.658745469321798577E-72    0.337465194484389372E+03    0.282098537683486938E+03    0.813546061515808105E+00    0.361395597457885742E+01    0.338001618361473077E+00
    0.163104913927987421E-70    0.331031116281723371E+03    0.214884082973003387E+03    0.693317651748657227E+00    0.403800070285797119E+01    0.431142526316642793E+00
    0.176075857944692730E-69    0.326257278544251335E+03    0.194850516319274902E+03    0.483321249485015869E+00    0.446262776851654053E+01    0.440076928067207329E+00
    0.242447508427604798E-69    0.325601912917000618E+03    0.254583968222141266E+03    0.674565792083740234E+00    0.391900539398193359E+01    0.331153548002243059E+00
    0.169194178200942438E-65    0.307885083549188209E+03    0.209451282024383545E+03   -0.144727772474288940E+01    0.473685383796691895E+01    0.431009706115722646E+00
    0.694354880465817226E-65    0.305045586256862123E+03    0.303534068167209625E+03    0.195546865463256836E+00    0.310391485691070557E+01    0.490120154356956494E+00
    0.226894183724548277E-61    0.288846279367192381E+03    0.192590647935867310E+03    0.883223235607147217E+00    0.423136413097381592E+01    0.189646981000900272E+00
    0.499418350299904067E-58    0.273437223081112165E+03    0.148310180008411407E+03   -0.809545159339904785E+00    0.456778466701507568E+01    0.527243895220756542E+00
    0.122507846362562549E-57    0.271626965979106501E+03    0.204064789414405823E+03   -0.635315299034118652E+00    0.463771581649780273E+01    0.271560095500946064E+00
    0.303090736367371039E-57    0.269799626697575093E+03    0.345929305255413055E+03    0.415662527084350586E-01    0.286090910434722900E+01    0.350438884234428427E+00
    0.126948161049133369E-54    0.257708997936058438E+03    0.249979366362094879E+03   -0.176583886146545410E+01    0.406800210475921631E+01    0.298941322803497334E+00
    0.286507530325224013E-51    0.242249890383589445E+03    0.346764612197875977E+03   -0.674247741699218750E-01    0.228216409683227539E+01    0.403450657367706300E+00
    0.210557780978756801E-50    0.238245104618102062E+03    0.318309070169925690E+03   -0.699851036071777344E+00    0.256301164627075195E+01    0.405038256239891092E+00
    0.416737281273467780E-50    0.236864087832284895E+03    0.251731278002262115E+03   -0.103341788053512573E+01    0.340747177600860596E+01    0.344586334204673772E+00
    0.851508151908351614E-50    0.235419356689649931E+03    0.149349576234817505E+03   -0.717883527278900146E+00    0.393261313438415527E+01    0.523907218408584563E+00
    0.149647200045663487E-49    0.234276018602737963E+03    0.251964160799980164E+03   -0.104772067070007324E+01    0.273590743541717529E+01    0.523895277214050270E+00
    0.803687681975703808E-49    0.230898533174034213E+03    0.334318505227565765E+03    0.862719893455505371E+00    0.144457638263702393E+01    0.344713081455230719E+00
    0.136642671481903400E-46    0.220611080530797949E+03    0.238495783507823944E+03   -0.992922782897949219E-01    0.399277389049530029E+01    0.686277849912643456E-01
    0.151908805499430637E-46    0.220383633339030240E+03    0.253354483842849731E+03   -0.132449084520339966E+01    0.347156286239624023E+01    0.259255786299705526E+00
    0.105514057812971878E-45    0.216491710520092482E+03    0.184703062474727631E+03   -0.123495727777481079E+01    0.438230812549591064E+01    0.177644101667404186E+00
    0.986636670084932689E-42    0.198189659636536931E+03    0.342678789794445038E+03   -0.101669269800186157E+01    0.284800767898559570E+01    0.105670325732231146E+00
    0.140155549674373698E-40    0.192866792227191524E+03    0.265540108084678650E+03    0.680938363075256348E+00    0.247224092483520508E+01    0.952996712207794250E-01
    0.587457268826710041E-40    0.189985065958132367E+03    0.160399150848388672E+03   -0.999983429908752441E+00    0.358663320541381836E+01    0.359955402159690852E+00
    0.596091158724057910E-40    0.189940260764556854E+03    0.165851947665214539E+03   -0.103532528877258301E+01    0.324502527713775635E+01    0.440808343291282656E+00
    0.175248328615411472E-39    0.187767844813617188E+03    0.187099951505661011E+03   -0.183267450332641602E+01    0.265960395336151123E+01    0.553575662112236078E+00
    0.968027475497177985E-39    0.184334106849762804E+03    0.231056328117847443E+03   -0.763472497463226318E+00    0.299042940139770508E+01    0.237119370460510265E+00
    0.122695862684042163E-38    0.183844415340694553E+03    0.184732258319854736E+03    0.292967379093170166E+00    0.379017651081085205E+01    0.387783127784728995E-01
    0.137989270120283013E-36    0.174383515374336724E+03    0.343731395900249481E+03    0.446379184722900391E+00    0.301253199577331543E+00    0.532640462207794263E+00
    0.625033893588040539E-36    0.171346630477088411E+03    0.309179635345935822E+03   -0.176100963354110718E+01    0.292992413043975830E+01    0.426650351285934454E-01
    0.852302904184059229E-36    0.170710733263123444E+03    0.184807440638542175E+03   -0.197531545162200928E+01    0.290153324604034424E+01    0.401756986570358299E+00
    0.768247364599139228E-34    0.161692428319906327E+03    0.340911227464675903E+03   -0.907011806964874268E+00    0.994227528572082520E+00    0.422139377403259297E+00
    0.444031957844615489E-33    0.158168063601198895E+03    0.318268233537673950E+03   -0.958755373954772949E+00    0.136471569538116455E+01    0.345152005648612981E+00
    0.591036727720176407E-33    0.157580475354102362E+03    0.236415663361549377E+03   -0.112515854835510254E+01    0.196592688560485840E+01    0.385711978769302355E+00
    0.714952259682242721E-33    0.157184175133558682E+03    0.143928469717502594E+03    0.711362123489379883E+00    0.234721302986145020E+01    0.330757305049896255E+00
    0.149022429054051305E-32    0.155699617838787901E+03    0.287512549757957458E+03   -0.848244607448577881E+00    0.198097407817840576E+01    0.223888185739517215E+00
    0.239773157694690808E-31    0.150127629702943494E+03    0.193659977614879608E+03   -0.161502933502197266E+01    0.186616837978363037E+01    0.539040908360481241E+00
    0.970100071674367187E-31    0.147316592837460291E+03    0.152071388065814972E+03   -0.102014309167861938E+01    0.322724759578704834E+01    0.254545872116088867E+00
    0.246079365419592427E-30    0.145439287902058794E+03    0.283100356161594391E+03    0.145952641963958740E+00    0.222978770732879639E+01    0.952688970565795934E-02
    0.530064048602129687E-30    0.143888975425845786E+03    0.266808444261550903E+03   -0.149443703889846802E+01    0.235779881477355957E+01    0.130005763721466078E+00
    0.513182236171408802E-29    0.139332913894603763E+03    0.148508542776107788E+03   -0.992337524890899658E+00    0.287431478500366211E+01    0.321878344559669516E+00
    0.634009657473203479E-29    0.138894422557327999E+03    0.158513034880161285E+03   -0.181857573986053467E+01    0.382261931896209717E+01    0.450410940170288127E-01
    0.143345092196135663E-28    0.137247245834733036E+03    0.248601046204566956E+03   -0.151083928346633911E+01    0.115839838981628418E+01    0.482648412466049226E+00
    0.297147448149870585E-28    0.135773673797147325E+03    0.315358452498912811E+03    0.505239009857177734E+00    0.903194546699523926E+00    0.163855809044837958E+00
    0.351283969663159386E-28    0.135423315891684354E+03    0.269510903954505920E+03    0.354690551757812500E+00    0.164973139762878418E+00    0.528911909508705147E+00
    0.656874879280199423E-28    0.134155893629492965E+03    0.166453902423381805E+03   -0.169883406162261963E+01    0.334341824054718018E+01    0.117413808202743539E+00
    0.146965889035047998E-27    0.132529684534267460E+03    0.286192286014556885E+03   -0.187844532728195190E+01    0.181463479995727539E+01    0.190799067449569704E+00
    0.158985036680182617E-27    0.132356840381485313E+03    0.127998991310596466E+03   -0.190142560005187988E+01    0.426002204418182373E+01    0.251008003234863275E-01
    0.165451067615793730E-27    0.132261484584915365E+03    0.172530460357666016E+03    0.389511704444885254E+00    0.141462981700897217E+01    0.456354277396202102E+00
    0.522778590870625021E-27    0.129944894499181885E+03    0.170454779267311096E+03    0.851292788982391357E+00    0.932247042655944824E+00    0.383657752132415764E+00
    0.167421577376517603E-24    0.118391044907523778E+03    0.236436718702316284E+03   -0.778353214263916016E+00    0.966634750366210938E+00    0.400144822955131541E+00
    0.392822518294907937E-23    0.112064564010313333E+03    0.173096768558025360E+03    0.467616915702819824E+00    0.553585290908813477E+00    0.531750433802604672E+00
    0.688473531491391311E-23    0.110926701067859000E+03    0.289794211089611053E+03   -0.373421370983123779E+00    0.249379873275756836E-01    0.451785132837295544E+00
    0.751001833949850122E-23    0.110737213627713800E+03    0.191089831292629242E+03    0.990242838859558105E+00    0.189995765686035156E+00    0.305591612863540640E+00
    0.274911193899747563E-22    0.108126338400790146E+03    0.234635816514492035E+03   -0.142505043745040894E+01    0.976019501686096191E+00    0.370047690367698690E+00
    0.692751918757961326E-20    0.970519253502748285E+02    0.185387052595615387E+03   -0.667017757892608643E+00    0.155088841915130615E+01    0.228080909729003911E+00
    0.130790539960210926E-19    0.957652798474159681E+02    0.210625325143337250E+03    0.571359932422637939E+00   -0.564771890640258789E-01    0.404128473687171974E+00
    0.739471488399438210E-19    0.922849776189710838E+02    0.180353739857673645E+03    0.224246144294738770E+00    0.127238929271697998E+01    0.192019150471687328E+00
    0.166823001623706026E-18    0.906421871256363829E+02    0.276826642453670502E+03    0.277164340019226074E+00    0.872455835342407227E+00    0.392592358589172359E-02
    0.226880667424366080E-18    0.900115805151365862E+02    0.210600206255912781E+03   -0.449279785156250000E+00    0.673264861106872559E+00    0.333824588513374321E+00
    0.453179269125812318E-18    0.886122283157482826E+02    0.258921864628791809E+03    0.897809088230133057E+00   -0.919882059097290039E+00    0.283207980179786711E+00
    0.509041350984592553E-18    0.883641203795042571E+02    0.275355061888694763E+03   -0.852156162261962891E+00    0.105935692787170410E+01    0.512381304502487200E-01
    0.330704572930402520E-17    0.846059328034788507E+02    0.156332921981811523E+03    0.772443711757659912E+00    0.843881368637084961E+00    0.148239319539070130E+00
    0.439307694058897375E-17    0.840223585689492438E+02    0.196176399290561676E+03   -0.570239365100860596E+00    0.810378789901733398E+00    0.302532347059249862E+00
    0.569538371058040169E-16    0.788823111986091305E+02    0.285269324481487274E+03    0.583582222461700439E+00   -0.288847684860229492E+00    0.114047994875907902E+00
    0.214309115973593529E-15    0.762163294474542425E+02    0.175336198508739471E+03   -0.288242638111114502E+00    0.556029081344604492E+00    0.356153018760681173E+00
    0.247087931437298718E-15    0.759160547853569199E+02    0.311007480323314667E+03   -0.697330832481384277E+00   -0.520704984664916992E+00    0.299550289607048048E+00
    0.476438074984561458E-15    0.745872428141736918E+02    0.185573922097682953E+03   -0.788888752460479736E+00    0.137714207172393799E+01    0.978564856767654423E-01
    0.654713415560949345E-15    0.739358981145626615E+02    0.262989836931228638E+03    0.254334986209869385E+00   -0.147442877292633057E+01    0.567428607773780791E+00
    0.142477249938532690E-14    0.723651334665457853E+02    0.246005915105342865E+03    0.848750948905944824E+00   -0.135262012481689453E+01    0.318495438265800512E+00
    0.257485487087784514E-14    0.711659464259815309E+02    0.308788743615150452E+03   -0.128495150804519653E+01   -0.118309199810028076E+01    0.485956771588325509E+00
    0.385355064476542546E-14    0.703439178320153644E+02    0.215721750259399414E+03   -0.133694005012512207E+01   -0.268982052803039551E+00    0.477573438906669645E+00
    0.447246627044999837E-14    0.700304027797289166E+02    0.214315655827522278E+03   -0.142280828952789307E+01    0.178599357604980469E-01    0.401768654823303262E+00
    0.717476701632240873E-14    0.690695171903364411E+02    0.307066081464290619E+03   -0.127036654949188232E+01   -0.433887839317321777E+00    0.259457319545745857E+00
    0.634805952722652675E-13    0.646935642235197861E+02    0.151915471255779266E+03   -0.119657182693481445E+01    0.727231502532958984E+00    0.363701661944389354E+00
    0.476979010518852237E-12    0.606444627957579101E+02    0.188975660502910614E+03   -0.137733966112136841E+01    0.782680511474609375E-01    0.370177235269546545E+00
    0.149950551601874047E-11    0.583380014158793827E+02    0.224378177523612976E+03    0.403063833713531494E+00   -0.423200726509094238E+00    0.201088828897476202E+00
    0.231396667819723581E-11    0.574547207542633984E+02    0.260606077313423157E+03   -0.141762071847915649E+01   -0.303713083267211914E+00    0.232644117808341988E+00
    0.657395751392871557E-11    0.553507901864671084E+02    0.256229020655155182E+03   -0.197365391254425049E+01    0.457521080970764160E+00    0.374951802492141731E-01
    0.679766705652912557E-11    0.552682382646347747E+02    0.337038560211658478E+03    0.829187631607055664E+00   -0.205607175827026367E+01    0.127138546442985528E+00
    0.103807471365673112E-10    0.544058665041795209E+02    0.177990311384201050E+03   -0.538053929805755615E+00   -0.630041956901550293E+00    0.490287842845916755E+00
    0.105307370640539072E-10    0.543615505708586255E+02    0.257035480439662933E+03    0.167410671710968018E+00   -0.761472582817077637E+00    0.202616073560714732E+00
    0.245272611094667239E-10    0.526549518168111632E+02    0.286289717257022858E+03    0.116709947586059570E+00   -0.962302088737487793E+00    0.179306725358963026E+00
    0.526567075973736385E-10    0.511113099509727178E+02    0.304175665974617004E+03   -0.197950309514999390E+01   -0.182146191596984863E+01    0.517282721328735318E+00
    0.632398824387361600E-10    0.507294019046846927E+02    0.172736386954784393E+03   -0.418756783008575439E+00   -0.416243076324462891E+00    0.405239243602752708E+00
    0.720358099157508296E-10    0.504533205007945966E+02    0.329909785091876984E+03    0.739494740962982178E+00   -0.240239441394805908E+01    0.231324922871589678E+00
    0.847582811177187964E-10    0.501124153038427522E+02    0.219282127916812897E+03    0.471400797367095947E+00   -0.161737501621246338E+01    0.434368627667427065E+00
    0.873143516615664439E-10    0.500373675232577710E+02    0.242990589141845703E+03   -0.118091773986816406E+01   -0.124794423580169678E+01    0.456375566840171831E+00
    0.454302611857164371E-09    0.467232451675454286E+02    0.335811489820480347E+03   -0.192535877227783203E+00   -0.162279427051544189E+01    0.230437248587608334E+00
    0.479831464561058571E-09    0.465982773579264133E+02    0.140316942334175110E+03   -0.139251935482025146E+01    0.763732194900512695E-01    0.423767542219162019E+00
    0.507130070042302417E-09    0.464719871732333871E+02    0.177431634068489075E+03    0.591985940933227539E+00   -0.525854825973510742E+00    0.143722170352935802E+00
    0.547670487464346222E-09    0.463025495997297938E+02    0.340295673906803131E+03    0.928085505962371826E+00   -0.300949871540069580E+01    0.209886213970184338E+00
    0.556104612834546162E-09    0.462563593531592900E+02    0.274277886748313904E+03   -0.150019913911819458E+01   -0.109274148941040039E+01    0.301105135488510145E+00
    0.291338551942891772E-08    0.429285050260867536E+02    0.237555213272571564E+03   -0.125937342643737793E+01    0.153553485870361328E-01    0.291232087612152100E-01
    0.910743694988550455E-08    0.406333289994629112E+02    0.254507552087306976E+03   -0.154448956251144409E+01   -0.569626092910766602E+00    0.140085906028747570E+00
    0.100094580688438312E-07    0.404288257476896078E+02    0.317743687331676483E+03   -0.169203162193298340E+00   -0.177663505077362061E+01    0.231101997828483591E+00
    0.106696837468481688E-07    0.402854488026519491E+02    0.348419991135597229E+03    0.663328588008880615E+00   -0.303868234157562256E+01    0.286946085834503206E+00
    0.183502128618175404E-07    0.391853543043947710E+02    0.191736015677452087E+03   -0.165865725278854370E+01   -0.396039485931396484E+00    0.269124978876113918E+00
    0.217967278243187254E-07    0.388254919360053705E+02    0.133461149036884308E+03   -0.953080356121063232E+00   -0.303468704223632812E+00    0.440627007722854624E+00
    0.238340561839144522E-07    0.386311556735255905E+02    0.235523614287376404E+03   -0.114728552103042603E+01   -0.576993227005004883E+00    0.141386029171943678E+00
    0.856884976643468224E-07    0.360563244528382896E+02    0.247706167399883270E+03    0.199441432952880859E+00   -0.256538927555084229E+01    0.508265618276596109E+00
    0.168488719745697453E-06    0.346883990486152669E+02    0.309259162843227386E+03    0.812873899936676025E+00   -0.366017758846282959E+01    0.342153025817871104E+00
    0.171972883796203268E-06    0.346318380293847525E+02    0.226050508022308350E+03   -0.191951370239257812E+01   -0.448948144912719727E+00    0.124952045488357547E+00
    0.203058921600767300E-06    0.342838942712251509E+02    0.339138488471508026E+03   -0.174103826284408569E+01   -0.168740034103393555E+01    0.187971324348449709E+00
    0.336631475161756156E-06    0.332572840804972145E+02    0.138272508978843689E+03   -0.130486565828323364E+01   -0.115305185317993164E-01    0.273318453454971300E+00
    0.357634642727293893E-06    0.331206128249738185E+02    0.222613324224948883E+03   -0.136207771301269531E+01   -0.192075192928314209E+01    0.504162657952308635E+00
    0.462364551909455157E-06    0.325913043468112988E+02    0.167109581828117371E+03   -0.536066591739654541E+00   -0.476619005203247070E+00    0.216967239975929260E+00
    0.490903325423199286E-06    0.324558922231060123E+02    0.242647950351238251E+03   -0.133469557762145996E+01   -0.198615610599517822E+01    0.449184340667724613E+00
    0.583073712384099277E-06    0.320961344240705557E+02    0.136777392029762268E+03   -0.205115795135498047E+00   -0.474276661872863770E+01    0.224444747757911678E+00
    0.661955570157298310E-06    0.318267397752220482E+02    0.255883136391639709E+03   -0.427946746349334717E+00   -0.178526401519775391E+01    0.281522190570831332E+00
    0.739123305867382055E-06    0.315905821293399960E+02    0.145892289280891418E+03    0.835478305816650391E-03   -0.474688410758972168E+00    0.234729800963401791E+00
    0.740631728807737028E-06    0.315708796342749629E+02    0.149791309237480164E+03    0.726521253585815430E+00   -0.495513737201690674E+01    0.184153792691230778E+00
    0.753873155092433129E-06    0.315198134043885858E+02    0.132383893430233002E+03    0.692331850528717041E+00   -0.509061813354492188E+00    0.439254452705383283E-01
    0.792038234312321261E-06    0.314054173208673362E+02    0.191955004632472992E+03   -0.723237395286560059E+00   -0.477451205253601074E+01    0.439664206266403221E-01
    0.810453440890300547E-06    0.313438238642530855E+02    0.130095352232456207E+03    0.732440352439880371E+00   -0.152410924434661865E+01    0.320996402049064655E+00
    0.913539058559713268E-06    0.310887343895634096E+02    0.223200942575931549E+03   -0.627201616764068604E+00   -0.475124120712280273E+00    0.603736560344696107E-02
    0.952935123450919524E-06    0.309886680030397308E+02    0.317254774272441864E+03   -0.166233491897583008E+01   -0.305144786834716797E+01    0.559729642009735073E+00
    0.123216603279930037E-05    0.304590788496679146E+02    0.224764415621757507E+03   -0.122614729404449463E+01   -0.114922642707824707E+01    0.225819861602783223E+00
    0.175565679999649474E-05    0.297353150316594288E+02    0.139306795597076416E+03    0.636200726032257080E+00   -0.465127229690551758E+00    0.869967198371887195E-03
    0.194477406028775014E-05    0.295150844836025321E+02    0.330265499651432037E+03   -0.194584155082702637E+01   -0.207193255424499512E+01    0.251065866851806652E+00
    0.198116135448598005E-05    0.294623846646407692E+02    0.338725401461124420E+03    0.752361834049224854E+00   -0.450423598289489746E+01    0.460990838527679470E+00
    0.220233884753765592E-05    0.292350862791402584E+02    0.278525365889072418E+03    0.288196980953216553E+00   -0.332953631877899170E+01    0.514785305786132796E+00
    0.270348383771298210E-05    0.288094185924162858E+02    0.193763819336891174E+03   -0.177407431602478027E+01   -0.827165246009826660E+00    0.240370548319816607E+00
    0.284118038024879982E-05    0.286944369101504400E+02    0.136641336977481842E+03   -0.141770511865615845E+01   -0.449564039707183838E+01    0.270639770579338079E+00
    0.314069518016990945E-05    0.284783627547462146E+02    0.141972951591014862E+03   -0.168415594100952148E+01   -0.505436062812805176E+00    0.346529030084610001E+00
    0.313350992051857870E-05    0.284673185822309307E+02    0.133816246688365936E+03   -0.944782495498657227E+00   -0.383684039115905762E+00    0.302531528234481817E+00
    0.335809518043839203E-05    0.283132532902217235E+02    0.220696362853050232E+03    0.948727607727050781E+00   -0.449605584144592285E+01    0.547711239123344407E+00
    0.406460298865386565E-05    0.279157439505704730E+02    0.133706852793693542E+03    0.815336346626281738E+00   -0.383716881275177002E+01    0.332093490600585961E-01
    0.488395983835275911E-05    0.275328384292768753E+02    0.239240780472755432E+03    0.777775228023529053E+00   -0.401049196720123291E+01    0.496149468183517461E+00
    0.695066555914144381E-05    0.268114512577014388E+02    0.187943010032176971E+03   -0.443136453628540039E+00   -0.180124521255493164E+01    0.409452779388427723E+00
    0.711706880064060881E-05    0.267485091847853127E+02    0.349412073194980621E+03   -0.138405734300613403E+01   -0.183482050895690918E+01    0.759610772609710660E-01
    0.994141327789072376E-05    0.260644577126230743E+02    0.185841593146324158E+03   -0.188394117355346680E+01   -0.107997536659240723E+01    0.291051912045478811E+00
    0.997821693053951237E-05    0.260414422753223640E+02    0.275330613553524017E+03    0.840737044811248779E+00   -0.459367632865905762E+01    0.459830325007438701E+00
    0.103069798647304731E-04    0.259609834504954442E+02    0.193550288677215576E+03    0.986185014247894287E+00   -0.441762864589691162E+01    0.123734111881256104E+00
    0.104258158114441909E-04    0.259224310556602155E+02    0.161877182126045227E+03   -0.170956397056579590E+01   -0.760673880577087402E+00    0.287232538032531737E+00
    0.103984587528269717E-04    0.259120608988521219E+02    0.210843053460121155E+03   -0.114203929901123047E+00   -0.196011543273925781E+01    0.339265133213996872E+00
    0.115673615247372331E-04    0.256833761541649856E+02    0.309178227186203003E+03   -0.112767124176025391E+01   -0.340805709362030029E+01    0.554605811905860890E+00
    0.122231695251799060E-04    0.255574595113784895E+02    0.152717424929141998E+03   -0.171999830007553101E+01   -0.107049942016601562E-02    0.985446737766265957E-01
    0.136870972429291170E-04    0.253155939315558527E+02    0.202552962303161621E+03   -0.156185668706893921E+01   -0.163573324680328369E+01    0.370896265769004807E+00
    0.138606331100492185E-04    0.252747707521867184E+02    0.155503877997398376E+03    0.360984086990356445E+00   -0.182013809680938721E+01    0.394795133686065669E+00
    0.153039622086783544E-04    0.250610275699762610E+02    0.304064595699310303E+03   -0.513125658035278320E+00   -0.188696444034576416E+01    0.828249441146850646E-01
    0.167569238184759176E-04    0.248640030251802244E+02    0.297391688823699951E+03   -0.172735774517059326E+01   -0.166859149932861328E+01    0.118714067816734312E+00
    0.190504328755462961E-04    0.245918214466145351E+02    0.221397358179092407E+03   -0.190446794033050537E+01   -0.118336141109466553E+01    0.186201809906959531E+00
    0.197158782637965210E-04    0.245075274668228680E+02    0.153051480650901794E+03    0.912798523902893066E+00   -0.318336009979248047E+01    0.306533363699913020E+00
    0.207155088598525541E-04    0.243929858154378891E+02    0.340840604901313782E+03    0.575102686882019043E+00   -0.406253755092620850E+01    0.353187133097648653E+00
    0.242137822925025225E-04    0.240652821209573098E+02    0.306257489323616028E+03    0.129699707031250000E+00   -0.273724496364593506E+01    0.215957219624519359E+00
    0.282700856024334656E-04    0.237398926960315642E+02    0.291720184683799744E+03   -0.520494937896728516E+00   -0.280161440372467041E+01    0.350594904470443725E+00
    0.353895301651123147E-04    0.232750440588011571E+02    0.284087918698787689E+03   -0.686721622943878174E+00   -0.209200084209442139E+01    0.170061101961135858E+00
    0.360472767029887034E-04    0.232225884581790964E+02    0.169931936264038086E+03    0.129081726074218750E+00   -0.246889650821685791E+01    0.531801439762115469E+00
    0.359347989791254736E-04    0.232132137817126250E+02    0.244500270485877991E+03   -0.187748348712921143E+01   -0.183471679687500000E+01    0.275311336469650281E+00
    0.487955358022127068E-04    0.225857234370716924E+02    0.128886601328849792E+03    0.861599445343017578E+00   -0.399823367595672607E+01    0.342099802207946779E+00
    0.562740247134208140E-04    0.222849099836610165E+02    0.137984640896320343E+03   -0.155814075469970703E+01   -0.621123909950256348E+00    0.275294823503494268E+00
    0.567003059844014746E-04    0.222541918809563057E+02    0.201245224475860596E+03    0.578020572662353516E+00   -0.236289978027343750E+01    0.173455676507949824E+00
    0.576369561819245339E-04    0.222057981708052736E+02    0.198420523107051849E+03   -0.793279170989990234E+00   -0.161855340003967285E+01    0.265784446763992321E+00
    0.573049520369549393E-04    0.222017270095552881E+02    0.215932504832744598E+03   -0.100384777784347534E+01   -0.186342120170593262E+01    0.294348807621002184E+00
    0.589655394381380545E-04    0.221289697036023441E+02    0.137322403490543365E+03    0.128830492496490479E+00   -0.122909545898437500E+01    0.290254206132888826E+00
    0.600294493702903384E-04    0.220775805662028972E+02    0.242386488616466522E+03   -0.989528894424438477E+00   -0.484232664108276367E+01    0.883911784172058124E-01
    0.751822193054437859E-04    0.216117965803115162E+02    0.253724843263626099E+03   -0.876918315887451172E+00   -0.256363749504089355E+01    0.359856017303466835E+00
    0.996133264884424519E-04    0.210334091840454214E+02    0.185730294883251190E+03   -0.131601202487945557E+01   -0.224932372570037842E+01    0.494627921175956720E+00
    0.105418666313592666E-03    0.209044966551423670E+02    0.157138354715637632E+03    0.831485415778124626E+00   -0.455082204724797634E+01    0.506752883910427721E+00
    0.110794430023650908E-03    0.207893980904853777E+02    0.224864582717418671E+03    0.823709845542907715E+00   -0.409127712249755859E+01    0.183305114936828606E+00
    0.117580101457060671E-03    0.206548864637940000E+02    0.342930461466312408E+03    0.411484181880950928E+00   -0.434832990169525146E+01    0.453323875164985679E+00
    0.150842611818456998E-03    0.201410271206983680E+02    0.322126797002306205E+03   -0.169708639919919091E+01   -0.328397763756266992E+01    0.421216849106091751E+00
    0.169344633942200529E-03    0.198940043103696524E+02    0.333085139782365218E+03   -0.691865119086116698E+00   -0.216319088007100024E+01    0.922064887299425644E-02
    0.195868482407852328E-03    0.195873642437339761E+02    0.274512647092342377E+03    0.628530323505401611E+00   -0.393319606781005859E+01    0.266973550915718061E+00
    0.198585174534858202E-03    0.195441898975956114E+02    0.307336069667316224E+03   -0.276079476412224967E+00   -0.217014863572476546E+01    0.178418810715996849E-01
    0.215977662595844737E-03    0.193606511186382910E+02    0.289259231090545654E+03   -0.411978662014007568E+00   -0.288606286048889160E+01    0.275710138249397274E+00
    0.222585574335440261E-03    0.192847528326551618E+02    0.266134784342957460E+03    0.481946347507769435E+00   -0.433284741524933814E+01    0.528758239814045572E+00
    0.221134950652659946E-03    0.192822047923100790E+02    0.170242944738329300E+03   -0.766984335411827756E+00   -0.253062904130013022E+01    0.564835002621542515E+00
    0.244683523736752523E-03    0.190641948241358641E+02    0.183036740124225616E+03   -0.177219533920288086E+01   -0.432837665081024170E+01    0.221299095940589913E+00
    0.261538206870177471E-03    0.189153403366740527E+02    0.127294160425662994E+03   -0.654143154621124268E+00   -0.470398366451263428E+01    0.547476884651184048E+00
    0.262603995050684244E-03    0.188915817450990389E+02    0.335138295590877533E+03    0.441492915153503418E+00   -0.458088040351867676E+01    0.458112737703323392E+00
    0.356440123362742895E-03    0.182649185578126811E+02    0.166052255034446716E+03   -0.567778348922729492E-01   -0.351981580257415771E+01    0.938018360137939447E-02
    0.365022657690574801E-03    0.182017072404543008E+02    0.321604137122631073E+03   -0.138009786605834961E-01   -0.428684115409851074E+01    0.516452774190902741E+00
    0.368560291979414152E-03    0.181667924698069498E+02    0.180991707625798142E+03    0.616117852350415607E+00   -0.377196444221734550E+01    0.747642788510490958E-01
    0.383135649537852591E-03    0.180735978898670808E+02    0.334929338097572327E+03   -0.104040521383285522E+01   -0.392245233058929443E+01    0.479496141815185573E+00
    0.383090309900131971E-03    0.180582095805571576E+02    0.167148111760616302E+03   -0.168459975719451904E+01   -0.885421633720397949E+00    0.133824557733535771E+00
    0.396602854742281478E-03    0.179732552672975316E+02    0.166688635945320129E+03    0.351289868354797363E+00   -0.215037465095520020E+01    0.264398074078559864E+00
    0.399454511407260331E-03    0.179433013056717101E+02    0.190078088641166687E+03   -0.185428023338317871E+01   -0.395629405975341797E+01    0.126948340272903443E+00
    0.411592212916235219E-03    0.178678099260468741E+02    0.201724400850852277E+03    0.299602232753892750E-02   -0.407802951413079739E+01    0.509223953919555189E-01
    0.416300842210364148E-03    0.178294347409270415E+02    0.172153596580028534E+03   -0.155356955528259277E+01   -0.435067772865295410E+01    0.301451361894607528E+00
    0.420603803761778567E-03    0.177932434817274689E+02    0.321264851093292236E+03    0.466291546821594238E+00   -0.314436376094818115E+01    0.296225895166397114E-01
    0.495687404520523387E-03    0.174491101050487529E+02    0.146450113817268715E+03   -0.470662021380813700E+00   -0.324619730395276473E+01    0.538080802952704551E-01
    0.506100313103969288E-03    0.173919063017349380E+02    0.311580252647399902E+03   -0.153060555458068848E-01   -0.399480164051055908E+01    0.429928140950202931E+00
    0.540900400762261242E-03    0.172432807759060367E+02    0.127392289042472839E+03    0.623948037624359131E+00   -0.267389774322509766E+01    0.757583840131759723E-01
    0.549137861117921541E-03    0.171974270492285974E+02    0.182083469629287720E+03    0.357845187187194824E+00   -0.315821349620819092E+01    0.456177445363998402E+00
    0.614059587326889404E-03    0.169583171530912331E+02    0.230870405639143200E+03    0.854812317192199522E-01   -0.372428951808456077E+01    0.527430003128242952E+00
    0.618537654340702882E-03    0.169281599553400426E+02    0.202226296067237854E+03    0.215430438518524170E+00   -0.421443104743957520E+01    0.113298463153839110E+00
    0.639644821688248018E-03    0.168454249831133609E+02    0.150164072249406559E+03   -0.133395561398952722E+01   -0.349294805060538893E+01    0.162143681080592655E+00
    0.680381571601939477E-03    0.167063185444918361E+02    0.131347606108043436E+03    0.602239972886756902E+00   -0.421702163941139752E+01    0.529529000468857425E+00
    0.705125182706516388E-03    0.166192503931505051E+02    0.203230382315598490E+03    0.600278683005129210E+00   -0.489961374002244643E+01    0.436958711976468961E+00
    0.723920709631761632E-03    0.165510123568850318E+02    0.224133667349815369E+03   -0.152193039655685425E+01   -0.229041516780853271E+01    0.289596348667144787E+00
    0.735705951408684600E-03    0.165030900627833290E+02    0.172132501006126404E+03   -0.142296546697616577E+01   -0.377731144428253174E+01    0.166311259818077095E+00
    0.762733643862627199E-03    0.164153083360439993E+02    0.151110163705998957E+03   -0.652819192558210304E+00   -0.447725966162863909E+01    0.430516583057199531E+00
    0.815443483472480372E-03    0.162660368620070059E+02    0.296524786723585066E+03    0.195814195915986033E+00   -0.480145062491134045E+01    0.449192677278591607E-01
    0.979410722978452716E-03    0.158839739200427879E+02    0.282609806954860687E+03    0.441906332969665527E+00   -0.304324924945831299E+01    0.312344801902771016E-01
    0.984787617195017305E-03    0.158573990937702014E+02    0.250338219106197357E+03   -0.175440514087677002E+01   -0.410760939121246338E+01    0.433717491388320928E-01
    0.980390574156207858E-03    0.158507240208472169E+02    0.196690769142646616E+03   -0.114262175519061882E+01   -0.154988932385837153E+01    0.118462040410206262E+00
    0.976018260194614165E-03    0.158440385045874486E+02    0.329701055586338043E+03   -0.109415256977081299E+01   -0.245995640754699707E+01    0.245224029779434229E-01
    0.100146039840233177E-02    0.157769468714155625E+02    0.256262145936489105E+03   -0.177906054258346558E+01   -0.314915478229522705E+01    0.434829898953437821E+00
    0.101587805100730212E-02    0.157327339106985793E+02    0.257860554754734039E+03   -0.152097427845001221E+01   -0.450319945812225342E+01    0.130083688545227061E+00
    0.109566753059040433E-02    0.155658879485207997E+02    0.251659366842675183E+03    0.560302206120244506E+00   -0.463192349508255674E+01    0.294914822147256339E+00
    0.109086800718893873E-02    0.155590431051235747E+02    0.215450592339038849E+03   -0.187191736698150635E+01   -0.413024246692657471E+01    0.165004893136024483E+00
    0.121683800303332991E-02    0.153248541506860665E+02    0.252018448710441589E+03    0.364786386489868164E-02   -0.406003057956695557E+01    0.529146843981742832E+00
    0.123442275382070225E-02    0.152805336275337300E+02    0.316135451986817998E+03    0.363788443393222138E+00   -0.460412370172224961E+01    0.416841203544953243E+00
    0.128490789256338589E-02    0.151847414638526690E+02    0.145095539093017578E+03    0.177076995372772217E+00   -0.307621479034423828E+01    0.687561016559600918E-01
    0.138207180182559758E-02    0.150233231795166198E+02    0.279920844172639931E+03   -0.309680264565441288E+00   -0.474553052756079286E+01    0.118602082867887176E+00
    0.137324388154677862E-02    0.150205140619790765E+02    0.333360047505033663E+03    0.204332678456659256E+00   -0.481531865548363136E+01    0.477643928386914440E+00
    0.140874886064336910E-02    0.149538365823305739E+02    0.183732418222836543E+03   -0.512794018686517639E+00   -0.342286765977793195E+01    0.239975677588446686E-01
    0.143696179926563572E-02    0.148985534913846536E+02    0.298228216171264648E+03    0.502649962902069092E+00   -0.402969419956207275E+01    0.120343017339706426E+00
    0.148941114689483262E-02    0.148112288606956710E+02    0.233295773996976692E+03   -0.924877571143363220E-01   -0.386265789708327612E+01    0.529660815075601143E+00
    0.156049996123067527E-02    0.147023530217618656E+02    0.242020997405052185E+03    0.181063294410705566E+00   -0.335590600967407227E+01    0.280300231075286899E+00
    0.156536393580709995E-02    0.146805038499331477E+02    0.194484127272254540E+03   -0.719024090705234098E+00   -0.160102203024345613E+01    0.659144306259873830E-01
    0.156759604257127256E-02    0.146620290118793566E+02    0.277526631951332092E+03   -0.182043290138244629E+01   -0.462196946144104004E+01    0.157400706338882451E+00
    0.176331504805557070E-02    0.144110993626797264E+02    0.210529677900699255E+03    0.413740788141233384E+00   -0.371327915374248452E+01    0.374836414029377285E+00
    0.176802557640461208E-02    0.143901386767248720E+02    0.141854249729701763E+03   -0.767691622744419044E+00   -0.316497483956851244E+01    0.163366691078859566E+00
    0.189507803567647124E-02    0.142357205026048437E+02    0.209587511420249939E+03   -0.583336949348449707E-01   -0.235492467880249023E+01    0.142331874132156366E+00
    0.193570408175759538E-02    0.141776732838513766E+02    0.180468954145908356E+03    0.490760803222656250E-01   -0.388320147991180420E+01    0.187134758377075189E+00
    0.192245080326851185E-02    0.141757888733451818E+02    0.134498620181740421E+03    0.400479456128881584E+00   -0.211438530587965756E+01    0.215184517907827055E+00
    0.191257432133602528E-02    0.141704652439453440E+02    0.235336905787287293E+03    0.463111910803517546E-01   -0.405936944662807164E+01    0.671624050448461629E-01
    0.194516881672060233E-02    0.141210430004648622E+02    0.195364964008331299E+03   -0.124327659606933594E+01   -0.407501041889190674E+01    0.240440319013595583E+00
    0.202682503764458396E-02    0.140231744418678250E+02    0.169677166640758514E+03   -0.165610986948013306E+01   -0.167072236537933350E+01    0.227618921971321109E+00
    0.210578200988987716E-02    0.139311167389704842E+02    0.322774854302406311E+03   -0.186920762062072754E+00   -0.301769673824310303E+01    0.477739899158477824E-01
    0.209326863458297397E-02    0.139274119689548890E+02    0.143866014480590820E+03    0.283885240554809570E+00   -0.303616583347320557E+01    0.133118491959571844E+00
    0.211186069451784007E-02    0.138941017282638963E+02    0.195900614559650421E+03    0.452427387237548828E+00   -0.462301254272460938E+01    0.481409632945060728E+00
    0.218377724668615721E-02    0.138115034187200614E+02    0.173101489245891571E+03   -0.154396545886993408E+01   -0.116417348384857178E+01    0.481771587610244773E-01
    0.222020385847425264E-02    0.137627924979113061E+02    0.201649205386638641E+03   -0.893678903579711914E+00   -0.368874251842498779E+01    0.109906720376014719E+00
    0.241424565366397644E-02    0.135795917783726736E+02    0.224754357337951660E+03   -0.183825796842575073E+01   -0.325003981590270996E+01    0.486457789993286149E+00
    0.243310419991133332E-02    0.135484047562659278E+02    0.182658475883692176E+03   -0.104395332146942366E+01   -0.385012019701718211E+01    0.224163871101832696E+00
    0.247031323461992594E-02    0.135024256210607927E+02    0.340144447211734530E+03   -0.118735327775974731E+01   -0.314020608228462184E+01    0.123154149222611212E+00
    0.250873171826212311E-02    0.134559358697071723E+02    0.129201612921523406E+03   -0.117326319090481945E+01   -0.108810426345557243E+01    0.182808671849974042E+00
    0.260847432875645604E-02    0.133623345334300669E+02    0.236538056294244399E+03   -0.162303283856293068E+01   -0.402415667709203273E+01    0.134901911163575999E+00
    0.261238795749247580E-02    0.133437110789568383E+02    0.271039655804634094E+03    0.370879828929901123E+00   -0.423071146011352539E+01    0.286913059902191181E+00
    0.261349924891016508E-02    0.133272354739662973E+02    0.317757111787796021E+03   -0.188358461856842041E+01   -0.347476422786712646E+01    0.300861944532394399E+00
    0.263230623219693578E-02    0.132972698249031538E+02    0.213370861113071442E+03    0.348511993885040283E+00   -0.321447193622589111E+01    0.174252870655059816E+00
    0.268228492534263981E-02    0.132440275068059528E+02    0.271384051442146301E+03    0.377805292606353760E+00   -0.431236684322357178E+01    0.149212390422821056E+00
    0.268248655611802228E-02    0.132282521699081670E+02    0.323820620775222778E+03   -0.151184421777725220E+01   -0.434633135795593262E+01    0.505408329248428378E+00
    0.266807045837506775E-02    0.132234044647489721E+02    0.128572161963632880E+03    0.378739580366295847E+00   -0.337516235877121495E+01    0.538681822584509695E+00
    0.266600457245453953E-02    0.132093286638223866E+02    0.190933007940720927E+03   -0.160967703878665058E+01   -0.469730050912147590E+01    0.480893745799292949E+00
    0.266484573902809468E-02    0.131945731937299922E+02    0.191254505515098572E+03   -0.295787155628204346E+00   -0.481784522533416748E+01    0.475945103502273592E+00
    0.268859836488954864E-02    0.131612005297837946E+02    0.174175925458954794E+03    0.168522969807129552E+00   -0.337665676472258980E+01    0.427557271278106721E+00
    0.272335374635825122E-02    0.131198873059739061E+02    0.286696775820046810E+03    0.362246597530567982E+00   -0.431250339850079811E+01    0.129623153684263775E+00
    0.274625840590173769E-02    0.130875117263760092E+02    0.254139156947941672E+03    0.254038483939686976E+00   -0.418266463660696530E+01    0.138811518216105795E+00
    0.273865873758590310E-02    0.130774289600909484E+02    0.163520477712154388E+03    0.351837217807769775E+00   -0.426153063774108887E+01    0.496765906763076803E+00
    0.273319513369116958E-02    0.130657979305725984E+02    0.225082764150800358E+03   -0.528911739010757387E+00   -0.497496555535102392E+01    0.422868097408994781E+00
    0.272375483664615134E-02    0.130570927715195353E+02    0.281864240780811201E+03   -0.175760666994886705E+01   -0.406247144718069642E+01    0.476276694314376262E-01
    0.278959644546821102E-02    0.129936966531907743E+02    0.148360350728034973E+03    0.259562969207763672E+00   -0.366691052913665771E+01    0.568897545289993256E+00
    0.277254128286803445E-02    0.129903368770204253E+02    0.263040026094580810E+03   -0.911178671038324728E+00   -0.364178439476161397E+01    0.390546253830318268E+00
    0.281988200602639131E-02    0.129408504530509028E+02    0.266302606463432312E+03   -0.163339066505432129E+01   -0.378051936626434326E+01    0.448971855640411394E-02
    0.289258471034944519E-02    0.128743146058061591E+02    0.175286643827748662E+03   -0.759786562857794223E+00   -0.269870405844488070E+01    0.376652892530025485E+00
    0.288317985235899592E-02    0.128652029366045735E+02    0.165889434268256139E+03   -0.160464896162629378E+01   -0.324942130341932600E+01    0.173101657329857578E+00
    0.287269147293982979E-02    0.128568667659998788E+02    0.228959881010706368E+03   -0.271435813248902980E+00   -0.487176282724620791E+01    0.384284830385378362E+00
    0.293837194686394311E-02    0.127960292007328160E+02    0.329690474271774292E+03   -0.157849246263504028E+01   -0.444755613803863525E+01    0.572208053827285776E-01
    0.298471935421104010E-02    0.127491040900613744E+02    0.214929631983320235E+03    0.178682295294526394E+00   -0.426504642056082783E+01    0.293636447062568195E+00
    0.296782953552419569E-02    0.127448287584646121E+02    0.294781228899955750E+03   -0.776798427104949951E+00   -0.272966206073760986E+01    0.353769829273223868E-01
    0.297802609991096659E-02    0.127223441406012583E+02    0.259889176487922668E+03    0.242750167846679688E+00   -0.310835540294647217E+01    0.237674124240875272E-02
    0.296147372013404186E-02    0.127178664918123268E+02    0.177379476393962761E+03    0.221194247969771496E+00   -0.291114561276397010E+01    0.376742449527487366E-01
    0.298328772708947787E-02    0.126875636245455343E+02    0.152042386243312563E+03    0.287858873911583046E+00   -0.335383681720236382E+01    0.391933651928035365E+00
    0.301116173346186247E-02    0.126533386130130747E+02    0.215969626605510712E+03   -0.876720190048217773E+00   -0.346203446388244629E+01    0.476907086133956937E-01
    0.299965247313288379E-02    0.126453726581932404E+02    0.208703377941142151E+03   -0.114355532066652277E+00   -0.267812272144499897E+01    0.173091019896840503E+00
    0.302062863788648368E-02    0.126158106016000833E+02    0.199159005016364006E+03   -0.171243246865279186E+01   -0.238919849113753724E+01    0.274517313158725740E+00
    0.305390717769927133E-02    0.125782719122231494E+02    0.346559277913283040E+03   -0.932093279751431414E-01   -0.346215419232374089E+01    0.526567609406232429E-01
    0.303368430705429001E-02    0.125759348899637260E+02    0.316646207869052887E+03   -0.547633171081542969E-01   -0.489956915378570557E+01    0.183913228797912609E+00
    0.306006223528663144E-02    0.125429950293580550E+02    0.294512605667114258E+03   -0.169725441932678223E+01   -0.453371405601501465E+01    0.174372794365882877E+00
    0.308564110175165622E-02    0.125107216408736477E+02    0.175574713945388794E+03   -0.525510489940643311E+00   -0.230151414871215820E+01    0.216313613104820252E+00
    0.308393723925784241E-02    0.124962013274132850E+02    0.212252644472807191E+03   -0.584248799629698112E+00   -0.441148803325728256E+01    0.333398638510572387E+00
    0.308637415420749423E-02    0.124789965594431091E+02    0.137314493116502092E+03   -0.640652605410948262E+00   -0.344374681598288124E+01    0.349937926379210340E+00
    0.318013356844341032E-02    0.124035191404005882E+02    0.198476503313241636E+03    0.253395197817249951E-01   -0.320705875894355064E+01    0.294861265513622239E+00
    0.317197928861129600E-02    0.123930289889115102E+02    0.142197412882778281E+03    0.137586141287544983E+00   -0.342480530722240317E+01    0.358205099383468395E+00
    0.318152601000459574E-02    0.123713936194355085E+02    0.225113501099720281E+03   -0.739154668738604137E-01   -0.290012628751597346E+01    0.156367425553520845E+00
    0.315723253624864255E-02    0.123710988091076999E+02    0.205359927716508594E+03   -0.133032823657138577E+01   -0.423048354692056705E+01    0.329415466012712210E+00
    0.317253319627590997E-02    0.123458047689092911E+02    0.210961084067821503E+03   -0.192743855714797974E+01   -0.194626629352569580E+01    0.109761310744285592E+00
    0.316030499785226052E-02    0.123379034550331159E+02    0.327308873832225800E+03   -0.195897936820983887E+00   -0.319956243038177490E+01    0.984223959445953457E-02
    0.317615966639317676E-02    0.123122699077007649E+02    0.252909652888774872E+03   -0.138342577219009399E+01   -0.484692573547363281E+01    0.366536160349845874E+00
    0.317149935819084020E-02    0.122995816180827244E+02    0.197935070097446442E+03   -0.829560160636901855E-01   -0.466736555099487305E+01    0.462301606392860442E+00
    0.318125211546425781E-02    0.122778158049400954E+02    0.183450526986339867E+03   -0.178879429821876190E+01   -0.289647951093673628E+01    0.453377245941850748E+00
    0.320133719397748236E-02    0.122496033462529486E+02    0.312197710573673248E+03   -0.122350817918777466E+01   -0.378302156925201416E+01    0.301596942114830013E+00
    0.322127904559117457E-02    0.122215585379041602E+02    0.270211441727295323E+03   -0.550530145331783460E+00   -0.271176779234653420E+01    0.318827264364252710E-01
    0.324568445517076348E-02    0.121908380295169945E+02    0.221627789490217253E+03   -0.487230303560651556E+00   -0.265169797275124042E+01    0.143816771178336494E+00
    0.324889751716091494E-02    0.121732341109254829E+02    0.130181773151828338E+03   -0.127473213920062611E+01   -0.277781473525484524E+01    0.223932069859718141E+00
    0.327644355118355537E-02    0.121407234356108482E+02    0.329733851003987411E+03   -0.166613269482438353E+01   -0.418848636741233626E+01    0.179593227347113298E-01
    0.333158927766535710E-02    0.120917166361310837E+02    0.290878693039479970E+03   -0.935510155564300172E+00   -0.399531975035176767E+01    0.383551158026766814E+00
    0.339932625242788658E-02    0.120358360356609193E+02    0.257986120830100049E+03   -0.268737597291905939E+00   -0.460371174900749747E+01    0.556002442451534629E+00
    0.341664166400917034E-02    0.120100493394537864E+02    0.331622846371697392E+03   -0.680683207001324675E+00   -0.466820368294790544E+01    0.447344022187245727E+00
    0.347682806558347653E-02    0.119594997320648240E+02    0.260354381192796268E+03   -0.151926526742659007E+01   -0.392833056419211246E+01    0.479618445913383984E+00
    0.346208804998660458E-02    0.119523717581263362E+02    0.270144455134868622E+03   -0.745544433593750000E-01   -0.472800970077514648E+01    0.286724320793151854E+00
    0.344294831542501329E-02    0.119478341920321505E+02    0.158154953705100525E+03    0.610982861573861058E-01   -0.309256321253576694E+01    0.222595235473829228E+00
    0.342716236119962542E-02    0.119414002998617317E+02    0.317829625308513641E+03   -0.157334208488464355E-01   -0.374810934066772461E+01    0.103311359810829173E+00
    0.343435149249475590E-02    0.119215843098970673E+02    0.295982201397418976E+03   -0.102343595027923584E+01   -0.374363780021667480E+01    0.297231650805473313E+00
    0.343488854442264941E-02    0.119056465813121761E+02    0.325767789902145068E+03   -0.121161238111987801E+01   -0.450577732371150130E+01    0.459932401731975360E+00
    0.355785830639838508E-02    0.118196730085226029E+02    0.168312697705125856E+03   -0.197709574895466300E+01   -0.287772349116470494E+01    0.117117186396050954E+00
    0.357386287726761936E-02    0.117950714390105240E+02    0.233877848271195433E+03   -0.168827107124429121E+01   -0.465386377740562729E+01    0.397464865840842174E+00
    0.354614953414756533E-02    0.117950157843843968E+02    0.326156878471374512E+03   -0.105381768941879272E+01   -0.413325250148773193E+01    0.334397902321815488E+00
    0.354692894748610647E-02    0.117789512497909516E+02    0.246284092297141513E+03   -0.672499355279090327E-01   -0.467546071672171326E+01    0.549653604259536466E+00
    0.355353867848089014E-02    0.117596027018489444E+02    0.220279660627061730E+03    0.313271264458623300E-01   -0.349912415784193298E+01    0.139308862848389725E+00
    0.352865824155119230E-02    0.117580301432414718E+02    0.288467760957257383E+03   -0.145060613506517111E+00   -0.428851302079482544E+01    0.353657811768149033E+00
    0.350393785340092799E-02    0.117564656635003271E+02    0.179944875627460874E+03   -0.680579580398745776E+00   -0.268131956555005591E+01    0.274654111351713415E+00
    0.356345720305597385E-02    0.117071531413677796E+02    0.322166993826919793E+03   -0.516305883571553048E+00   -0.334173845593160923E+01    0.578242794700253374E-01
    0.353941011235885247E-02    0.117050703808635994E+02    0.172969215075311809E+03   -0.373894442919947778E+00   -0.219005595959737587E+01    0.123057461962582881E+00
    0.351284522899326110E-02    0.117045129062019129E+02    0.211102427979822693E+03   -0.499514215611936319E+00   -0.384702654524279808E+01    0.224893685014515538E+00
    0.351473775969420900E-02    0.116878107046947903E+02    0.263162410259246826E+03    0.279692411422729492E-01   -0.370931267738342285E+01    0.145159241938591005E+00
    0.352954225850162341E-02    0.116637791560818869E+02    0.213330030917068200E+03   -0.124067763963154110E+01   -0.364839147177945833E+01    0.173521773831791098E+00
    0.352929395060722767E-02    0.116482948636360195E+02    0.126544520825207172E+03   -0.215026499430721607E-01   -0.225169269420937290E+01    0.256698567760482999E+00
    0.350273299012520507E-02    0.116477785013134696E+02    0.275314277202305902E+03   -0.132385901259057559E+01   -0.400613137875167968E+01    0.426623426570960584E+00
    0.351653283644058016E-02    0.116242895084482054E+02    0.238633562349920226E+03   -0.143716944017230475E+01   -0.437112752627779244E+01    0.307356422755724390E+00
    0.351621278768353808E-02    0.116088465419095908E+02    0.154384622924901436E+03   -0.153758476312149561E+01   -0.397748181149956093E+01    0.495575857369229822E+00
    0.350053856494802378E-02    0.116021568728166180E+02    0.197076503615244519E+03   -0.500542222896930955E+00   -0.230697384331870881E+01    0.830572015935579361E-01
    0.348306909742794081E-02    0.115965378781955426E+02    0.152852033055903661E+03   -0.569695858455471882E+00   -0.212472667779784974E+01    0.206858515552568678E+00
    0.349508602722770068E-02    0.115740245580226144E+02    0.177524436641677880E+03   -0.732489976656550468E+00   -0.416133232548685239E+01    0.435879977778435457E+00
    0.348281762589701784E-02    0.115654322799298850E+02    0.213406519344530636E+03   -0.117030722977340584E+01   -0.361302066488796347E+01    0.168105058554953141E+00
    0.347428258989815808E-02    0.115547145200247776E+02    0.199540860959456552E+03   -0.319531331207989266E+00   -0.261646359795090522E+01    0.132391050456778486E+00
    0.346177488642362583E-02    0.115463026765333314E+02    0.264938774075629681E+03   -0.202426414556167167E-02   -0.404086842270643842E+01    0.208610152247769964E+00
    0.347064948312877149E-02    0.115255570427810010E+02    0.167096874658205422E+03   -0.545034866946969565E-01   -0.322087920679963702E+01    0.245917841898676798E+00
    0.351737184485767561E-02    0.114831873860195603E+02    0.199401593696261330E+03   -0.139285711865613937E+01   -0.344889350654510451E+01    0.493089313586363653E+00
    0.352721722057980358E-02    0.114619720629839605E+02    0.299788087255669382E+03   -0.476792170375439639E-01   -0.406402141447407317E+01    0.181335418250835878E+00
    0.354134801342500085E-02    0.114383506387017455E+02    0.185338222980499268E+03   -0.676647961139678955E+00   -0.215521812438964844E+01    0.783017219781875634E-01
    0.351484863438905745E-02    0.114377476143855361E+02    0.150919655260706861E+03   -0.407089533964830608E-01   -0.303924823931399590E+01    0.307446196517976889E+00
    0.349695446263816176E-02    0.114323306652107757E+02    0.175444419005637371E+03   -0.197429257187304885E+01   -0.388190167251013207E+01    0.397831547778457528E+00
    0.347757171407285298E-02    0.114278220037111211E+02    0.153555595362826637E+03   -0.200724833167506223E+00   -0.296080261886441587E+01    0.369517709943306516E+00
    0.346535858916699338E-02    0.114192333050822388E+02    0.237159652161048200E+03   -0.581083661080938674E+00   -0.333699582713881693E+01    0.245397803364449385E+00
    0.343941494763016099E-02    0.114186377704151756E+02    0.303608548249681235E+03   -0.131556108942534999E+01   -0.456506046119228159E+01    0.209366009079269472E+00
    0.345000378375574096E-02    0.113968648819639924E+02    0.289561255497563650E+03   -0.951657420913055052E+00   -0.306105492929974954E+01    0.792531478576104370E-01
    0.347650819023701983E-02    0.113659337446509738E+02    0.161104467790097544E+03   -0.131127286886388572E+01   -0.254155925034287211E+01    0.591790707543112041E-01
    0.348874457601741281E-02    0.113432816352097046E+02    0.147820287942886353E+03   -0.805183887481689453E+00   -0.137169778347015381E+01    0.180323296308517456E-01
    0.347921753210407797E-02    0.113331256947149956E+02    0.250757809809947844E+03   -0.158566763872451388E+01   -0.392002290008192933E+01    0.473866895983661718E+00
    0.346394596087332921E-02    0.113262987567934523E+02    0.191592875278575150E+03   -0.417797717255341761E+00   -0.465476052482697789E+01    0.558462512364285901E+00
    0.344106834440152968E-02    0.113239265607250861E+02    0.282109276871604209E+03   -0.100117840692032001E+00   -0.378870054263804690E+01    0.647189192819585257E-01
    0.342504390830057149E-02    0.113176369543833353E+02    0.305517309443331044E+03   -0.149895758523079858E+01   -0.442067556873758072E+01    0.464097711807898883E+00
    0.341299270070667769E-02    0.113090614750337490E+02    0.271971933128343267E+03   -0.343609746437902874E+00   -0.430843406909178928E+01    0.377209517711189712E+00
    0.343334133147730905E-02    0.112815476652884001E+02    0.281954306257485996E+03   -0.275978683822706738E+00   -0.489979259364524733E+01    0.371771595965012303E+00
    0.342069585828930689E-02    0.112733025421031385E+02    0.139685325861135283E+03   -0.854624635234409125E+00   -0.305160953616273689E+01    0.308810233798898048E+00
    0.341095780414997713E-02    0.112633792718546299E+02    0.140910877287387848E+03   -0.477226257324218750E+00   -0.173133969306945801E+01    0.100754067707061773E+00
    0.339523790223846813E-02    0.112569928718256804E+02    0.270445841550827026E+03   -0.112787258625030518E+01   -0.493426620960235596E+01    0.400498691725730938E+00
    0.338797628007520349E-02    0.112456499863172059E+02    0.249115417229532397E+03   -0.116609786475192068E+01   -0.345354364425861249E+01    0.300959985508061689E+00
    0.336210832033859153E-02    0.112453540305600761E+02    0.205236128378974968E+03   -0.103667032173520468E+00   -0.401001390923566348E+01    0.374642967800577820E+00
    0.334448401772341041E-02    0.112402406837499491E+02    0.197904264926910400E+03   -0.100372135639190674E+00   -0.338347852230072021E+01    0.224641948056221008E+00
    0.333424774526153546E-02    0.112307463569617987E+02    0.155195890985621418E+03   -0.127865423304617032E+00   -0.245591662924324883E+01    0.114398074895900315E+00
    0.330964853938319446E-02    0.112299315329387284E+02    0.315302096917616495E+03   -0.949567892203551311E+00   -0.484452366223933062E+01    0.270856754914689524E+00
    0.331646554449646549E-02    0.112101912959040835E+02    0.177374970277438422E+03   -0.167875760656023942E+00   -0.285612244955238559E+01    0.128187197649341278E+00
    0.330595553059237404E-02    0.112009144411571384E+02    0.186489748954772949E+03   -0.139641284942626953E+00   -0.283049464225769043E+01    0.103895795989036560E+00
    0.328078829055508626E-02    0.112005730855166448E+02    0.223427799794114236E+03   -0.308040930371634936E+00   -0.265109166972390753E+01    0.191219957595899562E-01
    0.326339945625939024E-02    0.111955766774169394E+02    0.324483137729436066E+03   -0.352932289163391033E+00   -0.429153968871257874E+01    0.242956699603046444E+00
    0.324620801813699971E-02    0.111905154345451923E+02    0.172911822744144359E+03   -0.555018730582654163E+00   -0.407274638005458289E+01    0.471448302525839025E+00
    0.324222940869052512E-02    0.111773431729679551E+02    0.149339392483923461E+03   -0.104805182834858091E+01   -0.275808486124946572E+01    0.431368653599556451E+00
    0.321848623068000635E-02    0.111764182688867137E+02    0.134815557168549304E+03   -0.795016016028011530E+00   -0.135932383354195974E+01    0.598451870160029709E-01
    0.322192768961521289E-02    0.111586558539283711E+02    0.333016878642168308E+03   -0.176476040514003540E+01   -0.346756040159299150E+01    0.150609218651318127E+00
    0.319731252416355187E-02    0.111583692960373089E+02    0.205620580953909808E+03   -0.810364927823782111E+00   -0.430669432356669191E+01    0.422644372820611292E+00
    0.319729823814787501E-02    0.111427532323220895E+02    0.149614537687659777E+03   -0.223064152067687926E+00   -0.342223721468067144E+01    0.464288794349411948E+00
    0.318232263032102716E-02    0.111365179033653501E+02    0.345768144726753235E+03   -0.267052650451660156E+00   -0.383772790431976318E+01    0.494834230899810837E-01
    0.318963220359858067E-02    0.111163043105868908E+02    0.282740319942700353E+03   -0.186479784691739692E+01   -0.324587175375065762E+01    0.206147948758933913E+00
    0.320024419700657564E-02    0.110940363006136007E+02    0.211111278622429211E+03   -0.515189744172775299E+00   -0.398886363790902232E+01    0.327882075009802265E+00
    0.320957296957736235E-02    0.110725897435145750E+02    0.198267991290181044E+03   -0.487154677680529336E+00   -0.404234080444294630E+01    0.391855177775481511E+00
    0.319054371198907978E-02    0.110688578477251873E+02    0.129862549227865458E+03   -0.157822162140832334E+01   -0.162447823045005491E+01    0.240837995883414285E+00
    0.318196049315645638E-02    0.110586205093080174E+02    0.255183482170104980E+03   -0.166809988021850586E+01   -0.268194794654846191E+01    0.954970079898834201E-01
    0.318391404316657875E-02    0.110417679952812868E+02    0.265139884856938124E+03   -0.374811479149584681E+00   -0.313581544568866111E+01    0.233326466926490790E-01
    0.316920357095791918E-02    0.110354049037752784E+02    0.282749218707090904E+03   -0.705566188653877324E+00   -0.345244366026995841E+01    0.138511345351746473E+00
    0.314678648751494502E-02    0.110339769986834391E+02    0.146626017025274990E+03   -0.152815344514429485E+01   -0.273877157809896676E+01    0.209221069532003395E+00
    0.314396863425277749E-02    0.110201437412619256E+02    0.132032839588270917E+03   -0.345673321963534175E+00   -0.259281901114345192E+01    0.293286188769547818E+00
    0.312253115144237991E-02    0.110182026587098250E+02    0.272743499710804826E+03   -0.319290250578735613E+00   -0.418565737629459722E+01    0.258812798499859886E+00
    0.310159776469904214E-02    0.110160307641679847E+02    0.320812064866835613E+03   -0.184598486398937456E+01   -0.312864911648852040E+01    0.786174637255627889E-01
    0.309533390970697644E-02    0.110044489632571310E+02    0.300867979228496552E+03   -0.182217615842819214E+01   -0.495919942855834961E+01    0.367266893219947821E+00
    0.308474034071693284E-02    0.109956805665512114E+02    0.260751238465309143E+03   -0.367305040359497070E+00   -0.407623350620269775E+01    0.245730302309989934E+00
    0.306257246014830916E-02    0.109944800654358499E+02    0.153290042279639209E+03   -0.771352958259602151E+00   -0.166255273463671571E+01    0.371369914949292029E-01
    0.311757005062345211E-02    0.109432578006360792E+02    0.140789584952829159E+03   -0.144146991699529892E+01   -0.218571381335343951E+01    0.326380366349418360E+00
    0.311005852527710454E-02    0.109324574486685986E+02    0.144337693333043376E+03   -0.580419724637303069E+00   -0.252268746699122515E+01    0.181018172303527458E+00
    0.309216242273422509E-02    0.109283742188565363E+02    0.272373732924461365E+03   -0.105665349960327148E+01   -0.406279981136322021E+01    0.367819156408309922E+00
    0.308151331616319819E-02    0.109196489120591291E+02    0.316873292939484941E+03   -0.472717418846001713E+00   -0.444008715465841419E+01    0.212198682294401447E+00
    0.306096686432521343E-02    0.109174038679500960E+02    0.141609632968902588E+03   -0.986450254917144775E+00   -0.140717446804046631E+01    0.394639420509338423E-01
    0.305542418136497658E-02    0.109054036750862391E+02    0.175412709383906503E+03   -0.140790591328392223E+01   -0.235586363394584453E+01    0.214160024060672916E+00
    0.305745720487525519E-02    0.108884483541087604E+02    0.159377027416232352E+03   -0.197094399896269024E+01   -0.333085212245196605E+01    0.342768405142985177E+00
    0.304125514974727977E-02    0.108834499207034749E+02    0.150672221484746302E+03   -0.132529468196364131E+01   -0.318660269940690544E+01    0.333307084772369255E+00
    0.304682055478504603E-02    0.108641683258395769E+02    0.348737175762653351E+03   -0.111303031444549561E+01   -0.485669851303100586E+01    0.248160267162323006E+00
    0.303342351963649393E-02    0.108573568252088890E+02    0.187407145945541714E+03   -0.515619309529932845E+00   -0.362533388928346723E+01    0.370823277490994307E+00
    0.301681710761267678E-02    0.108527108620766803E+02    0.195992482916059771E+03   -0.747355861918146402E+00   -0.237740704681239290E+01    0.595768212124951901E-01
    0.300317557428297780E-02    0.108461500303573164E+02    0.248218482732772827E+03   -0.853790521621704102E+00   -0.393030047416687012E+01    0.360351372170448325E+00
    0.298633796198962071E-02    0.108417697877460775E+02    0.202541273171786628E+03   -0.561814732600653954E+00   -0.272828999143508488E+01    0.913813286142845377E-01
    0.296611044326373268E-02    0.108397375786176315E+02    0.258950628138502736E+03   -0.875786838246225940E+00   -0.311448543730333061E+01    0.994687659585154899E-01
    0.295060870513630521E-02    0.108345925579497582E+02    0.189627441757712802E+03   -0.156715020902700064E+01   -0.353625882708542161E+01    0.281925318817268344E+00
    0.293847315445038655E-02    0.108272103150741383E+02    0.167450436041438223E+03   -0.174237243097488470E+01   -0.265483416048016574E+01    0.116228970219713429E+00
    0.291585269209912196E-02    0.108270409460157211E+02    0.239771585768205796E+03   -0.560519221051071437E+00   -0.456523274773391652E+01    0.493360640675497508E+00
    0.289521020449151276E-02    0.108256251017604725E+02    0.268571353077625361E+03   -0.571275732212605636E+00   -0.407847528015355909E+01    0.279779630819656844E+00
    0.289447282598669087E-02    0.108105095448542983E+02    0.184013687835800567E+03   -0.578276268626056966E+00   -0.322791171613081396E+01    0.277229549425538957E+00
    0.287978061702850096E-02    0.108050623043238545E+02    0.279620833020343071E+03   -0.612009335637647034E+00   -0.452175433209926414E+01    0.331528218164223398E+00
    0.286351883547891805E-02    0.108007630763065272E+02    0.181266936073621366E+03   -0.171471660293427108E+01   -0.237503895048697133E+01    0.210862892762965687E+00
    0.284193462330683579E-02    0.108002704862353838E+02    0.283563361729559006E+03   -0.573420101825567130E+00   -0.343251271996226581E+01    0.318829682370178544E-01
    0.282238597865058652E-02    0.107984502996584109E+02    0.216134145490636229E+03   -0.156466163116298751E+01   -0.369771031159958330E+01    0.248101931021649652E+00
    0.280151914000867190E-02    0.107976668974164927E+02    0.159401445202432740E+03   -0.129786844186874295E+01   -0.255857761637262815E+01    0.119372280265943778E+00
    0.278526463731235000E-02    0.107936797550525636E+02    0.205766238041024195E+03   -0.660455234097187871E+00   -0.355873191919194198E+01    0.267952541428190305E+00
    0.276677417166456326E-02    0.107913763723155736E+02    0.284895330419240736E+03   -0.172891635437135172E+01   -0.317286765214061628E+01    0.145662119529247180E+00
    0.275153361061760381E-02    0.107867986718851050E+02    0.331195999772614073E+03   -0.578067143479592982E+00   -0.474708209869523845E+01    0.309094940258004325E+00
    0.273261518982894714E-02    0.107849723462255707E+02    0.303882515249716221E+03   -0.670548740785236852E+00   -0.428093085619946478E+01    0.202756997067383538E+00
    0.271571687605891374E-02    0.107817536149708175E+02    0.242506329715251923E+03   -0.593948662281036377E+00   -0.385120213031768799E+01    0.264885445404052733E+00
    0.270039985455672489E-02    0.107774408248795535E+02    0.210021248910972474E+03   -0.190630180242140579E+01   -0.361311632693096429E+01    0.249646268408947408E+00
    0.268194078238863289E-02    0.107755341275920458E+02    0.198777573118891951E+03   -0.153546171415340260E+01   -0.292970017799494675E+01    0.852494719103527310E-01
    0.266185726333400749E-02    0.107749423406300799E+02    0.325645805354582535E+03   -0.145309301237331123E+01   -0.394669034114920869E+01    0.449472541996930319E-01
    0.265341681963361621E-02    0.107656691867724827E+02    0.165587936880073840E+03   -0.626712322439188174E+00   -0.237712160588455346E+01    0.112407410724774032E+00
    0.263805406211569966E-02    0.107616574421614803E+02    0.129496743159384522E+03   -0.106586891360952718E+01   -0.249276191212255371E+01    0.411173402580294445E+00
    0.264463848834633553E-02    0.107410467803403549E+02    0.217762423613489432E+03   -0.190823728690160221E+01   -0.297607202386757042E+01    0.441607177238781401E-01
    0.262611258568296209E-02    0.107394812407052971E+02    0.145705519267874791E+03   -0.188139853398068468E+01   -0.308167204877456191E+01    0.343031768859044184E+00
    0.261025620884906525E-02    0.107359687758773461E+02    0.151431739484725682E+03   -0.694341779885383481E+00   -0.332373005337969740E+01    0.461381083971027284E+00
    0.259376035431989555E-02    0.107330231434992136E+02    0.180244989693164825E+03   -0.106234103441238403E+01   -0.334912359714508057E+01    0.417887152147293106E+00
    0.257493002546791382E-02    0.107319708191891277E+02    0.224174378453245140E+03   -0.666830230219021880E+00   -0.399894545141969271E+01    0.361356615918163926E+00
    0.255721116437616263E-02    0.107301559860099207E+02    0.182167137113886497E+03   -0.167147458662762882E+01   -0.359061575702773172E+01    0.549487793078322406E+00
    0.255385919059858890E-02    0.107171542911302424E+02    0.285853613283281788E+03   -0.100075492403537236E+01   -0.498955583596205177E+01    0.568344796206878167E+00
    0.254053282617219952E-02    0.107119928713019466E+02    0.283859109918226295E+03   -0.106169083386944596E+01   -0.433278860390412213E+01    0.395028755835596601E+00
    0.252511607719667309E-02    0.107085414718555452E+02    0.304264299657721381E+03   -0.868471728299606838E+00   -0.390407060701228659E+01    0.951557325298956203E-01
    0.251326803096179295E-02    0.107023227162543932E+02    0.251211645217032100E+03   -0.143199242628044932E+01   -0.383550660668050103E+01    0.194517561018801577E+00
    0.249460807115741475E-02    0.107016022752193596E+02    0.164238165815943631E+03   -0.111670604187742506E+01   -0.238704031063718469E+01    0.217805158320690695E+00
    0.247830141666984666E-02    0.106990937117630125E+02    0.140283242649580131E+03   -0.729852174588345948E+00   -0.222078093804905752E+01    0.160970937020691207E+00
    0.247037509494189454E-02    0.106898755387096465E+02    0.311112418559732475E+03   -0.732720502408670482E+00   -0.483126469293153171E+01    0.386456542778723544E+00
    0.245731869632532206E-02    0.106848489482077120E+02    0.180788321860859753E+03   -0.775335777551116490E+00   -0.241216010142240744E+01    0.725801301416148098E-01
    0.244038722356443652E-02    0.106830520877388526E+02    0.128249196562521661E+03   -0.873884247329245412E+00   -0.199235077012924044E+01    0.222620534449502083E+00
    0.243131941406913047E-02    0.106748723800289422E+02    0.264377236366271973E+03   -0.758976221084594727E+00   -0.365611135959625244E+01    0.168376950001716624E+00
    0.241452741785575789E-02    0.106731083739961115E+02    0.126195072085580833E+03   -0.137244669850725787E+01   -0.146500153333638083E+01    0.155773197834048582E+00
    0.239814385783931232E-02    0.106711004464016508E+02    0.219988939783411695E+03   -0.952321654842193999E+00   -0.348396305109835147E+01    0.306063251199093833E+00
    0.238991878635380324E-02    0.106623467680089838E+02    0.136883638402552947E+03   -0.914161154003035881E+00   -0.303945651320149413E+01    0.396549407615598704E+00
    0.238193992774423042E-02    0.106534100348026204E+02    0.164081907873766170E+03   -0.145936378003767464E+01   -0.236515119422847464E+01    0.598426031246489243E-01
    0.236742792102623452E-02    0.106500073366701962E+02    0.297053810954093933E+03   -0.976055979728698730E+00   -0.398179113864898682E+01    0.239467282247543350E+00
    0.237929394275965657E-02    0.106243829756023729E+02    0.247329933932876088E+03   -0.143717542436420276E+01   -0.371729631496669377E+01    0.350613327583740142E+00
    0.236787007881123510E-02    0.106183838372314590E+02    0.283694103360176086E+03   -0.183027017116546631E+01   -0.401413559913635254E+01    0.174258363604545607E+00
    0.235054356440690714E-02    0.106174473267061984E+02    0.225187155851509289E+03   -0.129273872604373485E+01   -0.397188596212997513E+01    0.316927899758551346E+00
    0.233532919503546404E-02    0.106148098093943748E+02    0.290201069892147586E+03   -0.101516931992462944E+01   -0.423189867808648401E+01    0.233392628402862123E+00
    0.231717171542272608E-02    0.106147958299191636E+02    0.142141677257444769E+03   -0.938711126097037774E+00   -0.182681564735988999E+01    0.102690811465885615E+00
    0.231181781756788001E-02    0.106037972393798245E+02    0.329428006708621979E+03   -0.135392898321151733E+01   -0.328661561012268066E+01    0.195786802053451552E-01
    0.229668100606274976E-02    0.106013104577176112E+02    0.252762701600463942E+03   -0.862994564713855716E+00   -0.352918697123910530E+01    0.166537595528441912E+00
    0.227924853378991352E-02    0.106009239411380118E+02    0.203480313063459931E+03   -0.105491765199591137E+01   -0.425824426130188360E+01    0.482492247888746839E+00
    0.226686955747315132E-02    0.105961908772148732E+02    0.340997242640745867E+03   -0.879731909259146239E+00   -0.411668750075775947E+01    0.116190425010722548E+00
    0.225118137366050585E-02    0.105944552707640600E+02    0.212411532239859469E+03   -0.917932391769952005E+00   -0.378567143626377600E+01    0.335061644286099414E+00
    0.224091188537308469E-02    0.105879747881068536E+02    0.152904311671194080E+03   -0.178127183034647230E+01   -0.317152022951434542E+01    0.349969218421285311E+00
    0.222928791517660631E-02    0.105827511096713884E+02    0.188436120748519897E+03   -0.130969166755676270E+01   -0.273754894733428955E+01    0.228670156502723709E+00
    0.221196290535302089E-02    0.105827299099557841E+02    0.333729475872509511E+03   -0.144536418720884519E+01   -0.418919207922877934E+01    0.117403890522946336E+00
    0.219565232978412468E-02    0.105819071548450339E+02    0.254490763724402996E+03   -0.128138436556533275E+01   -0.437389342009533699E+01    0.491961965689060421E+00
    0.218523383390258107E-02    0.105757948562790567E+02    0.170329466040230471E+03   -0.109690096612900168E+01   -0.266078228656086946E+01    0.140892772494481566E+00
    0.217025947130421084E-02    0.105739220726633452E+02    0.137325809346732484E+03   -0.999171581984930057E+00   -0.282054969746351736E+01    0.342631574783583026E+00
    0.215440844714050606E-02    0.105729581707589180E+02    0.155330737282567299E+03   -0.905959476714918388E+00   -0.354873111241686257E+01    0.495839048834537333E+00
    0.214175328751842718E-02    0.105691159638725729E+02    0.224420015547972412E+03   -0.927131048599525887E+00   -0.327483148532547297E+01    0.197610697388332923E+00
    0.212715190513102382E-02    0.105671726350928754E+02    0.211532598052042260E+03   -0.179159945668108245E+01   -0.281884420086255405E+01    0.346909451744651862E-01
    0.211865139701436327E-02    0.105595560319681567E+02    0.315101528827114578E+03   -0.171341302629685854E+01   -0.492135202400416016E+01    0.538997639611114909E+00
    0.210245609440750086E-02    0.105592780773666828E+02    0.300036211047608163E+03   -0.171322315835797712E+01   -0.406179435107936992E+01    0.333446653822724370E+00
    0.208736064924677648E-02    0.105580646962052533E+02    0.129079157114028931E+03   -0.119964510202407837E+01   -0.257929623126983643E+01    0.427482993721961968E+00
    0.209192744476453417E-02    0.105536734657876110E+02    0.194484033904494538E+03   -0.946014673927182415E+00   -0.393288683555363772E+01    0.482290660306824714E+00
    0.215549610717301072E-02    0.104938033741078041E+02    0.177575777852792953E+03   -0.119776308371361262E+01   -0.393321003877480813E+01    0.486848087262872653E+00
    0.221779337460265447E-02    0.104368197402025498E+02    0.205666765209554512E+03   -0.168590316448618904E+01   -0.394731691146321761E+01    0.393557072657980900E+00
    0.218914946575962839E-02    0.104628189993336385E+02    0.149486744052901003E+03   -0.176946225488774145E+01   -0.286248220909673634E+01    0.289261418029649775E+00
    0.249554394445890976E-02    0.102008317540140023E+02    0.144856661130744527E+03   -0.187850770402087908E+01   -0.256242585558975300E+01    0.258528545892125594E+00
    0.255067985587954836E-02    0.101571253249502114E+02    0.133252426578423012E+03   -0.179434736158272523E+01   -0.239050615972785696E+01    0.280467827537292602E+00
    0.253017310976963363E-02    0.101732697460551442E+02    0.164337549214053240E+03   -0.186438713012950874E+01   -0.284777054706343069E+01    0.366607125478317253E+00
    0.268010831815697391E-02    0.100581307706627001E+02    0.169510106431005198E+03   -0.195460594015596500E+01   -0.285912526014603818E+01    0.334979711051988649E+00
    0.260101165560194499E-02    0.101180442572067033E+02    0.157675299749290559E+03   -0.191602346879597496E+01   -0.250830890668433293E+01    0.287795177052310169E+00
    0.271320731875379379E-02    0.100335822974240028E+02    0.140729685273870558E+03   -0.196805084462218471E+01   -0.243236160809162705E+01    0.331933019108499372E+00
    0.230579678056847112E-02    0.103589926093525531E+02    0.187859981407035718E+03   -0.150381027705633752E+01   -0.228538588724769332E+01    0.894064439494126201E-01
    0.256646449063496112E-02    0.101447866581071544E+02    0.171662639130786431E+03   -0.165462422344152604E+01   -0.201952366617186341E+01    0.429055777274920530E-01
    0.237103198856331585E-02    0.103031945953528190E+02    0.212713159470719745E+03   -0.199058185340995841E+01   -0.315239626524181382E+01    0.157747610914773406E+00
    0.264125989668437386E-02    0.100873331186981101E+02    0.224759817343174745E+03   -0.177407581078223475E+01   -0.273312257707729644E+01    0.585204678707828968E-01
    0.210556399190968717E-02    0.105406784707283983E+02    0.212314765775852266E+03   -0.177974428501995430E+01   -0.318204951217384657E+01    0.139471386781941348E+00
    0.221986721270639280E-02    0.104349504325221591E+02    0.226844914537009402E+03   -0.138398912557848663E+01   -0.298713837765206813E+01    0.168320783971774190E+00
    0.228234833205228803E-02    0.103794354263015354E+02    0.207076086799143184E+03   -0.170830288689252408E+01   -0.365347664102361236E+01    0.312065309822142090E+00
    0.220093502095928834E-02    0.104520806333197207E+02    0.170733049825001501E+03   -0.152981258696907507E+01   -0.255436809190555492E+01    0.113525144306979270E+00
    0.238664853943110341E-02    0.102900649983898873E+02    0.216904107722829167E+03   -0.197975967040567036E+01   -0.312163962733224443E+01    0.136464181514254213E+00
    0.213247117462798475E-02    0.105152822262821033E+02    0.205984779880162591E+03   -0.191558013938528515E+01   -0.270287908733106663E+01    0.223561006370021437E+00
    0.260094869220987195E-02    0.101180926723332085E+02    0.203015598345940020E+03   -0.172748768436485611E+01   -0.338294910370809632E+01    0.315103172754766458E+00
    0.254489174577816456E-02    0.101616689664046476E+02    0.229230830699268950E+03   -0.173542525958236959E+01   -0.357225329721358964E+01    0.322289226384797678E+00
    0.221721698407490548E-02    0.104373395951606049E+02    0.181844442024850082E+03   -0.189833929895641051E+01   -0.365843216804000626E+01    0.561029344622165804E+00
    0.243716989275518606E-02    0.102481702203095733E+02    0.179008113762771359E+03   -0.186119301772476664E+01   -0.265833494756034039E+01    0.130210487583473034E+00
    0.256744943492023250E-02    0.101440192558393036E+02    0.164898965203658065E+03   -0.190580202678160782E+01   -0.344024233072389318E+01    0.536807347950141067E+00
    0.223340455366565329E-02    0.104227909386774602E+02    0.132721685941148110E+03   -0.193947702373583697E+01   -0.287880832806936304E+01    0.380795634891230916E+00
    0.208822945083246298E-02    0.105572120840635559E+02    0.155206561511085653E+03   -0.157840666567997068E+01   -0.346736914763262405E+01    0.428664910692256262E+00
    0.238405138718739010E-02    0.102922425845220964E+02    0.166004895895079727E+03   -0.165416537348620696E+01   -0.331323818611551291E+01    0.490716017766368806E+00
    0.215541752837896750E-02    0.104938762856070333E+02    0.151263100671190330E+03   -0.151373742607409545E+01   -0.223186074588892502E+01    0.249132389096417523E+00
    0.220572069637386958E-02    0.104477365886718054E+02    0.163759549467277338E+03   -0.121155743370449764E+01   -0.249485140408995409E+01    0.219622402352654372E+00
    0.231790833942436972E-02    0.103485147901639181E+02    0.154490053437164477E+03   -0.127182552589203368E+01   -0.183546728996117547E+01    0.367336386810419788E-01
    0.210011228094477125E-02    0.105458635716869864E+02    0.129969969077996979E+03   -0.123542562139190060E+01   -0.207483953271548893E+01    0.277501355618772372E+00
    0.222621438593158033E-02    0.104292400762039126E+02    0.209849444043722428E+03   -0.130128486721359327E+01   -0.358629631445064767E+01    0.289367260959053518E+00
    0.243734477728888314E-02    0.102480267110204597E+02    0.149236412133967661E+03   -0.149496330807914646E+01   -0.337896664784437029E+01    0.492968283818505160E+00
    0.234345595132872796E-02    0.103265917083215975E+02    0.126607341007473806E+03   -0.131325239189023746E+01   -0.208529066360090987E+01    0.228149333152740053E+00
    0.245447930613535261E-02    0.102340159055391169E+02    0.128352481078544088E+03   -0.160106355264912015E+01   -0.277307980734074011E+01    0.487553262024042533E+00
    0.226179188967376692E-02    0.103975304511908870E+02    0.135547004231420601E+03   -0.118811536844100640E+01   -0.237408344477456446E+01    0.256184266724075571E+00
    0.228420318585232079E-02    0.103778106957846283E+02    0.167822940633611950E+03   -0.146009286650764181E+01   -0.333493284980970461E+01    0.367166586509097892E+00
    0.211743335191989573E-02    0.105294358482032706E+02    0.202222383337711960E+03   -0.187051552470539861E+01   -0.298216246130850005E+01    0.314367161509407411E+00
    0.264559347417851060E-02    0.100840543604949158E+02    0.166633186427477256E+03   -0.190700043334098268E+01   -0.350451817356755679E+01    0.464096585542842832E+00
    0.233271017271375128E-02    0.103357836807582135E+02    0.163764534491535869E+03   -0.132518388671312914E+01   -0.321878430329325660E+01    0.420260773400541021E+00
    0.242564132541368523E-02    0.102576532854940208E+02    0.208686946963909719E+03   -0.148364897261588702E+01   -0.414778197805163096E+01    0.488381428204443913E+00
    0.234950115440712027E-02    0.103214391307157722E+02    0.158301394504341857E+03   -0.153533021174749296E+01   -0.211350608349798286E+01    0.564932725077790659E-01
    0.241308633185932132E-02    0.102680320648913170E+02    0.241303758354170071E+03   -0.174817695354587244E+01   -0.431718500991515519E+01    0.412798226171440907E+00
    0.253901717305574613E-02    0.101662910597039975E+02    0.142736888142544501E+03   -0.190780966332415147E+01   -0.162715871219995289E+01    0.110416340650837289E+00
    0.258373450275968747E-02    0.101313735244571603E+02    0.207256767695227722E+03   -0.171813956363637033E+01   -0.392757293211452785E+01    0.474989171292854062E+00
    0.259747651291609332E-02    0.101207643889959407E+02    0.198866687700083844E+03   -0.171144770050710315E+01   -0.389756492856432812E+01    0.479072654707795309E+00
    0.234479719058028769E-02    0.103254473679905168E+02    0.127946322258991330E+03   -0.158816710507075598E+01   -0.235637725142924825E+01    0.271192064829339885E+00
    0.238616756411826102E-02    0.102904680940081015E+02    0.153649511297704976E+03   -0.197838642809513177E+01   -0.358272333275476607E+01    0.501586859205142788E+00
    0.230710379829500521E-02    0.103578592506432869E+02    0.238430644697721561E+03   -0.143556308943769784E+01   -0.370232940269713229E+01    0.239779089631718650E+00
    0.230209052834590014E-02    0.103622099215595149E+02    0.212181714219043243E+03   -0.127212980207466897E+01   -0.293526992753708482E+01    0.120381066771365619E+00
    0.233216078293945785E-02    0.103362547675531573E+02    0.147793327887732175E+03   -0.154002909928282428E+01   -0.359028957812363370E+01    0.532440723954028972E+00
    0.225653890571146133E-02    0.104021808290112663E+02    0.153392167141095399E+03   -0.169445539841095183E+01   -0.302677482958038846E+01    0.327693379602038426E+00
    0.223615311699563307E-02    0.104203311304557253E+02    0.188732475076764615E+03   -0.142931065843760896E+01   -0.287758141214567065E+01    0.144673537718389728E+00
    0.233452319584512161E-02    0.103342298495443892E+02    0.149749666957648685E+03   -0.130864041721378954E+01   -0.246674309657763491E+01    0.250841365880889122E+00
    0.251822454801953676E-02    0.101827369749630812E+02    0.236105165685181134E+03   -0.187393194199168045E+01   -0.314569817444672850E+01    0.103438679063125066E+00
    0.231204360693261892E-02    0.103535815689956525E+02    0.285283459400263951E+03   -0.196698861701723304E+01   -0.372463845188141107E+01    0.119227712165262734E+00
    0.221980934919582774E-02    0.104350025656086665E+02    0.259373073992304228E+03   -0.146621310117791426E+01   -0.373168080816949965E+01    0.177799795616581241E+00
    0.255718370167206353E-02    0.101520321197507215E+02    0.246331606923592403E+03   -0.187814195833515418E+01   -0.370873291821533035E+01    0.329945676468034410E+00
    0.261784406321399462E-02    0.101051429877436227E+02    0.302488180994987488E+03   -0.188144940137863159E+01   -0.330179274082183838E+01    0.454155698776245106E-01
    0.208895570266295211E-02    0.105565166379091533E+02    0.342187731188777775E+03   -0.172091633690703083E+01   -0.426009088700790706E+01    0.126346289267228934E+00
    0.260097192618714878E-02    0.101180748066416832E+02    0.264605693519115448E+03   -0.182689756155014038E+01   -0.356148183345794678E+01    0.208274289178848271E+00
    0.216380012723759504E-02    0.104861132043718701E+02    0.310110318689536768E+03   -0.194931903691292630E+01   -0.432715276330600762E+01    0.215010987254871999E+00
    0.235927043668590413E-02    0.103131403240255679E+02    0.331842262493615578E+03   -0.172678080214249863E+01   -0.358201481305744940E+01    0.973094052989557229E-01
    0.246591155883245459E-02    0.102247221127630255E+02    0.321148883486759019E+03   -0.192484968179106897E+01   -0.363390603111634292E+01    0.144686959311075336E+00
    0.265673814080230131E-02    0.100756469775965947E+02    0.324811927850452662E+03   -0.198356502239143229E+01   -0.392031703092432782E+01    0.141204231203263225E+00
    0.222275172910087367E-02    0.104323533006613296E+02    0.304237750671346703E+03   -0.162139680349432869E+01   -0.392253996644956526E+01    0.256772685133837053E+00
    0.244572475337583072E-02    0.102411621892183771E+02    0.270884921289906970E+03   -0.152506723522969878E+01   -0.305911929242057301E+01    0.282957467989947906E-01
    0.209279768020137350E-02    0.105528416448929061E+02    0.275725587035575700E+03   -0.161878158656893190E+01   -0.312251746810931907E+01    0.114348072827580555E+00
    0.229201151244906977E-02    0.103709855490733922E+02    0.336239004157365343E+03   -0.168206015277340293E+01   -0.385338134004690858E+01    0.464977289193892612E-01
    0.253325586381550946E-02    0.101708344363526848E+02    0.317204530489460240E+03   -0.199456808695878895E+01   -0.350024704796427066E+01    0.128009609834484409E-01
    0.235177919605642502E-02    0.103195008997167470E+02    0.307744850082393668E+03   -0.182715428101184729E+01   -0.362464942744742347E+01    0.445081478686299228E-01
    0.244861332401764571E-02    0.102388014442665440E+02    0.282134402763977619E+03   -0.155427100761514936E+01   -0.326591989415867801E+01    0.753014071189490042E-01
    0.246524426646896637E-02    0.102252633995454367E+02    0.234317468396406525E+03   -0.157421391883427209E+01   -0.338043124172777976E+01    0.236836586637347163E+00
    0.229222161193458687E-02    0.103708022255119907E+02    0.262778492271900177E+03   -0.199471336603164673E+01   -0.311692118644714355E+01    0.161484697222709667E+00
    0.211945693785634600E-02    0.105275254035592809E+02    0.257064220309257507E+03   -0.169231057167053223E+01   -0.264418721199035645E+01    0.327693331003189106E-01
    0.264266064903541983E-02    0.100862727300175941E+02    0.257031468753190779E+03   -0.187022387981488492E+01   -0.298273546758212316E+01    0.423449946574037325E-01
    0.250967446199466034E-02    0.101895390958883958E+02    0.284453705284977900E+03   -0.161640732473160753E+01   -0.348912515623969099E+01    0.105654256531719629E+00
    0.233137885327597922E-02    0.103369254423897008E+02    0.258497861027717590E+03   -0.131942772865295410E+01   -0.441454112529754639E+01    0.429352131843566909E+00
    0.235901910013741872E-02    0.103133533983159538E+02    0.295040972626886230E+03   -0.136424406344317717E+01   -0.459543720640890818E+01    0.393456600531585710E+00
    0.227420865310913947E-02    0.103865808983128449E+02    0.249030918570589392E+03   -0.126161679638404656E+01   -0.457247401913053952E+01    0.518829368429314597E+00
    0.227452791522347224E-02    0.103863001503644306E+02    0.274706446981246643E+03   -0.127737578023082610E+01   -0.420962186729522614E+01    0.344093303941893969E+00
    0.246853350391907766E-02    0.102225966901065455E+02    0.290683738933303175E+03   -0.157290561573015575E+01   -0.498271213264936907E+01    0.542220561804688805E+00
    0.230795886232689536E-02    0.103571181434431860E+02    0.239778438844848665E+03   -0.137175561071598362E+01   -0.384579520005520736E+01    0.352027427498818324E+00
    0.219297979108845024E-02    0.104593226841135341E+02    0.273180082782320198E+03   -0.135430331727462905E+01   -0.404139379225594908E+01    0.333821123429594524E+00
    0.251065534109004909E-02    0.101887575702545483E+02    0.278748224488489711E+03   -0.163913527267707559E+01   -0.492209910078262602E+01    0.519559402282255944E+00
    0.259128638877674771E-02    0.101255363372951841E+02    0.295560695329570308E+03   -0.184759883941938208E+01   -0.474739306267594952E+01    0.481195338667335437E+00
    0.227938071352320939E-02    0.103820376141281852E+02    0.300928854079068515E+03   -0.147882971062182289E+01   -0.452891209086392355E+01    0.312673528848404325E+00
    0.234646699523923538E-02    0.103240236112688102E+02    0.301938583235894271E+03   -0.146740869163208143E+01   -0.430924366013510074E+01    0.328276215679245753E+00
    0.240809019389354520E-02    0.102721772271582754E+02    0.284927499954587745E+03   -0.145139605471524913E+01   -0.449380168579583117E+01    0.378549385379757908E+00
    0.234223416483875062E-02    0.103276347021921939E+02    0.229098459465303165E+03   -0.150514281688574969E+01   -0.427902466312288876E+01    0.432684240320798774E+00
    0.251404768686699746E-02    0.101860570354977753E+02    0.302040138676375022E+03   -0.187598573016720271E+01   -0.469337372460354896E+01    0.382489391984425608E+00
    0.209531133672096522E-02    0.105504408890278985E+02    0.330765811632363921E+03   -0.172296677858367242E+01   -0.483372609851875801E+01    0.482170067285470683E+00
    0.244403419165220180E-02    0.102425451300217940E+02    0.312580717627080105E+03   -0.170161948673771746E+01   -0.425396588502553374E+01    0.229718645770152746E+00
    0.238626112337720448E-02    0.102903896775329020E+02    0.344897755427291145E+03   -0.184059392370952968E+01   -0.373206802517503977E+01    0.860508334465683554E-02
    0.227038164367480283E-02    0.103899493078626914E+02    0.233430572838608640E+03   -0.140926755981073315E+01   -0.428298840237487788E+01    0.510723226550556908E+00
    0.247276431518351266E-02    0.102191718309272783E+02    0.299305285592605514E+03   -0.156629635140982248E+01   -0.399021823927346730E+01    0.215105108910618070E+00
    0.223976748635782569E-02    0.104171010730278919E+02    0.321608303641412817E+03   -0.140555688888225117E+01   -0.487378876471673195E+01    0.458890748626312683E+00
    0.264829697507652524E-02    0.100820116275302301E+02    0.255262599129862622E+03   -0.192565178153462968E+01   -0.335870043567737442E+01    0.143668142690517697E+00
    0.216043020747555244E-02    0.104892304485364125E+02    0.333780418888702002E+03   -0.160011585458355987E+01   -0.379696623024667623E+01    0.166179481430824838E+00
    0.244178109670683445E-02    0.102443897311555698E+02    0.225874553103461096E+03   -0.161614683623266231E+01   -0.415153149814941891E+01    0.417980695109946898E+00
    0.253522120342664472E-02    0.101692834065789981E+02    0.292754359225179257E+03   -0.165731837671674143E+01   -0.353394341986070559E+01    0.112377592266497003E+00
    0.218968223900576882E-02    0.104623323186071886E+02    0.229447513482125203E+03   -0.111908998639128399E+01   -0.417945036288553950E+01    0.458168342742675982E+00
    0.256680946343679347E-02    0.101445178450218290E+02    0.215994538695595821E+03   -0.175068692376117574E+01   -0.384732214879704459E+01    0.385036627511708862E+00
    0.237389536500687412E-02    0.103007807528825168E+02    0.303810409519877680E+03   -0.189487146962131114E+01   -0.477220694420245284E+01    0.378554792271141527E+00
    0.226152690939470649E-02    0.103977647749616722E+02    0.262926194018214460E+03   -0.139513467078200959E+01   -0.328453817774458035E+01    0.513922114367850388E-01
    0.218603716557774514E-02    0.104656644100272569E+02    0.317260145539189750E+03   -0.124862206583547830E+01   -0.488458814659506313E+01    0.453823198100745673E+00
    0.232058850640953123E-02    0.103462035523879656E+02    0.293209579567679270E+03   -0.161808520230118713E+01   -0.394437953897543281E+01    0.169151272764109600E+00
    0.254201283618724332E-02    0.101639327477293406E+02    0.347221020136160462E+03   -0.176814519128417791E+01   -0.366873706220011142E+01    0.166111512041259846E-01
    0.266806214013850986E-02    0.100671403551429517E+02    0.245361378080641998E+03   -0.191129680253162748E+01   -0.345012291043932917E+01    0.200206944450561530E+00
    0.227164255513698276E-02    0.103888388677246564E+02    0.322812710097047841E+03   -0.168379944781903546E+01   -0.414633402302096155E+01    0.151822470817290778E+00
    0.213028822847549518E-02    0.105173306143208176E+02    0.306544515144156549E+03   -0.113482145132126133E+01   -0.458505521066070898E+01    0.303807524620066827E+00
    0.209293712781189432E-02    0.105527083850310497E+02    0.265189954796771644E+03   -0.955632333157801162E+00   -0.425288695310323206E+01    0.325947618917850235E+00
    0.212036150640008362E-02    0.105266720004531287E+02    0.248912182820266310E+03   -0.972514541553853196E+00   -0.369315391269019999E+01    0.228098664311978283E+00
    0.210653119054203834E-02    0.105397599742486623E+02    0.348752705752849579E+03   -0.944387853145599365E+00   -0.414302945137023926E+01    0.134828846311569217E+00
    0.212224691631047709E-02    0.105248944053072577E+02    0.311691493286998877E+03   -0.107499101087347393E+01   -0.407326269932772167E+01    0.217230321544367444E+00
    0.228846643802351445E-02    0.103740813614944738E+02    0.314903598842458564E+03   -0.126708704677125894E+01   -0.420131189376012060E+01    0.216531479545171046E+00
    0.219501170550557081E-02    0.104574704338856765E+02    0.281785229488003893E+03   -0.123031881219719708E+01   -0.410785136032622678E+01    0.235563027470588104E+00
    0.214024061930257262E-02    0.105080086692413968E+02    0.338137977384411442E+03   -0.136884912179279139E+01   -0.418442136799897568E+01    0.242025140324635152E+00
    0.210466995531824160E-02    0.105415278644828447E+02    0.341532116861697659E+03   -0.100701780500444404E+01   -0.399782071201569256E+01    0.776637832153089375E-01
    0.229295993253902973E-02    0.103701581327067966E+02    0.300305027182557296E+03   -0.126587747842498777E+01   -0.355210779590061954E+01    0.710275520059888560E-01
    0.222300983935725055E-02    0.104321210702524834E+02    0.324117678051387543E+03   -0.140523725985888870E+01   -0.328778827806968010E+01    0.125556624875897312E-01
    0.231550909769066750E-02    0.103505860405795787E+02    0.288589095978900218E+03   -0.132837844582151954E+01   -0.317905727875020583E+01    0.269292760724819044E-01
    0.212790465645149333E-02    0.105195696601671376E+02    0.324578610001117681E+03   -0.118606597337727315E+01   -0.361253469380564196E+01    0.863657224618503139E-01
    0.212984854659482338E-02    0.105177434479038219E+02    0.230386116136455882E+03   -0.976684235228345132E+00   -0.420104265970529944E+01    0.422735775392200697E+00
    0.219739228947643962E-02    0.104553025238239599E+02    0.230818121512268590E+03   -0.115350075997427282E+01   -0.378758033613190559E+01    0.346383125824589799E+00
    0.224123024335249037E-02    0.104157953307491820E+02    0.273927335627486400E+03   -0.118848539163370837E+01   -0.336099116348623728E+01    0.920206680600220012E-01
    0.216072181881455522E-02    0.104889605100221708E+02    0.273019210805127329E+03   -0.134877764819731460E+01   -0.363600002011201129E+01    0.223873634275617600E+00
