    0.299252940714359283E+03    0.494830608367919922E+00    0.391436517238616943E+01    0.556218555521965086E+00   -0.197763381036673707E+03   -0.485202009141426682E+01    1
    0.289665612578392029E+03    0.710868775844573975E+00    0.358856916427612305E+01    0.399893034338951125E+00   -0.172270248855551159E+03   -0.485983259141427482E+01    1
    0.282098537683486938E+03    0.813546061515808105E+00    0.361395597457885742E+01    0.338001618361473077E+00   -0.168732597242194686E+03   -0.486764509141427837E+01    1
    0.214884082973003387E+03    0.693317651748657227E+00    0.403800070285797119E+01    0.431142526316642793E+00   -0.165515558140861685E+03   -0.487545759141427837E+01    1
    0.194850516319274902E+03    0.483321249485015869E+00    0.446262776851654053E+01    0.440076928067207329E+00   -0.163128639272125668E+03   -0.488327009141427215E+01    1
    0.254583968222141266E+03    0.674565792083740234E+00    0.391900539398193359E+01    0.331153548002243059E+00   -0.162800956458500309E+03   -0.489108259141427038E+01    1
    0.209451282024383545E+03   -0.144727772474288940E+01    0.473685383796691895E+01    0.431009706115722646E+00   -0.153942541774594105E+03   -0.489889509141427659E+01    1
    0.303534068167209625E+03    0.195546865463256836E+00    0.310391485691070557E+01    0.490120154356956494E+00   -0.152522793128431061E+03   -0.490670759141427038E+01    1
    0.192590647935867310E+03    0.883223235607147217E+00    0.423136413097381592E+01    0.189646981000900272E+00   -0.144423139683596190E+03   -0.491452009141427393E+01    1
    0.148310180008411407E+03   -0.809545159339904785E+00    0.456778466701507568E+01    0.527243895220756542E+00   -0.136718611540556083E+03   -0.492233259141426949E+01    1
    0.204064789414405823E+03   -0.635315299034118652E+00    0.463771581649780273E+01    0.271560095500946064E+00   -0.135813482989553250E+03   -0.493014509141426949E+01    1
    0.345929305255413055E+03    0.415662527084350586E-01    0.286090910434722900E+01    0.350438884234428427E+00   -0.134899813348787546E+03   -0.493795759141427482E+01    1
    0.249979366362094879E+03   -0.176583886146545410E+01    0.406800210475921631E+01    0.298941322803497334E+00   -0.128854498968029219E+03   -0.494577009141427482E+01    1
    0.346764612197875977E+03   -0.674247741699218750E-01    0.228216409683227539E+01    0.403450657367706300E+00   -0.121124945191794723E+03   -0.495358259141427215E+01    1
    0.318309070169925690E+03   -0.699851036071777344E+00    0.256301164627075195E+01    0.405038256239891092E+00   -0.119122552309051031E+03   -0.496139509141427393E+01    1
    0.251731278002262115E+03   -0.103341788053512573E+01    0.340747177600860596E+01    0.344586334204673772E+00   -0.118432043916142447E+03   -0.496920759141427215E+01    1
    0.149349576234817505E+03   -0.717883527278900146E+00    0.393261313438415527E+01    0.523907218408584563E+00   -0.117709678344824965E+03   -0.497702009141426860E+01    1
    0.251964160799980164E+03   -0.104772067070007324E+01    0.273590743541717529E+01    0.523895277214050270E+00   -0.117138009301368982E+03   -0.498483259141426771E+01    1
    0.334318505227565765E+03    0.862719893455505371E+00    0.144457638263702393E+01    0.344713081455230719E+00   -0.115449266587017107E+03   -0.499264509141426949E+01    1
    0.238495783507823944E+03   -0.992922782897949219E-01    0.399277389049530029E+01    0.686277849912643456E-01   -0.110305540265398974E+03   -0.500045759141427038E+01    1
    0.253354483842849731E+03   -0.132449084520339966E+01    0.347156286239624023E+01    0.259255786299705526E+00   -0.110191816669515120E+03   -0.500827009141427038E+01    1
    0.184703062474727631E+03   -0.123495727777481079E+01    0.438230812549591064E+01    0.177644101667404186E+00   -0.108245855260046241E+03   -0.501608259141426771E+01    1
    0.342678789794445038E+03   -0.101669269800186157E+01    0.284800767898559570E+01    0.105670325732231146E+00   -0.990948298182684653E+02   -0.502389509141427126E+01    1
    0.265540108084678650E+03    0.680938363075256348E+00    0.247224092483520508E+01    0.952996712207794250E-01   -0.964333961135957622E+02   -0.503170759141427926E+01    1
    0.160399150848388672E+03   -0.999983429908752441E+00    0.358663320541381836E+01    0.359955402159690852E+00   -0.949925329790661834E+02   -0.503952009141427748E+01    1
    0.165851947665214539E+03   -0.103532528877258301E+01    0.324502527713775635E+01    0.440808343291282656E+00   -0.949701303822784269E+02   -0.504733259141427748E+01    1
    0.187099951505661011E+03   -0.183267450332641602E+01    0.265960395336151123E+01    0.553575662112236078E+00   -0.938839224068085940E+02   -0.505514509141427215E+01    1
    0.231056328117847443E+03   -0.763472497463226318E+00    0.299042940139770508E+01    0.237119370460510265E+00   -0.921670534248814022E+02   -0.506295759141426593E+01    1
    0.184732258319854736E+03    0.292967379093170166E+00    0.379017651081085205E+01    0.387783127784728995E-01   -0.919222076703472766E+02   -0.507077009141427304E+01    1
    0.343731395900249481E+03    0.446379184722900391E+00    0.301253199577331543E+00    0.532640462207794263E+00   -0.871917576871683622E+02   -0.507858259141427304E+01    1
    0.309179635345935822E+03   -0.176100963354110718E+01    0.292992413043975830E+01    0.426650351285934454E-01   -0.856733152385442054E+02   -0.508639509141426860E+01    1
    0.184807440638542175E+03   -0.197531545162200928E+01    0.290153324604034424E+01    0.401756986570358299E+00   -0.853553666315617221E+02   -0.509420759141426771E+01    1
    0.340911227464675903E+03   -0.907011806964874268E+00    0.994227528572082520E+00    0.422139377403259297E+00   -0.808462141599531634E+02   -0.510202009141427126E+01    1
    0.318268233537673950E+03   -0.958755373954772949E+00    0.136471569538116455E+01    0.345152005648612981E+00   -0.790840318005994476E+02   -0.510983259141427748E+01    1
    0.236415663361549377E+03   -0.112515854835510254E+01    0.196592688560485840E+01    0.385711978769302355E+00   -0.787902376770511808E+02   -0.511764509141427038E+01    1
    0.143928469717502594E+03    0.711362123489379883E+00    0.234721302986145020E+01    0.330757305049896255E+00   -0.785920875667793410E+02   -0.512545759141426505E+01    1
    0.287512549757957458E+03   -0.848244607448577881E+00    0.198097407817840576E+01    0.223888185739517215E+00   -0.778498089193939506E+02   -0.513327009141426593E+01    1
    0.193659977614879608E+03   -0.161502933502197266E+01    0.186616837978363037E+01    0.539040908360481241E+00   -0.750638148514717471E+02   -0.514108259141427038E+01    1
    0.152071388065814972E+03   -0.102014309167861938E+01    0.322724759578704834E+01    0.254545872116088867E+00   -0.736582964187301457E+02   -0.514889509141427304E+01    1
    0.283100356161594391E+03    0.145952641963958740E+00    0.222978770732879639E+01    0.952688970565795934E-02   -0.727196439510293970E+02   -0.515670759141427038E+01    1
    0.266808444261550903E+03   -0.149443703889846802E+01    0.235779881477355957E+01    0.130005763721466078E+00   -0.719444877129228928E+02   -0.516452009141426771E+01    1
    0.148508542776107788E+03   -0.992337524890899658E+00    0.287431478500366211E+01    0.321878344559669516E+00   -0.696664569473018815E+02   -0.517233259141426593E+01    1
    0.158513034880161285E+03   -0.181857573986053467E+01    0.382261931896209717E+01    0.450410940170288127E-01   -0.694472112786639997E+02   -0.518014509141426593E+01    1
    0.248601046204566956E+03   -0.151083928346633911E+01    0.115839838981628418E+01    0.482648412466049226E+00   -0.686236229173665180E+02   -0.518795759141426949E+01    1
    0.315358452498912811E+03    0.505239009857177734E+00    0.903194546699523926E+00    0.163855809044837958E+00   -0.678868368985736623E+02   -0.519577009141427038E+01    1
    0.269510903954505920E+03    0.354690551757812500E+00    0.164973139762878418E+00    0.528911909508705147E+00   -0.677116579458421768E+02   -0.520358259141426593E+01    1
    0.166453902423381805E+03   -0.169883406162261963E+01    0.334341824054718018E+01    0.117413808202743539E+00   -0.670779468147464826E+02   -0.521139509141426771E+01    1
    0.286192286014556885E+03   -0.187844532728195190E+01    0.181463479995727539E+01    0.190799067449569704E+00   -0.662648422671337300E+02   -0.521920759141426860E+01    1
    0.127998991310596466E+03   -0.190142560005187988E+01    0.426002204418182373E+01    0.251008003234863275E-01   -0.661784201907426564E+02   -0.522702009141426593E+01    1
    0.172530460357666016E+03    0.389511704444885254E+00    0.141462981700897217E+01    0.456354277396202102E+00   -0.661307422924576827E+02   -0.523483259141426860E+01    1
    0.170454779267311096E+03    0.851292788982391357E+00    0.932247042655944824E+00    0.383657752132415764E+00   -0.649724472495909424E+02   -0.524264509141427393E+01    1
    0.236436718702316284E+03   -0.778353214263916016E+00    0.966634750366210938E+00    0.400144822955131541E+00   -0.591955224537618889E+02   -0.525045759141427482E+01    1
    0.173096768558025360E+03    0.467616915702819824E+00    0.553585290908813477E+00    0.531750433802604672E+00   -0.560322820051566666E+02   -0.525827009141427659E+01    1
    0.289794211089611053E+03   -0.373421370983123779E+00    0.249379873275756836E-01    0.451785132837295544E+00   -0.554633505339294999E+02   -0.526608259141428015E+01    1
    0.191089831292629242E+03    0.990242838859558105E+00    0.189995765686035156E+00    0.305591612863540640E+00   -0.553686068138568999E+02   -0.527389509141427659E+01    1
    0.234635816514492035E+03   -0.142505043745040894E+01    0.976019501686096191E+00    0.370047690367698690E+00   -0.540631692003950732E+02   -0.528170759141427126E+01    1
    0.185387052595615387E+03   -0.667017757892608643E+00    0.155088841915130615E+01    0.228080909729003911E+00   -0.485259626751374142E+02   -0.528952009141427393E+01    1
    0.210625325143337250E+03    0.571359932422637939E+00   -0.564771890640258789E-01    0.404128473687171974E+00   -0.478826399237079841E+02   -0.529733259141427126E+01    1
    0.180353739857673645E+03    0.224246144294738770E+00    0.127238929271697998E+01    0.192019150471687328E+00   -0.461424888094855419E+02   -0.530514509141426416E+01    1
    0.276826642453670502E+03    0.277164340019226074E+00    0.872455835342407227E+00    0.392592358589172359E-02   -0.453210935628181915E+02   -0.531295759141427038E+01    1
    0.210600206255912781E+03   -0.449279785156250000E+00    0.673264861106872559E+00    0.333824588513374321E+00   -0.450057902575682931E+02   -0.532077009141427038E+01    1
    0.258921864628791809E+03    0.897809088230133057E+00   -0.919882059097290039E+00    0.283207980179786711E+00   -0.443061141578741413E+02   -0.532858259141426416E+01    1
    0.275355061888694763E+03   -0.852156162261962891E+00    0.105935692787170410E+01    0.512381304502487200E-01   -0.441820601897521286E+02   -0.533639509141427304E+01    1
    0.156332921981811523E+03    0.772443711757659912E+00    0.843881368637084961E+00    0.148239319539070130E+00   -0.423029664017394254E+02   -0.534420759141427837E+01    1
    0.196176399290561676E+03   -0.570239365100860596E+00    0.810378789901733398E+00    0.302532347059249862E+00   -0.420111792844746219E+02   -0.535202009141427126E+01    1
    0.285269324481487274E+03    0.583582222461700439E+00   -0.288847684860229492E+00    0.114047994875907902E+00   -0.394411555993045653E+02   -0.535983259141427126E+01    1
    0.175336198508739471E+03   -0.288242638111114502E+00    0.556029081344604492E+00    0.356153018760681173E+00   -0.381081647237271213E+02   -0.536764509141427837E+01    1
    0.311007480323314667E+03   -0.697330832481384277E+00   -0.520704984664916992E+00    0.299550289607048048E+00   -0.379580273926784599E+02   -0.537545759141427215E+01    1
    0.185573922097682953E+03   -0.788888752460479736E+00    0.137714207172393799E+01    0.978564856767654423E-01   -0.372936214070868459E+02   -0.538327009141427126E+01    1
    0.262989836931228638E+03    0.254334986209869385E+00   -0.147442877292633057E+01    0.567428607773780791E+00   -0.369679490572813307E+02   -0.539108259141427482E+01    1
    0.246005915105342865E+03    0.848750948905944824E+00   -0.135262012481689453E+01    0.318495438265800512E+00   -0.361825667332728926E+02   -0.539889509141427748E+01    1
    0.308788743615150452E+03   -0.128495150804519653E+01   -0.118309199810028076E+01    0.485956771588325509E+00   -0.355829732129907654E+02   -0.540670759141427926E+01    1
    0.215721750259399414E+03   -0.133694005012512207E+01   -0.268982052803039551E+00    0.477573438906669645E+00   -0.351719589160076822E+02   -0.541452009141427926E+01    1
    0.214315655827522278E+03   -0.142280828952789307E+01    0.178599357604980469E-01    0.401768654823303262E+00   -0.350152013898644583E+02   -0.542233259141428015E+01    1
    0.307066081464290619E+03   -0.127036654949188232E+01   -0.433887839317321777E+00    0.259457319545745857E+00   -0.345347585951682206E+02   -0.543014509141427837E+01    1
    0.151915471255779266E+03   -0.119657182693481445E+01    0.727231502532958984E+00    0.363701661944389354E+00   -0.323467821117598930E+02   -0.543795759141427748E+01    1
    0.188975660502910614E+03   -0.137733966112136841E+01    0.782680511474609375E-01    0.370177235269546545E+00   -0.303222313978789551E+02   -0.544577009141427748E+01    1
    0.224378177523612976E+03    0.403063833713531494E+00   -0.423200726509094238E+00    0.201088828897476202E+00   -0.291690007079396914E+02   -0.545358259141427038E+01    1
    0.260606077313423157E+03   -0.141762071847915649E+01   -0.303713083267211914E+00    0.232644117808341988E+00   -0.287273603771316992E+02   -0.546139509141426327E+01    1
    0.256229020655155182E+03   -0.197365391254425049E+01    0.457521080970764160E+00    0.374951802492141731E-01   -0.276753950932335542E+02   -0.546920759141426149E+01    1
    0.337038560211658478E+03    0.829187631607055664E+00   -0.205607175827026367E+01    0.127138546442985528E+00   -0.276341191323173874E+02   -0.547702009141426238E+01    1
    0.177990311384201050E+03   -0.538053929805755615E+00   -0.630041956901550293E+00    0.490287842845916755E+00   -0.272029332520897604E+02   -0.548483259141427393E+01    1
    0.257035480439662933E+03    0.167410671710968018E+00   -0.761472582817077637E+00    0.202616073560714732E+00   -0.271807752854293128E+02   -0.549264509141427659E+01    1
    0.286289717257022858E+03    0.116709947586059570E+00   -0.962302088737487793E+00    0.179306725358963026E+00   -0.263274759084055816E+02   -0.550045759141427482E+01    1
    0.304175665974617004E+03   -0.197950309514999390E+01   -0.182146191596984863E+01    0.517282721328735318E+00   -0.255556549754863589E+02   -0.550827009141427482E+01    1
    0.172736386954784393E+03   -0.418756783008575439E+00   -0.416243076324462891E+00    0.405239243602752708E+00   -0.253647009523423463E+02   -0.551608259141426771E+01    1
    0.329909785091876984E+03    0.739494740962982178E+00   -0.240239441394805908E+01    0.231324922871589678E+00   -0.252266602503972983E+02   -0.552389509141426327E+01    1
    0.219282127916812897E+03    0.471400797367095947E+00   -0.161737501621246338E+01    0.434368627667427065E+00   -0.250562076519213761E+02   -0.553170759141427304E+01    1
    0.242990589141845703E+03   -0.118091773986816406E+01   -0.124794423580169678E+01    0.456375566840171831E+00   -0.250186837616288855E+02   -0.553952009141427837E+01    1
    0.335811489820480347E+03   -0.192535877227783203E+00   -0.162279427051544189E+01    0.230437248587608334E+00   -0.233616225837727143E+02   -0.554733259141427215E+01    1
    0.140316942334175110E+03   -0.139251935482025146E+01    0.763732194900512695E-01    0.423767542219162019E+00   -0.232991386789632067E+02   -0.555514509141427126E+01    1
    0.177431634068489075E+03    0.591985940933227539E+00   -0.525854825973510742E+00    0.143722170352935802E+00   -0.232359935866166936E+02   -0.556295759141427038E+01    1
    0.340295673906803131E+03    0.928085505962371826E+00   -0.300949871540069580E+01    0.209886213970184338E+00   -0.231512747998648969E+02   -0.557077009141426682E+01    1
    0.274277886748313904E+03   -0.150019913911819458E+01   -0.109274148941040039E+01    0.301105135488510145E+00   -0.231281796765796450E+02   -0.557858259141426949E+01    1
    0.237555213272571564E+03   -0.125937342643737793E+01    0.153553485870361328E-01    0.291232087612152100E-01   -0.214642525130433768E+02   -0.558639509141427038E+01    1
    0.254507552087306976E+03   -0.154448956251144409E+01   -0.569626092910766602E+00    0.140085906028747570E+00   -0.203166644997314556E+02   -0.559420759141427038E+01    1
    0.317743687331676483E+03   -0.169203162193298340E+00   -0.177663505077362061E+01    0.231101997828483591E+00   -0.202144128738448039E+02   -0.560202009141427748E+01    1
    0.348419991135597229E+03    0.663328588008880615E+00   -0.303868234157562256E+01    0.286946085834503206E+00   -0.201427244013259745E+02   -0.560983259141427482E+01    1
    0.191736015677452087E+03   -0.165865725278854370E+01   -0.396039485931396484E+00    0.269124978876113918E+00   -0.195926771521973855E+02   -0.561764509141427304E+01    1
    0.133461149036884308E+03   -0.953080356121063232E+00   -0.303468704223632812E+00    0.440627007722854624E+00   -0.194127459680026853E+02   -0.562545759141427126E+01    1
    0.235523614287376404E+03   -0.114728552103042603E+01   -0.576993227005004883E+00    0.141386029171943678E+00   -0.193155778367627953E+02   -0.563327009141427126E+01    1
    0.247706167399883270E+03    0.199441432952880859E+00   -0.256538927555084229E+01    0.508265618276596109E+00   -0.180281622264191448E+02   -0.564108259141427304E+01    1
    0.309259162843227386E+03    0.812873899936676025E+00   -0.366017758846282959E+01    0.342153025817871104E+00   -0.173441995243076335E+02   -0.564889509141427038E+01    1
    0.226050508022308350E+03   -0.191951370239257812E+01   -0.448948144912719727E+00    0.124952045488357547E+00   -0.173159190146923763E+02   -0.565670759141426860E+01    1
    0.339138488471508026E+03   -0.174103826284408569E+01   -0.168740034103393555E+01    0.187971324348449709E+00   -0.171419471356125754E+02   -0.566452009141426682E+01    1
    0.138272508978843689E+03   -0.130486565828323364E+01   -0.115305185317993164E-01    0.273318453454971300E+00   -0.166286420402486073E+02   -0.567233259141426682E+01    1
    0.222613324224948883E+03   -0.136207771301269531E+01   -0.192075192928314209E+01    0.504162657952308635E+00   -0.165603064124869093E+02   -0.568014509141426771E+01    1
    0.167109581828117371E+03   -0.536066591739654541E+00   -0.476619005203247070E+00    0.216967239975929260E+00   -0.162956521734056494E+02   -0.568795759141426771E+01    1
    0.242647950351238251E+03   -0.133469557762145996E+01   -0.198615610599517822E+01    0.449184340667724613E+00   -0.162279461115530061E+02   -0.569577009141426771E+01    1
    0.136777392029762268E+03   -0.205115795135498047E+00   -0.474276661872863770E+01    0.224444747757911678E+00   -0.160480672120352779E+02   -0.570358259141427038E+01    1
    0.255883136391639709E+03   -0.427946746349334717E+00   -0.178526401519775391E+01    0.281522190570831332E+00   -0.159133698876110241E+02   -0.571139509141427126E+01    1
    0.145892289280891418E+03    0.835478305816650391E-03   -0.474688410758972168E+00    0.234729800963401791E+00   -0.157952910646699980E+02   -0.571920759141427038E+01    1
    0.149791309237480164E+03    0.726521253585815430E+00   -0.495513737201690674E+01    0.184153792691230778E+00   -0.157854398171374815E+02   -0.572702009141427482E+01    1
    0.132383893430233002E+03    0.692331850528717041E+00   -0.509061813354492188E+00    0.439254452705383283E-01   -0.157599067021942929E+02   -0.573483259141427482E+01    1
    0.191955004632472992E+03   -0.723237395286560059E+00   -0.477451205253601074E+01    0.439664206266403221E-01   -0.157027086604336681E+02   -0.574264509141427038E+01    1
    0.130095352232456207E+03    0.732440352439880371E+00   -0.152410924434661865E+01    0.320996402049064655E+00   -0.156719119321265428E+02   -0.575045759141426860E+01    1
    0.223200942575931549E+03   -0.627201616764068604E+00   -0.475124120712280273E+00    0.603736560344696107E-02   -0.155443671947817048E+02   -0.575827009141427304E+01    1
    0.317254774272441864E+03   -0.166233491897583008E+01   -0.305144786834716797E+01    0.559729642009735073E+00   -0.154943340015198654E+02   -0.576608259141427304E+01    1
    0.224764415621757507E+03   -0.122614729404449463E+01   -0.114922642707824707E+01    0.225819861602783223E+00   -0.152295394248339573E+02   -0.577389509141427215E+01    1
    0.139306795597076416E+03    0.636200726032257080E+00   -0.465127229690551758E+00    0.869967198371887195E-03   -0.148676575158297144E+02   -0.578170759141427126E+01    1
    0.330265499651432037E+03   -0.194584155082702637E+01   -0.207193255424499512E+01    0.251065866851806652E+00   -0.147575422418012661E+02   -0.578952009141427215E+01    1
    0.338725401461124420E+03    0.752361834049224854E+00   -0.450423598289489746E+01    0.460990838527679470E+00   -0.147311923323203846E+02   -0.579733259141427038E+01    1
    0.278525365889072418E+03    0.288196980953216553E+00   -0.332953631877899170E+01    0.514785305786132796E+00   -0.146175431395701292E+02   -0.580514509141426771E+01    1
    0.193763819336891174E+03   -0.177407431602478027E+01   -0.827165246009826660E+00    0.240370548319816607E+00   -0.144047092962081429E+02   -0.581295759141427393E+01    1
    0.136641336977481842E+03   -0.141770511865615845E+01   -0.449564039707183838E+01    0.270639770579338079E+00   -0.143472184550752200E+02   -0.582077009141427482E+01    1
    0.141972951591014862E+03   -0.168415594100952148E+01   -0.505436062812805176E+00    0.346529030084610001E+00   -0.142391813773731073E+02   -0.582858259141427570E+01    1
    0.133816246688365936E+03   -0.944782495498657227E+00   -0.383684039115905762E+00    0.302531528234481817E+00   -0.142336592911154654E+02   -0.583639509141427126E+01    1
    0.220696362853050232E+03    0.948727607727050781E+00   -0.449605584144592285E+01    0.547711239123344407E+00   -0.141566266451108618E+02   -0.584420759141426860E+01    1
    0.133706852793693542E+03    0.815336346626281738E+00   -0.383716881275177002E+01    0.332093490600585961E-01   -0.139578719752852365E+02   -0.585202009141427393E+01    1
    0.239240780472755432E+03    0.777775228023529053E+00   -0.401049196720123291E+01    0.496149468183517461E+00   -0.137664192146384377E+02   -0.585983259141427748E+01    1
    0.187943010032176971E+03   -0.443136453628540039E+00   -0.180124521255493164E+01    0.409452779388427723E+00   -0.134057256288507194E+02   -0.586764509141427215E+01    1
    0.349412073194980621E+03   -0.138405734300613403E+01   -0.183482050895690918E+01    0.759610772609710660E-01   -0.133742545923926563E+02   -0.587545759141427215E+01    1
    0.185841593146324158E+03   -0.188394117355346680E+01   -0.107997536659240723E+01    0.291051912045478811E+00   -0.130322288563115372E+02   -0.588327009141427304E+01    1
    0.275330613553524017E+03    0.840737044811248779E+00   -0.459367632865905762E+01    0.459830325007438701E+00   -0.130207211376611820E+02   -0.589108259141427215E+01    1
    0.193550288677215576E+03    0.986185014247894287E+00   -0.441762864589691162E+01    0.123734111881256104E+00   -0.129804917252477221E+02   -0.589889509141427570E+01    1
    0.161877182126045227E+03   -0.170956397056579590E+01   -0.760673880577087402E+00    0.287232538032531737E+00   -0.129612155278301078E+02   -0.590670759141427304E+01    1
    0.210843053460121155E+03   -0.114203929901123047E+00   -0.196011543273925781E+01    0.339265133213996872E+00   -0.129560304494260610E+02   -0.591452009141427748E+01    1
    0.309178227186203003E+03   -0.112767124176025391E+01   -0.340805709362030029E+01    0.554605811905860890E+00   -0.128416880770824928E+02   -0.592233259141427659E+01    1
    0.152717424929141998E+03   -0.171999830007553101E+01   -0.107049942016601562E-02    0.985446737766265957E-01   -0.127787297556892447E+02   -0.593014509141427659E+01    1
    0.202552962303161621E+03   -0.156185668706893921E+01   -0.163573324680328369E+01    0.370896265769004807E+00   -0.126577969657779263E+02   -0.593795759141427748E+01    1
    0.155503877997398376E+03    0.360984086990356445E+00   -0.182013809680938721E+01    0.394795133686065669E+00   -0.126373853760933592E+02   -0.594577009141426949E+01    1
    0.304064595699310303E+03   -0.513125658035278320E+00   -0.188696444034576416E+01    0.828249441146850646E-01   -0.125305137849881305E+02   -0.595358259141426593E+01    1
    0.297391688823699951E+03   -0.172735774517059326E+01   -0.166859149932861328E+01    0.118714067816734312E+00   -0.124320015125901122E+02   -0.596139509141426860E+01    1
    0.221397358179092407E+03   -0.190446794033050537E+01   -0.118336141109466553E+01    0.186201809906959531E+00   -0.122959107233072675E+02   -0.596920759141426593E+01    1
    0.153051480650901794E+03    0.912798523902893066E+00   -0.318336009979248047E+01    0.306533363699913020E+00   -0.122537637334114340E+02   -0.597702009141426682E+01    1
    0.340840604901313782E+03    0.575102686882019043E+00   -0.406253755092620850E+01    0.353187133097648653E+00   -0.121964929077189446E+02   -0.598483259141427570E+01    1
    0.306257489323616028E+03    0.129699707031250000E+00   -0.273724496364593506E+01    0.215957219624519359E+00   -0.120326410604786549E+02   -0.599264509141427126E+01    1
    0.291720184683799744E+03   -0.520494937896728516E+00   -0.280161440372467041E+01    0.350594904470443725E+00   -0.118699463480157821E+02   -0.600045759141427215E+01    1
    0.284087918698787689E+03   -0.686721622943878174E+00   -0.209200084209442139E+01    0.170061101961135858E+00   -0.116375220294005786E+02   -0.600827009141427126E+01    1
    0.169931936264038086E+03    0.129081726074218750E+00   -0.246889650821685791E+01    0.531801439762115469E+00   -0.116112942290895482E+02   -0.601608259141427038E+01    1
    0.244500270485877991E+03   -0.187748348712921143E+01   -0.183471679687500000E+01    0.275311336469650281E+00   -0.116066068908563125E+02   -0.602389509141427926E+01    1
    0.128886601328849792E+03    0.861599445343017578E+00   -0.399823367595672607E+01    0.342099802207946779E+00   -0.112928617185358462E+02   -0.603170759141427570E+01    1
    0.137984640896320343E+03   -0.155814075469970703E+01   -0.621123909950256348E+00    0.275294823503494268E+00   -0.111424549918305082E+02   -0.603952009141427215E+01    1
    0.201245224475860596E+03    0.578020572662353516E+00   -0.236289978027343750E+01    0.173455676507949824E+00   -0.111270959404781529E+02   -0.604733259141427837E+01    1
    0.198420523107051849E+03   -0.793279170989990234E+00   -0.161855340003967285E+01    0.265784446763992321E+00   -0.111028990854026368E+02   -0.605514509141427748E+01    1
    0.215932504832744598E+03   -0.100384777784347534E+01   -0.186342120170593262E+01    0.294348807621002184E+00   -0.111008635047776441E+02   -0.606295759141427126E+01    1
    0.137322403490543365E+03    0.128830492496490479E+00   -0.122909545898437500E+01    0.290254206132888826E+00   -0.110644848518011720E+02   -0.607077009141427482E+01    1
    0.242386488616466522E+03   -0.989528894424438477E+00   -0.484232664108276367E+01    0.883911784172058124E-01   -0.110387902831014486E+02   -0.607858259141427482E+01    1
    0.253724843263626099E+03   -0.876918315887451172E+00   -0.256363749504089355E+01    0.359856017303466835E+00   -0.108058982901557581E+02   -0.608639509141426860E+01    1
    0.185730294883251190E+03   -0.131601202487945557E+01   -0.224932372570037842E+01    0.494627921175956720E+00   -0.105167045920227107E+02   -0.609420759141427393E+01    1
    0.157138354715637632E+03    0.831485415778124626E+00   -0.455082204724797634E+01    0.506752883910427721E+00   -0.104522483275711835E+02   -0.610202009141427393E+01    1
    0.224864582717418671E+03    0.823709845542907715E+00   -0.409127712249755859E+01    0.183305114936828606E+00   -0.103946990452426888E+02   -0.610983259141426860E+01    1
    0.342930461466312408E+03    0.411484181880950928E+00   -0.434832990169525146E+01    0.453323875164985679E+00   -0.103274432318970000E+02   -0.611764509141427482E+01    1
    0.322126797002306205E+03   -0.169708639919919091E+01   -0.328397763756266992E+01    0.421216849106091751E+00   -0.100705135603491840E+02   -0.612545759141427215E+01    1
    0.333085139782365218E+03   -0.691865119086116698E+00   -0.216319088007100024E+01    0.922064887299425644E-02   -0.994700215518482622E+01   -0.613327009141427215E+01    1
    0.274512647092342377E+03    0.628530323505401611E+00   -0.393319606781005859E+01    0.266973550915718061E+00   -0.979368212186698806E+01   -0.614108259141427126E+01    1
    0.307336069667316224E+03   -0.276079476412224967E+00   -0.217014863572476546E+01    0.178418810715996849E-01   -0.977209494879780571E+01   -0.614889509141426327E+01    1
    0.289259231090545654E+03   -0.411978662014007568E+00   -0.288606286048889160E+01    0.275710138249397274E+00   -0.968032555931914551E+01   -0.615670759141427038E+01    1
    0.266134784342957460E+03    0.481946347507769435E+00   -0.433284741524933814E+01    0.528758239814045572E+00   -0.964237641632758091E+01   -0.616452009141426771E+01    1
    0.170242944738329300E+03   -0.766984335411827756E+00   -0.253062904130013022E+01    0.564835002621542515E+00   -0.964110239615503950E+01   -0.617233259141426593E+01    1
    0.183036740124225616E+03   -0.177219533920288086E+01   -0.432837665081024170E+01    0.221299095940589913E+00   -0.953209741206793204E+01   -0.618014509141427659E+01    1
    0.127294160425662994E+03   -0.654143154621124268E+00   -0.470398366451263428E+01    0.547476884651184048E+00   -0.945767016833702634E+01   -0.618795759141427215E+01    1
    0.335138295590877533E+03    0.441492915153503418E+00   -0.458088040351867676E+01    0.458112737703323392E+00   -0.944579087254951943E+01   -0.619577009141426949E+01    1
    0.166052255034446716E+03   -0.567778348922729492E-01   -0.351981580257415771E+01    0.938018360137939447E-02   -0.913245927890634057E+01   -0.620358259141426771E+01    1
    0.321604137122631073E+03   -0.138009786605834961E-01   -0.428684115409851074E+01    0.516452774190902741E+00   -0.910085362022715039E+01   -0.621139509141426327E+01    1
    0.180991707625798142E+03    0.616117852350415607E+00   -0.377196444221734550E+01    0.747642788510490958E-01   -0.908339623490347492E+01   -0.621920759141426949E+01    1
    0.334929338097572327E+03   -0.104040521383285522E+01   -0.392245233058929443E+01    0.479496141815185573E+00   -0.903679894493354041E+01   -0.622702009141427304E+01    1
    0.167148111760616302E+03   -0.168459975719451904E+01   -0.885421633720397949E+00    0.133824557733535771E+00   -0.902910479027857882E+01   -0.623483259141427393E+01    1
    0.166688635945320129E+03    0.351289868354797363E+00   -0.215037465095520020E+01    0.264398074078559864E+00   -0.898662763364876582E+01   -0.624264509141427482E+01    1
    0.190078088641166687E+03   -0.185428023338317871E+01   -0.395629405975341797E+01    0.126948340272903443E+00   -0.897165065283585506E+01   -0.625045759141427126E+01    1
    0.201724400850852277E+03    0.299602232753892750E-02   -0.407802951413079739E+01    0.509223953919555189E-01   -0.893390496302343706E+01   -0.625827009141426860E+01    1
    0.172153596580028534E+03   -0.155356955528259277E+01   -0.435067772865295410E+01    0.301451361894607528E+00   -0.891471737046352075E+01   -0.626608259141427304E+01    1
    0.321264851093292236E+03    0.466291546821594238E+00   -0.314436376094818115E+01    0.296225895166397114E-01   -0.889662174086373447E+01   -0.627389509141427126E+01    1
    0.146450113817268715E+03   -0.470662021380813700E+00   -0.324619730395276473E+01    0.538080802952704551E-01   -0.872455505252437646E+01   -0.628170759141427304E+01    1
    0.311580252647399902E+03   -0.153060555458068848E-01   -0.399480164051055908E+01    0.429928140950202931E+00   -0.869595315086746901E+01   -0.628952009141427304E+01    1
    0.127392289042472839E+03    0.623948037624359131E+00   -0.267389774322509766E+01    0.757583840131759723E-01   -0.862164038795301835E+01   -0.629733259141426682E+01    1
    0.182083469629287720E+03    0.357845187187194824E+00   -0.315821349620819092E+01    0.456177445363998402E+00   -0.859871352461429872E+01   -0.630514509141426771E+01    1
    0.230870405639143200E+03    0.854812317192199522E-01   -0.372428951808456077E+01    0.527430003128242952E+00   -0.847915857654561655E+01   -0.631295759141427393E+01    1
    0.202226296067237854E+03    0.215430438518524170E+00   -0.421443104743957520E+01    0.113298463153839110E+00   -0.846407997767002129E+01   -0.632077009141427393E+01    1
    0.150164072249406559E+03   -0.133395561398952722E+01   -0.349294805060538893E+01    0.162143681080592655E+00   -0.842271249155668045E+01   -0.632858259141427215E+01    1
    0.131347606108043436E+03    0.602239972886756902E+00   -0.421702163941139752E+01    0.529529000468857425E+00   -0.835315927224591803E+01   -0.633639509141427126E+01    1
    0.203230382315598490E+03    0.600278683005129210E+00   -0.489961374002244643E+01    0.436958711976468961E+00   -0.830962519657525256E+01   -0.634420759141426949E+01    1
    0.224133667349815369E+03   -0.152193039655685425E+01   -0.229041516780853271E+01    0.289596348667144787E+00   -0.827550617844251590E+01   -0.635202009141426949E+01    1
    0.172132501006126404E+03   -0.142296546697616577E+01   -0.377731144428253174E+01    0.166311259818077095E+00   -0.825154503139166451E+01   -0.635983259141426771E+01    1
    0.151110163705998957E+03   -0.652819192558210304E+00   -0.447725966162863909E+01    0.430516583057199531E+00   -0.820765416802199965E+01   -0.636764509141426682E+01    1
    0.296524786723585066E+03    0.195814195915986033E+00   -0.480145062491134045E+01    0.449192677278591607E-01   -0.813301843100350297E+01   -0.637545759141426593E+01    1
    0.282609806954860687E+03    0.441906332969665527E+00   -0.304324924945831299E+01    0.312344801902771016E-01   -0.794198696002139393E+01   -0.638327009141426771E+01    1
    0.250338219106197357E+03   -0.175440514087677002E+01   -0.410760939121246338E+01    0.433717491388320928E-01   -0.792869954688510070E+01   -0.639108259141427304E+01    1
    0.196690769142646616E+03   -0.114262175519061882E+01   -0.154988932385837153E+01    0.118462040410206262E+00   -0.792536201042360844E+01   -0.639889509141427215E+01    1
    0.329701055586338043E+03   -0.109415256977081299E+01   -0.245995640754699707E+01    0.245224029779434229E-01   -0.792201925229372428E+01   -0.640670759141427126E+01    1
    0.256262145936489105E+03   -0.177906054258346558E+01   -0.314915478229522705E+01    0.434829898953437821E+00   -0.788847343570778126E+01   -0.641452009141427126E+01    1
    0.257860554754734039E+03   -0.152097427845001221E+01   -0.450319945812225342E+01    0.130083688545227061E+00   -0.786636695534928965E+01   -0.642233259141426949E+01    1
    0.251659366842675183E+03    0.560302206120244506E+00   -0.463192349508255674E+01    0.294914822147256339E+00   -0.778294397426039986E+01   -0.643014509141427215E+01    1
    0.215450592339038849E+03   -0.187191736698150635E+01   -0.413024246692657471E+01    0.165004893136024483E+00   -0.777952155256178735E+01   -0.643795759141427748E+01    1
    0.252018448710441589E+03    0.364786386489868164E-02   -0.406003057956695557E+01    0.529146843981742832E+00   -0.766242707534303324E+01   -0.644577009141427570E+01    1
    0.316135451986817998E+03    0.363788443393222138E+00   -0.460412370172224961E+01    0.416841203544953243E+00   -0.764026681376686501E+01   -0.645358259141426771E+01    1
    0.145095539093017578E+03    0.177076995372772217E+00   -0.307621479034423828E+01    0.687561016559600918E-01   -0.759237073192633449E+01   -0.646139509141426860E+01    1
    0.279920844172639931E+03   -0.309680264565441288E+00   -0.474553052756079286E+01    0.118602082867887176E+00   -0.751166158975830989E+01   -0.646920759141426949E+01    1
    0.333360047505033663E+03    0.204332678456659256E+00   -0.481531865548363136E+01    0.477643928386914440E+00   -0.751025703098953823E+01   -0.647702009141426327E+01    1
    0.183732418222836543E+03   -0.512794018686517639E+00   -0.342286765977793195E+01    0.239975677588446686E-01   -0.747691829116528694E+01   -0.648483259141426416E+01    1
    0.298228216171264648E+03    0.502649962902069092E+00   -0.402969419956207275E+01    0.120343017339706426E+00   -0.744927674569232678E+01   -0.649264509141426593E+01    1
    0.233295773996976692E+03   -0.924877571143363220E-01   -0.386265789708327612E+01    0.529660815075601143E+00   -0.740561443034783551E+01   -0.650045759141426771E+01    1
    0.242020997405052185E+03    0.181063294410705566E+00   -0.335590600967407227E+01    0.280300231075286899E+00   -0.735117651088093282E+01   -0.650827009141426682E+01    1
    0.194484127272254540E+03   -0.719024090705234098E+00   -0.160102203024345613E+01    0.659144306259873830E-01   -0.734025192496657386E+01   -0.651608259141426682E+01    1
    0.277526631951332092E+03   -0.182043290138244629E+01   -0.462196946144104004E+01    0.157400706338882451E+00   -0.733101450593967829E+01   -0.652389509141426860E+01    1
    0.210529677900699255E+03    0.413740788141233384E+00   -0.371327915374248452E+01    0.374836414029377285E+00   -0.720554968133986318E+01   -0.653170759141427215E+01    1
    0.141854249729701763E+03   -0.767691622744419044E+00   -0.316497483956851244E+01    0.163366691078859566E+00   -0.719506933836243601E+01   -0.653952009141427570E+01    1
    0.209587511420249939E+03   -0.583336949348449707E-01   -0.235492467880249023E+01    0.142331874132156366E+00   -0.711786025130242184E+01   -0.654733259141427926E+01    1
    0.180468954145908356E+03    0.490760803222656250E-01   -0.388320147991180420E+01    0.187134758377075189E+00   -0.708883664192568830E+01   -0.655514509141427837E+01    1
    0.134498620181740421E+03    0.400479456128881584E+00   -0.211438530587965756E+01    0.215184517907827055E+00   -0.708789443667259089E+01   -0.656295759141427215E+01    1
    0.235336905787287293E+03    0.463111910803517546E-01   -0.405936944662807164E+01    0.671624050448461629E-01   -0.708523262197267201E+01   -0.657077009141427215E+01    1
    0.195364964008331299E+03   -0.124327659606933594E+01   -0.407501041889190674E+01    0.240440319013595583E+00   -0.706052150023243108E+01   -0.657858259141427482E+01    1
    0.169677166640758514E+03   -0.165610986948013306E+01   -0.167072236537933350E+01    0.227618921971321109E+00   -0.701158722093391251E+01   -0.658639509141427038E+01    1
    0.322774854302406311E+03   -0.186920762062072754E+00   -0.301769673824310303E+01    0.477739899158477824E-01   -0.696555836948524210E+01   -0.659420759141426860E+01    1
    0.143866014480590820E+03    0.283885240554809570E+00   -0.303616583347320557E+01    0.133118491959571844E+00   -0.696370598447744449E+01   -0.660202009141426860E+01    1
    0.195900614559650421E+03    0.452427387237548828E+00   -0.462301254272460938E+01    0.481409632945060728E+00   -0.694705086413194817E+01   -0.660983259141427215E+01    1
    0.173101489245891571E+03   -0.154396545886993408E+01   -0.116417348384857178E+01    0.481771587610244773E-01   -0.690575170936003069E+01   -0.661764509141427659E+01    1
    0.201649205386638641E+03   -0.893678903579711914E+00   -0.368874251842498779E+01    0.109906720376014719E+00   -0.688139624895565305E+01   -0.662545759141427837E+01    1
    0.224754357337951660E+03   -0.183825796842575073E+01   -0.325003981590270996E+01    0.486457789993286149E+00   -0.678979588918633681E+01   -0.663327009141427837E+01    1
    0.182658475883692176E+03   -0.104395332146942366E+01   -0.385012019701718211E+01    0.224163871101832696E+00   -0.677420237813296389E+01   -0.664108259141427570E+01    1
    0.340144447211734530E+03   -0.118735327775974731E+01   -0.314020608228462184E+01    0.123154149222611212E+00   -0.675121281053039635E+01   -0.664889509141427126E+01    1
    0.129201612921523406E+03   -0.117326319090481945E+01   -0.108810426345557243E+01    0.182808671849974042E+00   -0.672796793485358613E+01   -0.665670759141426949E+01    1
    0.236538056294244399E+03   -0.162303283856293068E+01   -0.402415667709203273E+01    0.134901911163575999E+00   -0.668116726671503347E+01   -0.666452009141427482E+01    1
    0.271039655804634094E+03    0.370879828929901123E+00   -0.423071146011352539E+01    0.286913059902191181E+00   -0.667185553947841914E+01   -0.667233259141427837E+01    1
    0.317757111787796021E+03   -0.188358461856842041E+01   -0.347476422786712646E+01    0.300861944532394399E+00   -0.666361773698314863E+01   -0.668014509141427837E+01    1
    0.213370861113071442E+03    0.348511993885040283E+00   -0.321447193622589111E+01    0.174252870655059816E+00   -0.664863491245157689E+01   -0.668795759141427659E+01    1
    0.271384051442146301E+03    0.377805292606353760E+00   -0.431236684322357178E+01    0.149212390422821056E+00   -0.662201375340297638E+01   -0.669577009141427304E+01    1
    0.323820620775222778E+03   -0.151184421777725220E+01   -0.434633135795593262E+01    0.505408329248428378E+00   -0.661412608495408350E+01   -0.670358259141426682E+01    1
    0.128572161963632880E+03    0.378739580366295847E+00   -0.337516235877121495E+01    0.538681822584509695E+00   -0.661170223237448607E+01   -0.671139509141426149E+01    1
    0.190933007940720927E+03   -0.160967703878665058E+01   -0.469730050912147590E+01    0.480893745799292949E+00   -0.660466433191119329E+01   -0.671920759141426238E+01    1
    0.191254505515098572E+03   -0.295787155628204346E+00   -0.481784522533416748E+01    0.475945103502273592E+00   -0.659728659686499608E+01   -0.672702009141426149E+01    1
    0.174175925458954794E+03    0.168522969807129552E+00   -0.337665676472258980E+01    0.427557271278106721E+00   -0.658060026489189731E+01   -0.673483259141427038E+01    1
    0.286696775820046810E+03    0.362246597530567982E+00   -0.431250339850079811E+01    0.129623153684263775E+00   -0.655994365298695303E+01   -0.674264509141428192E+01    1
    0.254139156947941672E+03    0.254038483939686976E+00   -0.418266463660696530E+01    0.138811518216105795E+00   -0.654375586318800462E+01   -0.675045759141427837E+01    1
    0.163520477712154388E+03    0.351837217807769775E+00   -0.426153063774108887E+01    0.496765906763076803E+00   -0.653871448004547418E+01   -0.675827009141426771E+01    1
    0.225082764150800358E+03   -0.528911739010757387E+00   -0.497496555535102392E+01    0.422868097408994781E+00   -0.653289896528629921E+01   -0.676608259141426949E+01    1
    0.281864240780811201E+03   -0.175760666994886705E+01   -0.406247144718069642E+01    0.476276694314376262E-01   -0.652854638575976765E+01   -0.677389509141427126E+01    1
    0.148360350728034973E+03    0.259562969207763672E+00   -0.366691052913665771E+01    0.568897545289993256E+00   -0.649684832659538714E+01   -0.678170759141426238E+01    1
    0.263040026094580810E+03   -0.911178671038324728E+00   -0.364178439476161397E+01    0.390546253830318268E+00   -0.649516843851021264E+01   -0.678952009141426061E+01    1
    0.266302606463432312E+03   -0.163339066505432129E+01   -0.378051936626434326E+01    0.448971855640411394E-02   -0.647042522652545138E+01   -0.679733259141426327E+01    1
    0.175286643827748662E+03   -0.759786562857794223E+00   -0.269870405844488070E+01    0.376652892530025485E+00   -0.643715730290307953E+01   -0.680514509141427482E+01    1
    0.165889434268256139E+03   -0.160464896162629378E+01   -0.324942130341932600E+01    0.173101657329857578E+00   -0.643260146830228674E+01   -0.681295759141427570E+01    1
    0.228959881010706368E+03   -0.271435813248902980E+00   -0.487176282724620791E+01    0.384284830385378362E+00   -0.642843338299993938E+01   -0.682077009141426860E+01    1
    0.329690474271774292E+03   -0.157849246263504028E+01   -0.444755613803863525E+01    0.572208053827285776E-01   -0.639801460036640801E+01   -0.682858259141427482E+01    1
    0.214929631983320235E+03    0.178682295294526394E+00   -0.426504642056082783E+01    0.293636447062568195E+00   -0.637455204503068718E+01   -0.683639509141427926E+01    1
    0.294781228899955750E+03   -0.776798427104949951E+00   -0.272966206073760986E+01    0.353769829273223868E-01   -0.637241437923230603E+01   -0.684420759141426682E+01    1
    0.259889176487922668E+03    0.242750167846679688E+00   -0.310835540294647217E+01    0.237674124240875272E-02   -0.636117207030062914E+01   -0.685202009141426238E+01    1
    0.177379476393962761E+03    0.221194247969771496E+00   -0.291114561276397010E+01    0.376742449527487366E-01   -0.635893324590616338E+01   -0.685983259141427304E+01    1
    0.152042386243312563E+03    0.287858873911583046E+00   -0.335383681720236382E+01    0.391933651928035365E+00   -0.634378181227276716E+01   -0.686764509141426860E+01    1
    0.215969626605510712E+03   -0.876720190048217773E+00   -0.346203446388244629E+01    0.476907086133956937E-01   -0.632666930650653736E+01   -0.687545759141427038E+01    1
    0.208703377941142151E+03   -0.114355532066652277E+00   -0.267812272144499897E+01    0.173091019896840503E+00   -0.632268632909662021E+01   -0.688327009141427482E+01    1
    0.199159005016364006E+03   -0.171243246865279186E+01   -0.238919849113753724E+01    0.274517313158725740E+00   -0.630790530080004164E+01   -0.689108259141427215E+01    1
    0.346559277913283040E+03   -0.932093279751431414E-01   -0.346215419232374089E+01    0.526567609406232429E-01   -0.628913595611157472E+01   -0.689889509141426771E+01    1
    0.316646207869052887E+03   -0.547633171081542969E-01   -0.489956915378570557E+01    0.183913228797912609E+00   -0.628796744498186300E+01   -0.690670759141425794E+01    1
    0.294512605667114258E+03   -0.169725441932678223E+01   -0.453371405601501465E+01    0.174372794365882877E+00   -0.627149751467902750E+01   -0.691452009141426860E+01    1
    0.175574713945388794E+03   -0.525510489940643311E+00   -0.230151414871215820E+01    0.216313613104820252E+00   -0.625536082043682384E+01   -0.692233259141427748E+01    1
    0.212252644472807191E+03   -0.584248799629698112E+00   -0.441148803325728256E+01    0.333398638510572387E+00   -0.624810066370664252E+01   -0.693014509141427659E+01    1
    0.137314493116502092E+03   -0.640652605410948262E+00   -0.344374681598288124E+01    0.349937926379210340E+00   -0.623949827972155457E+01   -0.693795759141427570E+01    1
    0.198476503313241636E+03    0.253395197817249951E-01   -0.320705875894355064E+01    0.294861265513622239E+00   -0.620175957020029411E+01   -0.694577009141427482E+01    1
    0.142197412882778281E+03    0.137586141287544983E+00   -0.342480530722240317E+01    0.358205099383468395E+00   -0.619651449445575508E+01   -0.695358259141427304E+01    1
    0.225113501099720281E+03   -0.739154668738604137E-01   -0.290012628751597346E+01    0.156367425553520845E+00   -0.618569680971775426E+01   -0.696139509141427038E+01    1
    0.205359927716508594E+03   -0.133032823657138577E+01   -0.423048354692056705E+01    0.329415466012712210E+00   -0.618554940455384994E+01   -0.696920759141427393E+01    1
    0.210961084067821503E+03   -0.192743855714797974E+01   -0.194626629352569580E+01    0.109761310744285592E+00   -0.617290238445464556E+01   -0.697702009141427038E+01    1
    0.327308873832225800E+03   -0.195897936820983887E+00   -0.319956243038177490E+01    0.984223959445953457E-02   -0.616895172751655796E+01   -0.698483259141426505E+01    1
    0.252909652888774872E+03   -0.138342577219009399E+01   -0.484692573547363281E+01    0.366536160349845874E+00   -0.615613495385038245E+01   -0.699264509141427038E+01    1
    0.197935070097446442E+03   -0.829560160636901855E-01   -0.466736555099487305E+01    0.462301606392860442E+00   -0.614979080904136222E+01   -0.700045759141427126E+01    1
    0.183450526986339867E+03   -0.178879429821876190E+01   -0.289647951093673628E+01    0.453377245941850748E+00   -0.613890790247004769E+01   -0.700827009141426593E+01    1
    0.312197710573673248E+03   -0.122350817918777466E+01   -0.378302156925201416E+01    0.301596942114830013E+00   -0.612480167312647428E+01   -0.701608259141426682E+01    1
    0.270211441727295323E+03   -0.550530145331783460E+00   -0.271176779234653420E+01    0.318827264364252710E-01   -0.611077926895208012E+01   -0.702389509141426949E+01    1
    0.221627789490217253E+03   -0.487230303560651556E+00   -0.265169797275124042E+01    0.143816771178336494E+00   -0.609541901475849723E+01   -0.703170759141427393E+01    1
    0.130181773151828338E+03   -0.127473213920062611E+01   -0.277781473525484524E+01    0.223932069859718141E+00   -0.608661705546274145E+01   -0.703952009141427126E+01    1
    0.329733851003987411E+03   -0.166613269482438353E+01   -0.418848636741233626E+01    0.179593227347113298E-01   -0.607036171780542411E+01   -0.704733259141426593E+01    1
    0.290878693039479970E+03   -0.935510155564300172E+00   -0.399531975035176767E+01    0.383551158026766814E+00   -0.604585831806554186E+01   -0.705514509141426505E+01    1
    0.257986120830100049E+03   -0.268737597291905939E+00   -0.460371174900749747E+01    0.556002442451534629E+00   -0.601791801783045965E+01   -0.706295759141427038E+01    1
    0.331622846371697392E+03   -0.680683207001324675E+00   -0.466820368294790544E+01    0.447344022187245727E+00   -0.600502466972689319E+01   -0.707077009141427748E+01    1
    0.260354381192796268E+03   -0.151926526742659007E+01   -0.392833056419211246E+01    0.479618445913383984E+00   -0.597974986603241199E+01   -0.707858259141427659E+01    1
    0.270144455134868622E+03   -0.745544433593750000E-01   -0.472800970077514648E+01    0.286724320793151854E+00   -0.597618587906316812E+01   -0.708639509141427038E+01    1
    0.158154953705100525E+03    0.610982861573861058E-01   -0.309256321253576694E+01    0.222595235473829228E+00   -0.597391709601607523E+01   -0.709420759141427215E+01    1
    0.317829625308513641E+03   -0.157334208488464355E-01   -0.374810934066772461E+01    0.103311359810829173E+00   -0.597070014993086584E+01   -0.710202009141427038E+01    1
    0.295982201397418976E+03   -0.102343595027923584E+01   -0.374363780021667480E+01    0.297231650805473313E+00   -0.596079215494853365E+01   -0.710983259141426949E+01    1
    0.325767789902145068E+03   -0.121161238111987801E+01   -0.450577732371150130E+01    0.459932401731975360E+00   -0.595282329065608806E+01   -0.711764509141427482E+01    1
    0.168312697705125856E+03   -0.197709574895466300E+01   -0.287772349116470494E+01    0.117117186396050954E+00   -0.590983650426130147E+01   -0.712545759141426949E+01    1
    0.233877848271195433E+03   -0.168827107124429121E+01   -0.465386377740562729E+01    0.397464865840842174E+00   -0.589753571950526201E+01   -0.713327009141426505E+01    1
    0.326156878471374512E+03   -0.105381768941879272E+01   -0.413325250148773193E+01    0.334397902321815488E+00   -0.589750789219219840E+01   -0.714108259141426771E+01    1
    0.246284092297141513E+03   -0.672499355279090327E-01   -0.467546071672171326E+01    0.549653604259536466E+00   -0.588947562489547582E+01   -0.714889509141426682E+01    1
    0.220279660627061730E+03    0.313271264458623300E-01   -0.349912415784193298E+01    0.139308862848389725E+00   -0.587980135092447220E+01   -0.715670759141426238E+01    1
    0.288467760957257383E+03   -0.145060613506517111E+00   -0.428851302079482544E+01    0.353657811768149033E+00   -0.587901507162073589E+01   -0.716452009141426149E+01    1
    0.179944875627460874E+03   -0.680579580398745776E+00   -0.268131956555005591E+01    0.274654111351713415E+00   -0.587823283175016353E+01   -0.717233259141426416E+01    1
    0.322166993826919793E+03   -0.516305883571553048E+00   -0.334173845593160923E+01    0.578242794700253374E-01   -0.585357657068388981E+01   -0.718014509141426682E+01    1
    0.172969215075311809E+03   -0.373894442919947778E+00   -0.219005595959737587E+01    0.123057461962582881E+00   -0.585253519043179971E+01   -0.718795759141426505E+01    1
    0.211102427979822693E+03   -0.499514215611936319E+00   -0.384702654524279808E+01    0.224893685014515538E+00   -0.585225645310095643E+01   -0.719577009141426505E+01    1
    0.263162410259246826E+03    0.279692411422729492E-01   -0.370931267738342285E+01    0.145159241938591005E+00   -0.584390535234739517E+01   -0.720358259141426771E+01    1
    0.213330030917068200E+03   -0.124067763963154110E+01   -0.364839147177945833E+01    0.173521773831791098E+00   -0.583188957804094343E+01   -0.721139509141426771E+01    1
    0.126544520825207172E+03   -0.215026499430721607E-01   -0.225169269420937290E+01    0.256698567760482999E+00   -0.582414743181800976E+01   -0.721920759141426682E+01    1
    0.275314277202305902E+03   -0.132385901259057559E+01   -0.400613137875167968E+01    0.426623426570960584E+00   -0.582388925065673480E+01   -0.722702009141426416E+01    1
    0.238633562349920226E+03   -0.143716944017230475E+01   -0.437112752627779244E+01    0.307356422755724390E+00   -0.581214475422410271E+01   -0.723483259141426949E+01    1
    0.154384622924901436E+03   -0.153758476312149561E+01   -0.397748181149956093E+01    0.495575857369229822E+00   -0.580442327095479538E+01   -0.724264509141427215E+01    1
    0.197076503615244519E+03   -0.500542222896930955E+00   -0.230697384331870881E+01    0.830572015935579361E-01   -0.580107843640830900E+01   -0.725045759141426771E+01    1
    0.152852033055903661E+03   -0.569695858455471882E+00   -0.212472667779784974E+01    0.206858515552568678E+00   -0.579826893909777130E+01   -0.725827009141427038E+01    1
    0.177524436641677880E+03   -0.732489976656550468E+00   -0.416133232548685239E+01    0.435879977778435457E+00   -0.578701227901130721E+01   -0.726608259141427482E+01    1
    0.213406519344530636E+03   -0.117030722977340584E+01   -0.361302066488796347E+01    0.168105058554953141E+00   -0.578271613996494249E+01   -0.727389509141427393E+01    1
    0.199540860959456552E+03   -0.319531331207989266E+00   -0.261646359795090522E+01    0.132391050456778486E+00   -0.577735726001238881E+01   -0.728170759141427215E+01    1
    0.264938774075629681E+03   -0.202426414556167167E-02   -0.404086842270643842E+01    0.208610152247769964E+00   -0.577315133826666571E+01   -0.728952009141427304E+01    1
    0.167096874658205422E+03   -0.545034866946969565E-01   -0.322087920679963702E+01    0.245917841898676798E+00   -0.576277852139050051E+01   -0.729733259141427304E+01    1
    0.199401593696261330E+03   -0.139285711865613937E+01   -0.344889350654510451E+01    0.493089313586363653E+00   -0.574159369300978017E+01   -0.730514509141427570E+01    1
    0.299788087255669382E+03   -0.476792170375439639E-01   -0.406402141447407317E+01    0.181335418250835878E+00   -0.573098603149198027E+01   -0.731295759141427038E+01    1
    0.185338222980499268E+03   -0.676647961139678955E+00   -0.215521812438964844E+01    0.783017219781875634E-01   -0.571917531935087275E+01   -0.732077009141426949E+01    1
    0.150919655260706861E+03   -0.407089533964830608E-01   -0.303924823931399590E+01    0.307446196517976889E+00   -0.571887380719276806E+01   -0.732858259141427482E+01    1
    0.175444419005637371E+03   -0.197429257187304885E+01   -0.388190167251013207E+01    0.397831547778457528E+00   -0.571616533260538784E+01   -0.733639509141427215E+01    1
    0.153555595362826637E+03   -0.200724833167506223E+00   -0.296080261886441587E+01    0.369517709943306516E+00   -0.571391100185556056E+01   -0.734420759141426949E+01    1
    0.237159652161048200E+03   -0.581083661080938674E+00   -0.333699582713881693E+01    0.245397803364449385E+00   -0.570961665254111939E+01   -0.735202009141427038E+01    1
    0.303608548249681235E+03   -0.131556108942534999E+01   -0.456506046119228159E+01    0.209366009079269472E+00   -0.570931888520758779E+01   -0.735983259141427304E+01    1
    0.289561255497563650E+03   -0.951657420913055052E+00   -0.306105492929974954E+01    0.792531478576104370E-01   -0.569843244098199619E+01   -0.736764509141427038E+01    1
    0.161104467790097544E+03   -0.131127286886388572E+01   -0.254155925034287211E+01    0.591790707543112041E-01   -0.568296687232548692E+01   -0.737545759141427038E+01    1
    0.147820287942886353E+03   -0.805183887481689453E+00   -0.137169778347015381E+01    0.180323296308517456E-01   -0.567164081760485228E+01   -0.738327009141427215E+01    1
    0.250757809809947844E+03   -0.158566763872451388E+01   -0.392002290008192933E+01    0.473866895983661718E+00   -0.566656284735749782E+01   -0.739108259141427570E+01    1
    0.191592875278575150E+03   -0.417797717255341761E+00   -0.465476052482697789E+01    0.558462512364285901E+00   -0.566314937839672616E+01   -0.739889509141427659E+01    1
    0.282109276871604209E+03   -0.100117840692032001E+00   -0.378870054263804690E+01    0.647189192819585257E-01   -0.566196328036254304E+01   -0.740670759141427570E+01    1
    0.305517309443331044E+03   -0.149895758523079858E+01   -0.442067556873758072E+01    0.464097711807898883E+00   -0.565881847719166764E+01   -0.741452009141427482E+01    1
    0.271971933128343267E+03   -0.343609746437902874E+00   -0.430843406909178928E+01    0.377209517711189712E+00   -0.565453073751687452E+01   -0.742233259141426682E+01    1
    0.281954306257485996E+03   -0.275978683822706738E+00   -0.489979259364524733E+01    0.371771595965012303E+00   -0.564077383264420007E+01   -0.743014509141426416E+01    1
    0.139685325861135283E+03   -0.854624635234409125E+00   -0.305160953616273689E+01    0.308810233798898048E+00   -0.563665127105156927E+01   -0.743795759141426238E+01    1
    0.140910877287387848E+03   -0.477226257324218750E+00   -0.173133969306945801E+01    0.100754067707061773E+00   -0.563168963592731497E+01   -0.744577009141426949E+01    1
    0.270445841550827026E+03   -0.112787258625030518E+01   -0.493426620960235596E+01    0.400498691725730938E+00   -0.562849643591284021E+01   -0.745358259141427304E+01    1
    0.249115417229532397E+03   -0.116609786475192068E+01   -0.345354364425861249E+01    0.300959985508061689E+00   -0.562282499315860296E+01   -0.746139509141426682E+01    1
    0.205236128378974968E+03   -0.103667032173520468E+00   -0.401001390923566348E+01    0.374642967800577820E+00   -0.562267701528003805E+01   -0.746920759141426505E+01    1
    0.197904264926910400E+03   -0.100372135639190674E+00   -0.338347852230072021E+01    0.224641948056221008E+00   -0.562012034187497456E+01   -0.747702009141426416E+01    1
    0.155195890985621418E+03   -0.127865423304617032E+00   -0.245591662924324883E+01    0.114398074895900315E+00   -0.561537317848089934E+01   -0.748483259141426682E+01    1
    0.315302096917616495E+03   -0.949567892203551311E+00   -0.484452366223933062E+01    0.270856754914689524E+00   -0.561496576646936418E+01   -0.749264509141427215E+01    1
    0.177374970277438422E+03   -0.167875760656023942E+00   -0.285612244955238559E+01    0.128187197649341278E+00   -0.560509564795204174E+01   -0.750045759141427659E+01    1
    0.186489748954772949E+03   -0.139641284942626953E+00   -0.283049464225769043E+01    0.103895795989036560E+00   -0.560045722057856921E+01   -0.750827009141427748E+01    1
    0.223427799794114236E+03   -0.308040930371634936E+00   -0.265109166972390753E+01    0.191219957595899562E-01   -0.560028654275832238E+01   -0.751608259141427304E+01    1
    0.324483137729436066E+03   -0.352932289163391033E+00   -0.429153968871257874E+01    0.242956699603046444E+00   -0.559778833870846970E+01   -0.752389509141426505E+01    1
    0.172911822744144359E+03   -0.555018730582654163E+00   -0.407274638005458289E+01    0.471448302525839025E+00   -0.559525771727259613E+01   -0.753170759141426505E+01    1
    0.149339392483923461E+03   -0.104805182834858091E+01   -0.275808486124946572E+01    0.431368653599556451E+00   -0.558867158648397755E+01   -0.753952009141426505E+01    1
    0.134815557168549304E+03   -0.795016016028011530E+00   -0.135932383354195974E+01    0.598451870160029709E-01   -0.558820913444335687E+01   -0.754733259141426505E+01    1
    0.333016878642168308E+03   -0.176476040514003540E+01   -0.346756040159299150E+01    0.150609218651318127E+00   -0.557932792696418556E+01   -0.755514509141427393E+01    1
    0.205620580953909808E+03   -0.810364927823782111E+00   -0.430669432356669191E+01    0.422644372820611292E+00   -0.557918464801865444E+01   -0.756295759141428103E+01    1
    0.149614537687659777E+03   -0.223064152067687926E+00   -0.342223721468067144E+01    0.464288794349411948E+00   -0.557137661616104474E+01   -0.757077009141427126E+01    1
    0.345768144726753235E+03   -0.267052650451660156E+00   -0.383772790431976318E+01    0.494834230899810837E-01   -0.556825895168267504E+01   -0.757858259141426327E+01    1
    0.282740319942700353E+03   -0.186479784691739692E+01   -0.324587175375065762E+01    0.206147948758933913E+00   -0.555815215529344542E+01   -0.758639509141426505E+01    1
    0.211111278622429211E+03   -0.515189744172775299E+00   -0.398886363790902232E+01    0.327882075009802265E+00   -0.554701815030680034E+01   -0.759420759141427126E+01    1
    0.198267991290181044E+03   -0.487154677680529336E+00   -0.404234080444294630E+01    0.391855177775481511E+00   -0.553629487175728752E+01   -0.760202009141427393E+01    1
    0.129862549227865458E+03   -0.157822162140832334E+01   -0.162447823045005491E+01    0.240837995883414285E+00   -0.553442892386259366E+01   -0.760983259141427126E+01    1
    0.255183482170104980E+03   -0.166809988021850586E+01   -0.268194794654846191E+01    0.954970079898834201E-01   -0.552931025465400872E+01   -0.761764509141427304E+01    1
    0.265139884856938124E+03   -0.374811479149584681E+00   -0.313581544568866111E+01    0.233326466926490790E-01   -0.552088399764064341E+01   -0.762545759141426949E+01    1
    0.282749218707090904E+03   -0.705566188653877324E+00   -0.345244366026995841E+01    0.138511345351746473E+00   -0.551770245188763919E+01   -0.763327009141426949E+01    1
    0.146626017025274990E+03   -0.152815344514429485E+01   -0.273877157809896676E+01    0.209221069532003395E+00   -0.551698849934171953E+01   -0.764108259141427304E+01    1
    0.132032839588270917E+03   -0.345673321963534175E+00   -0.259281901114345192E+01    0.293286188769547818E+00   -0.551007187063096282E+01   -0.764889509141427393E+01    1
    0.272743499710804826E+03   -0.319290250578735613E+00   -0.418565737629459722E+01    0.258812798499859886E+00   -0.550910132935491248E+01   -0.765670759141426949E+01    1
    0.320812064866835613E+03   -0.184598486398937456E+01   -0.312864911648852040E+01    0.786174637255627889E-01   -0.550801538208399233E+01   -0.766452009141426771E+01    1
    0.300867979228496552E+03   -0.182217615842819214E+01   -0.495919942855834961E+01    0.367266893219947821E+00   -0.550222448162856548E+01   -0.767233259141426682E+01    1
    0.260751238465309143E+03   -0.367305040359497070E+00   -0.407623350620269775E+01    0.245730302309989934E+00   -0.549784028327560570E+01   -0.768014509141426771E+01    1
    0.153290042279639209E+03   -0.771352958259602151E+00   -0.166255273463671571E+01    0.371369914949292029E-01   -0.549724003271792494E+01   -0.768795759141427126E+01    1
    0.140789584952829159E+03   -0.144146991699529892E+01   -0.218571381335343951E+01    0.326380366349418360E+00   -0.547162890031803961E+01   -0.769577009141427393E+01    1
    0.144337693333043376E+03   -0.580419724637303069E+00   -0.252268746699122515E+01    0.181018172303527458E+00   -0.546622872433429929E+01   -0.770358259141427570E+01    1
    0.272373732924461365E+03   -0.105665349960327148E+01   -0.406279981136322021E+01    0.367819156408309922E+00   -0.546418710942826813E+01   -0.771139509141427304E+01    1
    0.316873292939484941E+03   -0.472717418846001713E+00   -0.444008715465841419E+01    0.212198682294401447E+00   -0.545982445602956457E+01   -0.771920759141427215E+01    1
    0.141609632968902588E+03   -0.986450254917144775E+00   -0.140717446804046631E+01    0.394639420509338423E-01   -0.545870193397504799E+01   -0.772702009141426860E+01    1
    0.175412709383906503E+03   -0.140790591328392223E+01   -0.235586363394584453E+01    0.214160024060672916E+00   -0.545270183754311955E+01   -0.773483259141426682E+01    1
    0.159377027416232352E+03   -0.197094399896269024E+01   -0.333085212245196605E+01    0.342768405142985177E+00   -0.544422417705438022E+01   -0.774264509141426860E+01    1
    0.150672221484746302E+03   -0.132529468196364131E+01   -0.318660269940690544E+01    0.333307084772369255E+00   -0.544172496035173747E+01   -0.775045759141427126E+01    1
    0.348737175762653351E+03   -0.111303031444549561E+01   -0.485669851303100586E+01    0.248160267162323006E+00   -0.543208416291978846E+01   -0.775827009141427570E+01    1
    0.187407145945541714E+03   -0.515619309529932845E+00   -0.362533388928346723E+01    0.370823277490994307E+00   -0.542867841260444450E+01   -0.776608259141427570E+01    1
    0.195992482916059771E+03   -0.747355861918146402E+00   -0.237740704681239290E+01    0.595768212124951901E-01   -0.542635543103834017E+01   -0.777389509141427215E+01    1
    0.248218482732772827E+03   -0.853790521621704102E+00   -0.393030047416687012E+01    0.360351372170448325E+00   -0.542307501517865820E+01   -0.778170759141426682E+01    1
    0.202541273171786628E+03   -0.561814732600653954E+00   -0.272828999143508488E+01    0.913813286142845377E-01   -0.542088489387303873E+01   -0.778952009141426416E+01    1
    0.258950628138502736E+03   -0.875786838246225940E+00   -0.311448543730333061E+01    0.994687659585154899E-01   -0.541986878930881577E+01   -0.779733259141426682E+01    1
    0.189627441757712802E+03   -0.156715020902700064E+01   -0.353625882708542161E+01    0.281925318817268344E+00   -0.541729627897487909E+01   -0.780514509141427038E+01    1
    0.167450436041438223E+03   -0.174237243097488470E+01   -0.265483416048016574E+01    0.116228970219713429E+00   -0.541360515753706917E+01   -0.781295759141427038E+01    1
    0.239771585768205796E+03   -0.560519221051071437E+00   -0.456523274773391652E+01    0.493360640675497508E+00   -0.541352047300786055E+01   -0.782077009141427304E+01    1
    0.268571353077625361E+03   -0.571275732212605636E+00   -0.407847528015355909E+01    0.279779630819656844E+00   -0.541281255088023627E+01   -0.782858259141427038E+01    1
    0.184013687835800567E+03   -0.578276268626056966E+00   -0.322791171613081396E+01    0.277229549425538957E+00   -0.540525477242714913E+01   -0.783639509141426327E+01    1
    0.279620833020343071E+03   -0.612009335637647034E+00   -0.452175433209926414E+01    0.331528218164223398E+00   -0.540253115216192725E+01   -0.784420759141426505E+01    1
    0.181266936073621366E+03   -0.171471660293427108E+01   -0.237503895048697133E+01    0.210862892762965687E+00   -0.540038153815326361E+01   -0.785202009141426771E+01    1
    0.283563361729559006E+03   -0.573420101825567130E+00   -0.343251271996226581E+01    0.318829682370178544E-01   -0.540013524311769189E+01   -0.785983259141426682E+01    1
    0.216134145490636229E+03   -0.156466163116298751E+01   -0.369771031159958330E+01    0.248101931021649652E+00   -0.539922514982920543E+01   -0.786764509141426416E+01    1
    0.159401445202432740E+03   -0.129786844186874295E+01   -0.255857761637262815E+01    0.119372280265943778E+00   -0.539883344870824633E+01   -0.787545759141426682E+01    1
    0.205766238041024195E+03   -0.660455234097187871E+00   -0.355873191919194198E+01    0.267952541428190305E+00   -0.539683987752628180E+01   -0.788327009141426682E+01    1
    0.284895330419240736E+03   -0.172891635437135172E+01   -0.317286765214061628E+01    0.145662119529247180E+00   -0.539568818615778678E+01   -0.789108259141426682E+01    1
    0.331195999772614073E+03   -0.578067143479592982E+00   -0.474708209869523845E+01    0.309094940258004325E+00   -0.539339933594255250E+01   -0.789889509141427570E+01    1
    0.303882515249716221E+03   -0.670548740785236852E+00   -0.428093085619946478E+01    0.202756997067383538E+00   -0.539248617311278533E+01   -0.790670759141427926E+01    1
    0.242506329715251923E+03   -0.593948662281036377E+00   -0.385120213031768799E+01    0.264885445404052733E+00   -0.539087680748540876E+01   -0.791452009141427482E+01    1
    0.210021248910972474E+03   -0.190630180242140579E+01   -0.361311632693096429E+01    0.249646268408947408E+00   -0.538872041243977673E+01   -0.792233259141427482E+01    1
    0.198777573118891951E+03   -0.153546171415340260E+01   -0.292970017799494675E+01    0.852494719103527310E-01   -0.538776706379602288E+01   -0.793014509141427393E+01    1
    0.325645805354582535E+03   -0.145309301237331123E+01   -0.394669034114920869E+01    0.449472541996930319E-01   -0.538747117031503997E+01   -0.793795759141427215E+01    1
    0.165587936880073840E+03   -0.626712322439188174E+00   -0.237712160588455346E+01    0.112407410724774032E+00   -0.538283459338624137E+01   -0.794577009141427126E+01    1
    0.129496743159384522E+03   -0.106586891360952718E+01   -0.249276191212255371E+01    0.411173402580294445E+00   -0.538082872108074017E+01   -0.795358259141427304E+01    1
    0.217762423613489432E+03   -0.190823728690160221E+01   -0.297607202386757042E+01    0.441607177238781401E-01   -0.537052339017017744E+01   -0.796139509141427748E+01    1
    0.145705519267874791E+03   -0.188139853398068468E+01   -0.308167204877456191E+01    0.343031768859044184E+00   -0.536974062035264854E+01   -0.796920759141427482E+01    1
    0.151431739484725682E+03   -0.694341779885383481E+00   -0.332373005337969740E+01    0.461381083971027284E+00   -0.536798438793867305E+01   -0.797702009141426860E+01    1
    0.180244989693164825E+03   -0.106234103441238403E+01   -0.334912359714508057E+01    0.417887152147293106E+00   -0.536651157174960680E+01   -0.798483259141427126E+01    1
    0.224174378453245140E+03   -0.666830230219021880E+00   -0.399894545141969271E+01    0.361356615918163926E+00   -0.536598540959456383E+01   -0.799264509141426949E+01    1
    0.182167137113886497E+03   -0.167147458662762882E+01   -0.359061575702773172E+01    0.549487793078322406E+00   -0.536507799300496035E+01   -0.800045759141426771E+01    1
    0.285853613283281788E+03   -0.100075492403537236E+01   -0.498955583596205177E+01    0.568344796206878167E+00   -0.535857714556512121E+01   -0.800827009141427126E+01    1
    0.283859109918226295E+03   -0.106169083386944596E+01   -0.433278860390412213E+01    0.395028755835596601E+00   -0.535599643565097328E+01   -0.801608259141427482E+01    1
    0.304264299657721381E+03   -0.868471728299606838E+00   -0.390407060701228659E+01    0.951557325298956203E-01   -0.535427073592777258E+01   -0.802389509141427659E+01    1
    0.251211645217032100E+03   -0.143199242628044932E+01   -0.383550660668050103E+01    0.194517561018801577E+00   -0.535116135812719662E+01   -0.803170759141426949E+01    1
    0.164238165815943631E+03   -0.111670604187742506E+01   -0.238704031063718469E+01    0.217805158320690695E+00   -0.535080113760967979E+01   -0.803952009141427126E+01    1
    0.140283242649580131E+03   -0.729852174588345948E+00   -0.222078093804905752E+01    0.160970937020691207E+00   -0.534954685588150625E+01   -0.804733259141426949E+01    1
    0.311112418559732475E+03   -0.732720502408670482E+00   -0.483126469293153171E+01    0.386456542778723544E+00   -0.534493776935482323E+01   -0.805514509141426593E+01    1
    0.180788321860859753E+03   -0.775335777551116490E+00   -0.241216010142240744E+01    0.725801301416148098E-01   -0.534242447410385601E+01   -0.806295759141426949E+01    1
    0.128249196562521661E+03   -0.873884247329245412E+00   -0.199235077012924044E+01    0.222620534449502083E+00   -0.534152604386942631E+01   -0.807077009141426949E+01    1
    0.264377236366271973E+03   -0.758976221084594727E+00   -0.365611135959625244E+01    0.168376950001716624E+00   -0.533743619001447112E+01   -0.807858259141426949E+01    1
    0.126195072085580833E+03   -0.137244669850725787E+01   -0.146500153333638083E+01    0.155773197834048582E+00   -0.533655418699805573E+01   -0.808639509141426949E+01    1
    0.219988939783411695E+03   -0.952321654842193999E+00   -0.348396305109835147E+01    0.306063251199093833E+00   -0.533555022320082539E+01   -0.809420759141427482E+01    1
    0.136883638402552947E+03   -0.914161154003035881E+00   -0.303945651320149413E+01    0.396549407615598704E+00   -0.533117338400449192E+01   -0.810202009141427482E+01    1
    0.164081907873766170E+03   -0.145936378003767464E+01   -0.236515119422847464E+01    0.598426031246489243E-01   -0.532670501740131019E+01   -0.810983259141427482E+01    1
    0.297053810954093933E+03   -0.976055979728698730E+00   -0.398179113864898682E+01    0.239467282247543350E+00   -0.532500366833509808E+01   -0.811764509141427126E+01    1
    0.247329933932876088E+03   -0.143717542436420276E+01   -0.371729631496669377E+01    0.350613327583740142E+00   -0.531219148780118644E+01   -0.812545759141427126E+01    1
    0.283694103360176086E+03   -0.183027017116546631E+01   -0.401413559913635254E+01    0.174258363604545607E+00   -0.530919191861572948E+01   -0.813327009141427659E+01    1
    0.225187155851509289E+03   -0.129273872604373485E+01   -0.397188596212997513E+01    0.316927899758551346E+00   -0.530872366335309920E+01   -0.814108259141426949E+01    1
    0.290201069892147586E+03   -0.101516931992462944E+01   -0.423189867808648401E+01    0.233392628402862123E+00   -0.530740490469718740E+01   -0.814889509141426593E+01    1
    0.142141677257444769E+03   -0.938711126097037774E+00   -0.182681564735988999E+01    0.102690811465885615E+00   -0.530739791495958180E+01   -0.815670759141426238E+01    1
    0.329428006708621979E+03   -0.135392898321151733E+01   -0.328661561012268066E+01    0.195786802053451552E-01   -0.530189861968991227E+01   -0.816452009141426949E+01    1
    0.252762701600463942E+03   -0.862994564713855716E+00   -0.352918697123910530E+01    0.166537595528441912E+00   -0.530065522885880558E+01   -0.817233259141426949E+01    1
    0.203480313063459931E+03   -0.105491765199591137E+01   -0.425824426130188360E+01    0.482492247888746839E+00   -0.530046197056900592E+01   -0.818014509141426061E+01    1
    0.340997242640745867E+03   -0.879731909259146239E+00   -0.411668750075775947E+01    0.116190425010722548E+00   -0.529809543860743659E+01   -0.818795759141426061E+01    1
    0.212411532239859469E+03   -0.917932391769952005E+00   -0.378567143626377600E+01    0.335061644286099414E+00   -0.529722763538203001E+01   -0.819577009141427126E+01    1
    0.152904311671194080E+03   -0.178127183034647230E+01   -0.317152022951434542E+01    0.349969218421285311E+00   -0.529398739405342678E+01   -0.820358259141428015E+01    1
    0.188436120748519897E+03   -0.130969166755676270E+01   -0.273754894733428955E+01    0.228670156502723709E+00   -0.529137555483569422E+01   -0.821139509141427659E+01    1
    0.333729475872509511E+03   -0.144536418720884519E+01   -0.418919207922877934E+01    0.117403890522946336E+00   -0.529136495497789205E+01   -0.821920759141426949E+01    1
    0.254490763724402996E+03   -0.128138436556533275E+01   -0.437389342009533699E+01    0.491961965689060421E+00   -0.529095357742251693E+01   -0.822702009141426061E+01    1
    0.170329466040230471E+03   -0.109690096612900168E+01   -0.266078228656086946E+01    0.140892772494481566E+00   -0.528789742813952834E+01   -0.823483259141425883E+01    1
    0.137325809346732484E+03   -0.999171581984930057E+00   -0.282054969746351736E+01    0.342631574783583026E+00   -0.528696103633167258E+01   -0.824264509141426238E+01    1
    0.155330737282567299E+03   -0.905959476714918388E+00   -0.354873111241686257E+01    0.495839048834537333E+00   -0.528647908537945899E+01   -0.825045759141426593E+01    1
    0.224420015547972412E+03   -0.927131048599525887E+00   -0.327483148532547297E+01    0.197610697388332923E+00   -0.528455798193628645E+01   -0.825827009141427126E+01    1
    0.211532598052042260E+03   -0.179159945668108245E+01   -0.281884420086255405E+01    0.346909451744651862E-01   -0.528358631754643771E+01   -0.826608259141428015E+01    1
    0.315101528827114578E+03   -0.171341302629685854E+01   -0.492135202400416016E+01    0.538997639611114909E+00   -0.527977801598407837E+01   -0.827389509141427304E+01    1
    0.300036211047608163E+03   -0.171322315835797712E+01   -0.406179435107936992E+01    0.333446653822724370E+00   -0.527963903868334139E+01   -0.828170759141426949E+01    1
    0.129079157114028931E+03   -0.119964510202407837E+01   -0.257929623126983643E+01    0.427482993721961968E+00   -0.527903234810262667E+01   -0.828952009141427659E+01    1
