luminosity_distance KNphi inclination_EM KNtimeshift log10_mej_dyn log10_mej_wind Ebv log_likelihood log_prior
4.383500456809998 37.652773559093475 0.3962170825948995 -1.2540258169174194 -1.0287590026855469 -1.3895206451416016 0.41683107290267946 -13.132220290049716 -10.157550753058374
4.448134310692961 40.43447334968321 0.7381894108755068 0.411143986881898 -1.2108848167842299 -2.762884118127184 0.43240629051356455 -11.195422084510446 -9.707030793695042
8.644206942082503 15.657424012862593 0.6079535233585871 -0.6326038796673017 -1.6515845536203329 -0.8997520035408901 0.015945243623646806 -10.258922869274315 -8.490993140647062
5.452955663204193 41.597231328487396 0.4402221838158146 -1.6230913400650024 -1.9614547491073608 -1.0279091000556946 0.022619454216957092 -9.85902619813208 -8.79601069721608
2.2579869561248085 49.239928151092535 0.70079586540966 -1.6166992497876929 -2.709096241293227 -1.4296722418931305 0.45582866146080925 -9.620006388608887 -9.932814686988136
3.7240804300328816 17.280105137336502 0.6340967231266711 -1.8062609206305262 -1.300844540798724 -1.0557972039874037 0.5357677679844003 -9.309471681170056 -11.175103827158198
4.140461416523946 41.042961162351446 0.7627365377466171 -1.3495805581415685 -1.0908723531519007 -0.8404043335675895 0.0035003415028973537 -9.164887409117416 -8.278596288527538
3.290056046570364 40.710267565421546 0.7666256388310664 0.7960856911036598 -1.4261855532850056 -2.51783768246495 0.5406306943842166 -8.95560656588971 -11.159746082161782
3.5950109362602234 42.66003519296646 0.6661715346192104 0.3313555121421814 -2.0145150423049927 -0.9671050608158112 0.3396368455410004 -8.927066205207762 -9.283820422727135
3.421969337196488 22.701460438877636 0.2591912575111124 -1.9145402973815149 -1.2803043326894643 -1.0848313135057115 0.11199172464946958 -8.812222143109071 -9.48184091447236
3.2572647011058753 42.1522311911594 0.6297097099693171 0.8593919916604316 -1.406344467437473 -2.726754911900158 0.5185577594910222 -8.62771117309046 -10.795966975981251
7.343563795089722 31.497651040554047 0.4964552400939732 0.3971288204193115 -2.1714906692504883 -1.1943050026893616 0.21975492889881135 -8.579884142537376 -9.128764348126252
4.41850252919551 19.830288725331698 0.4525480302876776 0.6706131861243163 -1.4366477106011624 -2.6756254339317587 0.3062686387038199 -8.49564773120094 -9.495784387301917
5.119828472203151 34.69015441798011 0.722987954640357 -0.34122544681249556 -1.3871811180338067 -0.8142900632314221 0.06648809259956748 -8.381161431662418 -8.439232781865044
3.532249927520752 35.57653486728668 0.6885090356856153 -0.0996447205543518 -2.937666177749634 -1.4525549411773682 0.3990879931211472 -8.340916624565397 -9.550971864224637
8.248283624649048 16.83203876018524 0.601012433108185 -1.9228299856185913 -2.215776562690735 -0.5266566872596741 0.2545834015846253 -8.12903569243392 -9.061153449593892
6.257828652858734 17.0308855175972 0.5860196299519683 0.8185986280441284 -2.217769742012024 -1.2184591889381409 0.18560417017936706 -8.054125927259623 -8.886955035085276
8.48790842294693 24.059071242809296 0.2677994169138587 -0.4193032383918762 -2.6575957536697388 -1.0401356518268585 0.04226998629570008 -8.018341885613275 -9.308919853115512
4.241246080145984 36.69760667752465 0.4155504097788531 0.35531360651692756 -2.2369007826363205 -1.213089524372049 0.2563203964550282 -7.948222384873558 -9.403648772499498
6.194556763233141 19.90895941613367 0.3791940148536154 0.6937555444804246 -2.0811829338479977 -1.3238980166638417 0.14466391181239685 -7.932475258863475 -9.187825164388439
7.366737464344123 35.47053809838596 0.5807301815141697 0.43095091243623296 -2.101431023504108 -1.11995907271482 0.28414515869715623 -7.898414951429283 -9.1890214071666
2.8992981091318146 41.497834153043456 0.43064335376490015 -1.270262133773192 -2.72713699056495 -0.7183278987460828 0.5467415549665505 -7.891659765761848 -11.881248218652507
6.394804775714874 40.812156200408936 0.6957180138222424 0.19554686546325684 -1.3792170286178589 -0.8593634068965912 0.14111301934719087 -7.8380630823439335 -8.630594444048576
4.38618389152144 17.24597910549371 0.32506126491427795 0.41893726444333623 -2.3151512520640947 -1.16058697341232 0.3196795751722589 -7.837403539241429 -9.861674677661082
5.5616071464824675 38.198148938723726 0.586736673917974 -1.6790774674029725 -1.6142460714536158 -0.6946691148050834 0.2930919270018249 -7.8183063038494955 -9.21145727948586
6.865858678790062 26.850634219342275 0.5501929425303242 0.909228235651443 -2.912335013871044 -0.5678566873882978 0.2569876348325482 -7.792361222244849 -9.147120175138122
4.911369700682913 41.91714501913583 0.6872726686780546 -0.528748215031781 -1.8584115481047982 -0.87271491398897 0.3072664028190397 -7.651361747078726 -9.127335972290872
2.874955370922004 46.0505185011906 0.6851353193288182 -1.461498448427062 -1.5645330733828762 -0.8377352916812315 0.1482709420082157 -7.61066250851103 -8.66014181130481
8.253305729688417 43.109693695762026 0.39651373236755655 0.6004697671449053 -2.3787068072217235 -1.0794344012588162 0.1906563245635036 -7.582990347376095 -9.25918145650448
4.721902295325592 28.19127047065726 0.7205263274756839 0.5480104578896245 -1.4854458942749207 -1.3957939767384315 0.06437373559325754 -7.576368394265739 -8.437858922062153
4.099676381226946 48.48368338704864 0.41375348134552714 -0.20561386815847205 -1.3495404684036882 -0.589598508169328 0.5666686193337758 -7.5248477103235984 -13.417768737021381
3.4135289192199707 30.43910712003708 0.41110883290573697 -1.5896136164665222 -1.100218653678894 -0.7063651382923126 0.02837753233909607 -7.406816548156368 -8.870779237491288
7.970320846839026 26.509600832419252 0.3571911450248566 -1.398298784173952 -2.3006720661012734 -0.7823721213620183 0.1946031591737025 -7.355900329493733 -9.36902670924482
9.56881519687441 33.83476053478922 0.7548231724495965 0.3311247927436116 -2.998225883960575 -1.0213138271985827 0.17709538458196786 -7.2821945470562435 -8.65099007760641
8.435318411888396 16.216121181250248 0.5349545330101382 -1.6066476622444748 -2.5284253659823164 -0.6433539212456107 0.22430674110978435 -7.2771289189637685 -9.07380623802702
7.284992198342732 27.72972210732364 0.6893995740591348 -0.14680034583383428 -2.0084371417903526 -0.9002213611109555 0.2727413891879508 -7.247092186838151 -9.002340177322147
6.7591409699584535 37.319922173388946 0.716576611972 0.059429171191164976 -2.5143987323961046 -1.074508255789676 0.23761567321135008 -7.238864631708796 -8.859422057956657
3.535742991558535 31.074845779201873 0.5246945520483249 0.9227189536410885 -2.8928636197756337 -1.614345700922716 0.2691887022732315 -7.238684335434814 -9.229365380097533
5.031365513801575 33.31631749868393 0.3557367559882051 0.4676169157028198 -1.8892829418182373 -0.6775400340557098 0.22481547067165375 -7.227647881184973 -9.456281173555965
6.713495643541458 39.93196358440331 0.6800337771637064 -0.6053124729112596 -1.9375459345074082 -0.815233505174005 0.12266883692981345 -7.222295906967611 -8.607805031727926
4.2666463071163285 38.86425623540838 0.693394623178406 -0.7725125800095094 -2.4589998209392303 -1.0992327482935278 0.24062774482803198 -7.1993695254925285 -8.895708509420178
6.235325455665588 33.340621292591095 0.4374318308358036 -0.5245168209075928 -1.8481425046920776 -0.7711951732635498 0.5105238687515259 -7.1687641917145495 -10.986340570142236
6.9778111495288915 20.22563783497289 0.34432475573250876 -0.09159557038794564 -1.5015659823599135 -0.650018847617102 0.4080387688455729 -7.1643195061749 -10.23648563824167
6.481205572023056 35.347070947125154 0.4523715462101266 -0.17424682395514113 -1.2834806812068849 -0.5089049994616772 0.44613690442935056 -7.145285830062994 -10.241769690484407
4.605629596545338 39.808691241476104 0.6245159186267636 -0.6602343829038133 -2.0744567967660217 -0.904088540251756 0.2648672450191865 -7.141149882883096 -9.06061051584812
9.15053819268753 20.36265218463872 0.4858053517192024 0.22431163418733568 -1.8049430648000757 -0.8705847530497017 0.4610763217131682 -7.124578034545081 -10.301697557857498
4.496855339682419 41.63701203261969 0.43198019915628333 -1.3449781698984382 -1.9542080836098024 -0.9546802748504324 0.29947397038980855 -7.115628990502059 -9.514015308409565
3.2171379838931067 25.45796660874199 0.5430149561858642 -1.6911226402170643 -2.5437886965711347 -0.8056477466390071 0.5000803821248663 -6.9933290114750175 -10.631703125560612
7.789479420599729 41.90227171186871 0.7165659465716008 0.5157405928188998 -1.6079573380507977 -0.730189544311052 0.04773747118870085 -6.99284514734774 -8.41016557290849
6.208386233581687 35.34694473969121 0.4439879560915769 0.4110986348527339 -2.3919467799266867 -1.1796337780337736 0.26860354595600844 -6.977640503357657 -9.381216421033308
6.836640053428208 33.9639336222337 0.5993457423574188 -0.4189895420708458 -1.7584275642580052 -0.7198698000641168 0.5207336620050148 -6.946261216203475 -10.88025672552897
6.2999363357259925 29.531123392744046 0.6217681877482755 -1.5319965848598933 -2.2762844564130953 -0.8361966860356453 0.2243473996040192 -6.90953526700523 -8.940661897815033
5.628125905990601 25.415222942829132 0.5046406026456253 -1.9323536157608032 -2.8463786840438843 -0.933250218629837 0.2485492771625519 -6.895760762297106 -9.198979681866788
4.183133808654196 39.461082916201896 0.0726296571546087 -0.15890974725679796 -2.443061411359355 -1.052493111870445 0.18388124071667625 -6.892219284065707 -10.913463473529971
7.053711665102089 47.419173340840246 0.5730345182169738 0.04281523737234316 -1.776819535267744 -0.830210634440347 0.4459894309986448 -6.888909317816475 -10.025157816542098
6.162014171443668 45.26686811751759 0.7264739589227835 -0.04588685183940311 -1.7601888730342283 -0.8054594040940497 0.05944148302452222 -6.88667953625896 -8.421463469136015
6.702123165130615 46.47470861673355 0.265796342704265 0.3233725428581238 -1.3367795944213867 -0.7714087069034576 0.5562185555219651 -6.86149985407167 -12.80550583483468
3.841231130300029 21.023675120144908 0.44020554010078483 0.6166375273972244 -2.1877357504972483 -1.3561152499273839 0.3612162444150244 -6.844642698380946 -9.752836587958225
8.008595224500503 28.439769067238405 0.43039872872288554 -1.1793447694468149 -2.462421926343732 -0.7808749355551523 0.30823455144050604 -6.829328950719528 -9.550078031168827
4.470841995048044 42.5367453972899 0.45505562622889323 -1.5294555781770185 -1.7903281070340944 -0.8262565016537202 0.49036969850314627 -6.797637208551766 -10.667544568262738
4.839564686872751 48.239426241404686 0.20422915701390512 0.3285267570377437 -2.0501814506744696 -0.7751149466060849 0.3026013009643942 -6.795536538920411 -10.250341413428417
4.572626233100891 21.733903288841248 0.5490316141010239 0.10570573806762695 -2.3906641006469727 -0.5115124881267548 0.03333493630886078 -6.788886748240925 -8.613060602861676
1.9664756729426318 35.85901955613369 0.7039029902751965 -1.805619134520362 -2.8029163742497616 -1.2646223465862698 0.0952131419992211 -6.766750891306772 -8.51973859552288
8.712679341304616 21.622432050746955 0.5001622159436035 0.05341079552191186 -2.231691461946192 -0.9265293399426735 0.3383987137965832 -6.740445991036031 -9.532086853694851
9.044455237868528 35.37163037670216 0.6862776666533846 0.04109226938230659 -1.9746584462140713 -0.7872019871615237 0.22216296126231194 -6.728789024337489 -8.850173155251083
8.735420103913407 21.04443940728592 0.35328797619682756 -0.7852844309364526 -2.3643040232666097 -0.8064501979606837 0.2036828533464348 -6.716782027797286 -9.403874907680732
5.366512020106481 44.75439778512107 0.5671900702877685 -0.12064708876582375 -1.493789204928825 -0.5757821200988564 0.5436198977144766 -6.70655936340154 -11.514124641323127
3.7284422867974594 47.49056457820293 0.5683315996296142 0.19279645998081207 -2.435551880416307 -1.0159713174541127 0.3049930003556774 -6.694708585599519 -9.283247302338983
9.937619091588678 25.071366655268932 0.7190673220873524 -0.3766209522083841 -2.219501401241123 -0.6128138759661179 0.19630926530887463 -6.675340887801461 -8.740225825921117
3.900035265359859 43.472920660483794 0.6827059085280709 0.6435175770565786 -2.681507622083033 -1.419226896948281 0.1734824208093478 -6.667111822882444 -8.724405042263127
7.221074094733549 15.260474090845054 0.6002457154846222 -1.8463351771598857 -2.3820517422198 -0.6630462676063562 0.381503111282726 -6.655029915422985 -9.572013695601882
9.237534880638123 21.354747414588928 0.4374903475281431 0.4735075831413269 -1.4597891569137573 -0.5470206141471863 0.3306463542938233 -6.642369809929621 -9.623430738443135
5.245311175222822 29.909424390422238 0.40043650746357523 0.35578622367861445 -2.352109551245741 -1.1077046993119022 0.5502925332623703 -6.641111335985688 -12.098697517104014
8.706703355672904 15.61750421289015 0.6502810934770528 -1.091500715024257 -2.3545283717613072 -0.5408682510051146 0.3942109080558016 -6.636788418817021 -9.571547462782906
4.165652513504028 31.15710586309433 0.5638633075734822 -1.1720006465911865 -2.8884496688842773 -1.0850990116596222 0.5535756621122361 -6.5860507811231725 -11.943899988201856
7.664935918937594 19.01783816184377 0.36554782289975485 -0.8101806949651937 -2.9891154079538698 -0.9518113725514703 0.07565869458097917 -6.561337728264347 -9.073203360833718
4.240413361332782 28.346316515390093 0.2440528319264017 -0.057996638429185676 -2.677430811903765 -0.6793528228868055 0.25970927857592097 -6.497814811653106 -9.92764636549744
7.4426276024803695 27.028236707179097 0.7342518859465513 -0.6987254635338087 -1.9629220129971883 -0.5330062852130046 0.37060307717718205 -6.489047513692283 -9.345711612620017
7.42234081029892 25.123258233070374 0.16888243994673158 -1.6868882179260254 -2.5564348697662354 -0.6017710566520691 0.49132959265708925 -6.48624782330573 -11.640536154336159
5.23655608109993 24.6343003410015 0.41822222558785377 0.6643433464441859 -2.403975795694519 -0.7408696847772909 0.2986998707594337 -6.48167909662229 -9.541576430191686
7.692245905986917 25.644259415709897 0.10803852570737972 0.5099999682405434 -1.3464659762843145 -0.7828552549302592 0.340394500588801 -6.434462547612926 -11.03299612116126
3.7325710030403494 43.46968569124685 0.5243291954452067 -1.7565996448366188 -2.2794503518717746 -0.9871116203613344 0.4669134203001413 -6.432722780537157 -10.28584304052359
3.7325710030403494 43.46968569124685 0.5243291954452067 -1.7565996448366188 -2.2794503518717746 -0.9871116203613344 0.4669134203001413 -6.432722780537157 -10.28584304052359
6.483104005215291 33.43022830812677 0.39667811202817777 -0.4230778903073744 -1.9221575024032527 -0.7072056637947748 0.17931601115508597 -6.43064985072577 -9.229515017734466
9.931202821452796 30.848299067589565 0.551264922075085 -0.10871392753857556 -2.847737334864342 -0.8102096932933498 0.4507288022468547 -6.422841514748623 -10.097933160695058
6.108507873848683 30.373182407321032 0.593810833285541 -1.3051687224311588 -1.9989695983616143 -0.6629830450404715 0.21091107394265504 -6.402399788686155 -8.942981906259785
5.370510918506295 39.69467105614143 0.26823917955189563 -1.194815457864487 -1.990366446888339 -0.8059697827170886 0.2288579010884049 -6.400135125629122 -9.741131165761313
5.370510918506295 39.69467105614143 0.26823917955189563 -1.194815457864487 -1.990366446888339 -0.8059697827170886 0.2288579010884049 -6.400135125629122 -9.741131165761313
3.732889448355409 34.60561221525565 0.7851585228450846 -0.6554169806236163 -2.086940599718211 -0.5074640539888091 0.4695062251099746 -6.393774466894768 -9.965659800264973
3.2954038282352354 34.00162528702077 0.6199751118396447 -0.8077799733018176 -2.722707492633307 -1.0196595857777264 0.42214815634348446 -6.392480666400414 -9.783209681790922
2.952676781189675 41.270111522926655 0.6256208086001923 -1.0727013200750073 -2.9923829513598825 -1.0426930952412516 0.25179047302519975 -6.386369236489125 -9.017436969978935
4.9905766248703 24.028281569480896 0.47952654865426153 -0.8164577484130859 -1.9953843355178833 -0.5150798261165619 0.16314036090373993 -6.3705484321818595 -9.011772305427796
6.148993730545044 28.102619647979736 0.3800648097248926 -0.11396217346191406 -1.8095834255218506 -0.5851590931415558 0.23354595093727112 -6.369824091330469 -9.41857953560584
9.133323442677762 40.76678746430609 0.47912377208337176 0.34070277425010964 -2.2246587581471813 -0.8966961202940436 0.350993397111754 -6.339119597893596 -9.626896169181276
6.512069325744954 15.229050183861386 0.664881512255314 0.34058492219824377 -1.870717664867495 -0.5636641150903983 0.3020297843855856 -6.325852515570045 -9.135693010389469
5.46120963294722 26.92185002288206 0.6072185165161074 -0.22566675229305888 -2.0224529920769623 -0.624596209613852 0.48523318573801605 -6.323025180684858 -10.34581237906278
5.950506605206889 30.108315753933628 0.4553908747740071 -1.1526467851048152 -1.9563482542804786 -0.6032860011740482 0.22436563185031114 -6.316106683072236 -9.221647183026521
7.554963058690522 34.22473146174032 0.6297158647260425 -0.36494264198986937 -2.4082790202239774 -0.8958047298802674 0.31164740356312404 -6.307127090871556 -9.218444776751552
6.694249686662738 29.85023969611505 0.7638332061210195 -1.3437261815266108 -2.21004837850949 -0.5610259474787571 0.522999219069609 -6.280228957283317 -10.721187852052392
7.101195876376158 26.409041141205964 0.5103333013188578 -1.350043051667841 -2.9097747610846976 -0.8586625285634146 0.12472125207106884 -6.250021024973582 -8.864948859583865
9.701632300391944 18.76413574704134 0.6150278574931478 0.03951891673881569 -2.0497011339655002 -0.7492057228259887 0.3403024205762548 -6.244304196774604 -9.355331236889212
4.092675008472005 40.75414060458634 0.6061012219540413 -1.7072283399558978 -2.0225334967376174 -0.8873568223746853 0.3015049930101824 -6.234578416216071 -9.21351478032603
6.527773067369643 24.648844072983028 0.68800733680932 0.4906312135950275 -2.117378661373354 -1.0490893738005016 0.05100865954161019 -6.189182836079152 -8.450174482748935
7.320548612486902 32.24482905625358 0.6769055169677122 -0.4271147040072931 -2.231871988843327 -0.8199635225299109 0.4505690659157794 -6.168734002532343 -9.917701305009784
3.77150086500264 30.41388693632077 0.40806385359829106 0.7377099656733632 -2.8412482340613234 -1.1452615895390335 0.0013474296869469115 -6.154870880668728 -8.829302372992881
3.78717192002079 45.563217970290324 0.5377385860143356 0.1634052435685227 -2.630329146095632 -0.78683612349203 0.2204931965646056 -6.152800221317356 -9.058227059408784
4.162591576576233 30.921321511268616 0.7702769617430203 -0.5767290592193604 -2.7923524379730225 -1.1170308589935303 0.07630604131221772 -6.149323858161734 -8.407704097733522
7.32416358105429 30.17279137438922 0.2985467348094511 0.4486517859767143 -1.2886679163135253 -0.6275400613491517 0.23769053503090024 -6.143998093683932 -9.663008973682595
6.846238173513982 29.940328358857762 0.5611365147645284 -1.3379518133800998 -2.355499663035512 -0.7090173074762314 0.1727202550017485 -6.138313934600955 -8.892712248380057
7.225752608109236 32.844705165518135 0.4168012660919363 -1.4401263908859852 -2.6868032626606775 -0.7460546731194277 0.42210482634145857 -6.1236086074636855 -10.14421164418294
5.185997800904504 42.22687473613045 0.35317531164789107 -1.6733620466545116 -2.225250028709918 -0.8694678588644447 0.5682499646115908 -6.116951223326915 -13.891093432505357
5.185997800904504 42.22687473613045 0.35317531164789107 -1.6733620466545116 -2.225250028709918 -0.8694678588644447 0.5682499646115908 -6.116951223326915 -13.891093432505357
7.014848087048243 31.142952522715927 0.37781759355917116 -0.5855082530082116 -2.388704622927631 -0.8898991742126867 0.4187005827874732 -6.083832658415939 -10.214793816023466
6.083392496618957 39.07276721624816 0.6599444949023429 -0.08586662051484772 -2.1040906067823006 -0.8242139044138952 0.4141222667994179 -6.079900080815749 -9.677463621055107
7.293696483556795 18.70506159343409 0.5857611929092613 -1.2650116565914837 -2.4276881458994617 -0.6868161815034419 0.2989478441344644 -6.064184016683951 -9.234114778953453
9.231824322343915 30.251884326627398 0.2472967706747375 0.46177524054103003 -1.6539297615784476 -0.5880185290775097 0.09299588405093091 -6.054595186896531 -9.487379385988701
4.793551788569944 32.5632668918586 0.2760459296943064 0.5671951096142607 -2.5382583597052113 -0.8696158982407125 0.35413568591253664 -6.053467714324639 -10.16675753518068
7.2292814444061575 26.203325174997836 0.6239494684572043 0.44081373912842636 -1.5554414376488461 -0.6935536462368095 0.011126803098683195 -6.041887999200408 -8.459770737386846
5.978066660960061 30.278456405232934 0.618692026118864 0.5249761694232289 -2.571185010253161 -1.179136208478064 0.5016095650685298 -6.041267467849844 -10.537598437789708
6.750296270027171 44.60140733907305 0.47960477324197454 -0.1918660052656891 -1.9953417095324217 -0.7766651682361694 0.3832543064253625 -6.04082492773856 -9.783454076047754
6.750296270027171 44.60140733907305 0.47960477324197454 -0.1918660052656891 -1.9953417095324217 -0.7766651682361694 0.3832543064253625 -6.04082492773856 -9.783454076047754
4.0683963731939645 33.695774345220194 0.5786346225736868 0.03945048952778185 -2.8325954870710217 -0.8475640317951219 0.2530656022693295 -6.031717185711657 -9.08982826427062
2.5953659491622876 49.39464419688277 0.6813028145178343 -1.6855340201683324 -2.675963493407262 -1.146330618908185 0.4053312386284433 -6.020397426422335 -9.596482384601284
3.711719603939055 42.88304453440183 0.18403148318847926 -0.812731303089449 -2.5839163018187428 -0.6785251536670054 0.34872285387282076 -5.993576317161341 -10.540639371636297
4.715309569838185 21.044299856749813 0.45296502112159504 0.016085462781283866 -2.711726005125799 -0.83128228084025 0.2323133821413127 -5.9927423578182415 -9.249716874360798
4.715309569838185 21.044299856749813 0.45296502112159504 0.016085462781283866 -2.711726005125799 -0.83128228084025 0.2323133821413127 -5.9927423578182415 -9.249716874360798
3.4206399503130873 41.141032124476425 0.47477925136134236 -1.5451152848373613 -2.4186353260073767 -0.77840532548676 0.346902439471479 -5.982033908411438 -9.616995254370178
3.4206399503130873 41.141032124476425 0.47477925136134236 -1.5451152848373613 -2.4186353260073767 -0.77840532548676 0.346902439471479 -5.982033908411438 -9.616995254370178
4.597359140145756 31.47712915816302 0.678801769732383 -1.876970395934636 -1.7453398235220923 -0.51133092628376 0.11848060044022807 -5.959871135968251 -8.600060702938393
4.597359140145756 31.47712915816302 0.678801769732383 -1.876970395934636 -1.7453398235220923 -0.51133092628376 0.11848060044022807 -5.959871135968251 -8.600060702938393
5.10950094461441 30.864790678024292 0.5523624271308402 0.777775228023529 -2.8020983934402466 -0.8330299258232117 0.4889847514629364 -5.921254900810729 -10.47364152543514
5.10950094461441 30.864790678024292 0.5523624271308402 0.777775228023529 -2.8020983934402466 -0.8330299258232117 0.4889847514629364 -5.921254900810729 -10.47364152543514
4.498884509636378 43.930830681712024 0.5293302851692216 0.001435306544712578 -2.1958218818574067 -0.6627415274019373 0.4545614141845489 -5.911169033212271 -10.166513069047172
3.907345326343177 36.50778234658222 0.6956014526281461 0.6922854510345928 -2.5379344743295165 -0.9777130154019695 0.38145184230944895 -5.905501039846326 -9.445505807107674
4.384444627024145 45.21438815152767 0.7119878363056587 0.3497753072947427 -2.4411536409727685 -0.9700817278539167 0.35808771597844197 -5.905493803163617 -9.310767073663975
8.715241262586858 24.893897009220872 0.5500917912099074 -0.2975542812008216 -2.349803166694504 -0.8048752532294068 0.19826426702673217 -5.893710719541567 -8.976547328948078
8.715241262586858 24.893897009220872 0.5500917912099074 -0.2975542812008216 -2.349803166694504 -0.8048752532294068 0.19826426702673217 -5.893710719541567 -8.976547328948078
4.381565313793693 44.00742268708797 0.6775932883517987 -1.5757974582793859 -2.3565535401157534 -0.8807247705813124 0.14043793466971258 -5.892151470730894 -8.65114252262603
3.951700297799045 17.99484727832354 0.4320166931357079 -0.6907181902423105 -2.9753103783727157 -0.8450773165138816 0.39444494263794916 -5.886092703482024 -9.941605925960927
3.807957733773363 25.951035427606186 0.4521894274434489 -1.7907367823657325 -2.820663287067367 -0.9477373461770422 0.11165799147733879 -5.879476035129288 -8.947674058280606
5.983825588970197 26.448197128453945 0.29424886598795913 -0.6382580831079356 -2.4851938753741702 -0.926306970167694 0.0897875509894412 -5.8778337498848625 -9.31113137141398
5.983825588970197 26.448197128453945 0.29424886598795913 -0.6382580831079356 -2.4851938753741702 -0.926306970167694 0.0897875509894412 -5.8778337498848625 -9.31113137141398
5.2315550348657585 43.48193958823688 0.46575364609928693 0.7345556264108764 -2.3828191281445887 -0.9583694947516301 0.1771682183535701 -5.870018786488294 -9.073589213994119
4.648466184701157 43.65430480026635 0.5776893264870708 -0.3390709031436998 -1.8508097602725995 -0.5198262723802474 0.5512600337153681 -5.86950843503786 -11.806350332118122
7.815390273351741 30.64804896244673 0.5947169890902804 0.1097984465086479 -1.8234055656236146 -0.5737700487224187 0.358499035103551 -5.855791142944852 -9.466359221283385
3.5500754365168334 48.23388455813228 0.4185198008761961 -0.6335823600526826 -2.902959757542288 -1.1587997182829572 0.3584143197415053 -5.833649166308927 -9.787031140441751
3.5500754365168334 48.23388455813228 0.4185198008761961 -0.6335823600526826 -2.902959757542288 -1.1587997182829572 0.3584143197415053 -5.833649166308927 -9.787031140441751
9.93840568900046 28.54722837329535 0.5861700866465704 -0.04432746042340807 -2.3795575972157876 -0.5653302440800618 0.4462461666774929 -5.8306551035663485 -10.00712333515348
9.93840568900046 28.54722837329535 0.5861700866465704 -0.04432746042340807 -2.3795575972157876 -0.5653302440800618 0.4462461666774929 -5.8306551035663485 -10.00712333515348
5.731179149039885 49.770922107738784 0.5189516352085148 0.7413521266063259 -2.465680281145577 -0.752191726702153 0.30671636554706166 -5.823804373800261 -9.371477088509554
4.969198307152629 24.11302865061155 0.5341774644187544 -1.1591810916116854 -2.7678143990520643 -0.9229420582332679 0.19161591993106822 -5.818043943779601 -8.985356639274437
4.377546525523719 18.455993765355124 0.6673574779553471 -1.1655593017762753 -2.807214855605086 -0.7349775644193599 0.4026028260702152 -5.8158055466603376 -9.597730310111858
5.3423523804581485 38.18904137351423 0.2738264307431729 -1.4845426187724715 -2.864307678986835 -0.9318529569845828 0.5590416727217309 -5.80606666832324 -12.96819274018456
8.033058294885793 21.397568790008147 0.6108752483613521 0.4832009566085387 -2.0266343727137217 -0.8275085608088708 0.11833724111691127 -5.785701581744996 -8.690158007375897
4.058291699497607 32.02153655430391 0.4561734673090214 -1.4332572421129908 -2.504643760060553 -0.6522885472226538 0.02537495945249236 -5.782284809440965 -8.767857382434578
3.92051983086804 32.54604967346599 0.5492721575494416 -0.4464164591690456 -2.796096046800526 -1.04894747527142 0.009323884829260191 -5.7779849686677505 -8.569088979555325
3.565141997529623 33.788478799859234 0.7018998059901463 -1.8410989593350902 -2.3027129209498707 -0.7802719387610311 0.47504957010270055 -5.7766076933651345 -10.111693907506773
7.282073499365213 36.71235486368328 0.5540735462451076 0.4191538347511883 -2.00282200657049 -0.8563099471029156 0.4629418263205672 -5.771236347689387 -10.199159294640454
6.044761928400857 27.481463447940456 0.5977067956576119 0.2107613950893268 -2.3246877111483655 -0.7266284906216103 0.004928899475771635 -5.7576837492063 -8.486276604233716
5.67059063911438 26.19564175605774 0.6591946077382231 -1.4076961874961853 -2.500585913658142 -0.7874991297721863 0.2717568522691727 -5.736455076280161 -9.036857988392192
6.775641543284806 36.28269229961692 0.6092139344268196 0.6028748273809859 -2.004640730657695 -0.8078273469830672 0.531581512420395 -5.733940303134931 -11.101635078325689
3.8335870198036077 44.672695982111314 0.6566376953459948 -0.6112688928635239 -2.4525928108596986 -0.9235762651823767 0.33703838213217885 -5.706959364205079 -9.284967625144533
3.8335870198036077 44.672695982111314 0.6566376953459948 -0.6112688928635239 -2.4525928108596986 -0.9235762651823767 0.33703838213217885 -5.706959364205079 -9.284967625144533
8.85978993225063 28.27892290139028 0.32748768712655435 0.4712472271754269 -1.7900261929646533 -0.667659046519236 0.19541159112072048 -5.698436108106957 -9.454573073344347
3.818702596424288 35.918200171559505 0.7397824779637622 -1.766026191610551 -2.7778730014538873 -0.9874053265747453 0.07588603515435176 -5.698410447081105 -8.439268415782191
7.28227985505981 33.50848117500085 0.7101372801320318 -0.26770719407092725 -2.5344046901352275 -0.8779293496099938 0.2034639101156582 -5.685952911097939 -8.76972623397832
7.28227985505981 33.50848117500085 0.7101372801320318 -0.26770719407092725 -2.5344046901352275 -0.8779293496099938 0.2034639101156582 -5.685952911097939 -8.76972623397832
8.23869901895523 34.27480697631836 0.7066565142249936 -0.20886516571044922 -2.3026269674301147 -0.7255438268184662 0.1728356896877289 -5.685780119550044 -8.6940377244856
3.673304393182908 41.58349928812359 0.4775198322817894 -0.8713190211276285 -2.802932390508434 -0.6757727229631718 0.3942988329078228 -5.685091890662127 -9.84763881653397
4.35622557662615 26.03133843599909 0.6157967233711475 -0.06800395925115943 -2.840482031748434 -0.7772055824925377 0.36879284582662003 -5.664133996549349 -9.485209202422348
4.625194265338644 47.83803009623755 0.6481090606100604 -0.6220879419898511 -2.309441030809004 -0.8696803276961056 0.07437229552593784 -5.655768800277142 -8.546599007817607
9.203491673526754 36.433515428051805 0.6335035339602046 0.45662832685332555 -2.0966460391313366 -0.6318122176454151 0.39417203943322815 -5.6523302477608794 -9.593776041618689
7.576500587587054 31.874087219276635 0.3586642150936301 -0.29188313298429147 -2.6611777487698554 -0.9323699043420342 0.4840287837384104 -5.64310289212127 -10.817898705936077
5.07175007994432 41.506621645799214 0.5167971852995195 0.7198822827789462 -2.5081276213222248 -1.0668976211354069 0.5269184426068909 -5.639694971558308 -11.140257882200833
5.07175007994432 41.506621645799214 0.5167971852995195 0.7198822827789462 -2.5081276213222248 -1.0668976211354069 0.5269184426068909 -5.639694971558308 -11.140257882200833
9.57541754440727 38.78179796886023 0.47310332173980835 0.0954579309990784 -2.501319868475356 -0.6428342513301426 0.47486504389793927 -5.63178247335336 -10.458361099909702
9.57541754440727 38.78179796886023 0.47310332173980835 0.0954579309990784 -2.501319868475356 -0.6428342513301426 0.47486504389793927 -5.63178247335336 -10.458361099909702
4.385327258248584 19.624947617600345 0.5552031776502667 0.5851325392108215 -2.7551987890336282 -1.204892507688594 0.13616209852725125 -5.615944999508491 -8.81469061372581
5.022713816447091 25.64556428983198 0.350563655333157 0.1005398519481755 -2.7830405515548144 -0.8507489138716595 0.34569536059638656 -5.601824882434347 -9.897675656725681
5.022713816447091 25.64556428983198 0.350563655333157 0.1005398519481755 -2.7830405515548144 -0.8507489138716595 0.34569536059638656 -5.601824882434347 -9.897675656725681
8.537990910241252 27.727819423076724 0.6650457316672377 -0.14501754050753757 -2.469721964296714 -0.8094132980894844 0.4059792733123699 -5.596893944845316 -9.620756679361621
7.2260851116591205 24.65141987257858 0.6671175102626024 -0.7614735478352004 -2.5113274458705 -0.7812357440887152 0.30659612237767964 -5.594088646053812 -9.14988082305176
5.429867106755169 38.632389820314145 0.5900220836261215 -1.245981304657075 -2.291360032104893 -0.738656408544506 0.12233517518562569 -5.58413839273541 -8.729456920719215
4.250359300667161 34.45757935446676 0.35772431100417934 0.07592731953233356 -2.9646764257556746 -1.0989898819120802 0.21480808950652922 -5.579853720494292 -9.422563406787292
3.99809678771071 32.683193532939924 0.5423754110942094 -1.5843135079072002 -2.822203286894821 -0.8911343587259752 0.4617050602373531 -5.571149053523938 -10.207080861623542
5.259138181838016 40.18343993124898 0.6127984946568928 0.5593747135426863 -2.906413636710695 -1.226557831195866 0.37316895021212554 -5.5682092967958665 -9.511187215145725
5.259138181838016 40.18343993124898 0.6127984946568928 0.5593747135426863 -2.906413636710695 -1.226557831195866 0.37316895021212554 -5.5682092967958665 -9.511187215145725
3.7416131421897587 41.63212369394239 0.09143742316575727 -1.8165475148004655 -2.4728552272124995 -0.8753657055223663 0.5722598631979784 -5.552949929446107 -18.611174128603665
3.7416131421897587 41.63212369394239 0.09143742316575727 -1.8165475148004655 -2.4728552272124995 -0.8753657055223663 0.5722598631979784 -5.552949929446107 -18.611174128603665
3.409218476198064 43.707631908459106 0.5416008595719829 -0.8634724037439747 -2.876993659104697 -1.0283751676159743 0.314413224143436 -5.551498518763438 -9.3622370032405
7.9992928201120375 15.31027177186647 0.7028231638213873 -0.44106377975437305 -2.363053243052735 -0.7708235680260036 0.1206369431725594 -5.519790785581414 -8.575762213574794
7.9992928201120375 15.31027177186647 0.7028231638213873 -0.44106377975437305 -2.363053243052735 -0.7708235680260036 0.1206369431725594 -5.519790785581414 -8.575762213574794
9.63938304844375 30.06196160030925 0.41619477523847204 -0.0011371720157233867 -2.849632841249964 -0.5944474597675833 0.11019163665667354 -5.518663467089472 -9.02216801353553
6.901049243738041 24.44818716114741 0.7077887913278887 0.03752503555709863 -2.094007597789295 -0.6483799696518515 0.10323721943384007 -5.517051732407022 -8.532137916485057
4.219875498851781 39.38634001990976 0.5172634056320405 -1.7133889916367895 -2.9001177155828617 -0.9565740895402568 0.3544072346756791 -5.505819371964356 -9.572283010370901
5.2789852729826645 34.17590684242043 0.3545167938719305 0.3024735337284836 -2.728977573387596 -0.7204946894601107 0.14593394285733943 -5.498420245057464 -9.255045926645803
8.133206281219287 22.32279132233999 0.4598244061763603 0.48324039847709255 -2.1673919538673845 -0.7932214054022455 0.04481685075567009 -5.486686397469341 -8.796639265991155
8.133206281219287 22.32279132233999 0.4598244061763603 0.48324039847709255 -2.1673919538673845 -0.7932214054022455 0.04481685075567009 -5.486686397469341 -8.796639265991155
6.013964827960086 20.244687386059937 0.5622069628385095 -0.8368340355860469 -2.538295140156112 -0.8177330686607975 0.3152122778926001 -5.481518901135667 -9.331868516476698
5.3249762563554 27.471833186042062 0.5072170134905221 0.6819706478191838 -2.9564576162332212 -0.9376700459497509 0.4980781223538399 -5.473758466396727 -10.666206645793428
4.829531966016823 43.44049383773808 0.3575312770245565 -1.4890235121401698 -2.6937232291054993 -0.9020747618042106 0.20741975089856773 -5.4533302207837036 -9.402629140288104
4.829531966016823 43.44049383773808 0.3575312770245565 -1.4890235121401698 -2.6937232291054993 -0.9020747618042106 0.20741975089856773 -5.4533302207837036 -9.402629140288104
4.000049710273743 45.053216218948364 0.6166622859710926 -1.202567458152771 -2.983543634414673 -1.024616688489914 0.4017569865703583 -5.4394220892643945 -9.660605745604526
4.946702867910483 16.797794419882344 0.33949842383249196 -1.1999024292335652 -2.7920849165272705 -0.5888744633138892 0.08520265759535936 -5.4258539751319255 -9.16344458125127
4.946702867910483 16.797794419882344 0.33949842383249196 -1.1999024292335652 -2.7920849165272705 -0.5888744633138892 0.08520265759535936 -5.4258539751319255 -9.16344458125127
3.937800992574398 40.76821896293019 0.26562898606242197 -0.6072905903093813 -2.9032940856214364 -1.0203331935668647 0.49022958379245307 -5.403549645920586 -11.181190628396134
3.937800992574398 40.76821896293019 0.26562898606242197 -0.6072905903093813 -2.9032940856214364 -1.0203331935668647 0.49022958379245307 -5.403549645920586 -11.181190628396134
5.835482975643812 24.824620094437087 0.2587859756305847 -1.8362139732615743 -2.665667661690177 -0.6547686570909019 0.2562498192505623 -5.40241776288999 -9.859266927940993
6.543266781636177 15.700345057853431 0.7617745007096957 0.19536794803724966 -2.972877827612391 -1.051985602213694 0.09837046540847379 -5.4015237180922595 -8.462038359585714
6.543266781636177 15.700345057853431 0.7617745007096957 0.19536794803724966 -2.972877827612391 -1.051985602213694 0.09837046540847379 -5.4015237180922595 -8.462038359585714
9.14595629763776 33.8739095386987 0.6718847947858029 0.049553591178591816 -2.8653278735390124 -0.6758819229346873 0.08895941302436522 -5.399354394725911 -8.545687563477731
4.6265911319907485 33.5029009006325 0.5885042882277913 -1.90012852971462 -2.1480120854778755 -0.683240390189225 0.26097821382905373 -5.391407207526637 -9.099970817281966
4.6265911319907485 33.5029009006325 0.5885042882277913 -1.90012852971462 -2.1480120854778755 -0.683240390189225 0.26097821382905373 -5.391407207526637 -9.099970817281966
7.333111658769938 26.228762434750667 0.7083369580273519 -0.28478032655391017 -2.3570960436846073 -0.7887677012762917 0.351843366628681 -5.368308526284748 -9.286292944687077
5.773853837060148 34.730538687249314 0.321554665142325 -1.2239000519949406 -2.821790003521754 -0.8636736212254332 0.11649024409015941 -5.367650680377344 -9.2821291762861
6.447132891054408 31.854502402110796 0.4413781657346696 -0.7788896822203224 -2.7734075346162013 -0.9057883333165351 0.5063537976499239 -5.359004346282314 -10.912724985524813
6.9556732101954655 27.124710022022413 0.7816977636301378 0.34711161533711365 -2.375086425186993 -0.7983903860281032 0.12962393271410794 -5.356104469084357 -8.509767222433805
5.420794238019193 41.81293600897588 0.6577034953719365 -1.1111579957204891 -2.462655861052043 -0.7815689931068084 0.2976081211750488 -5.355211448891415 -9.128695429380336
4.43199661794079 35.72111141797904 0.6803860841498116 -0.3066408647322074 -2.794177089895616 -1.0697641932972917 0.3167251421778607 -5.35194280187132 -9.172112990076066
4.43199661794079 35.72111141797904 0.6803860841498116 -0.3066408647322074 -2.794177089895616 -1.0697641932972917 0.3167251421778607 -5.35194280187132 -9.172112990076066
6.667312216147101 31.337205962634545 0.7503238655939279 -0.3648374056124677 -2.1377872741624615 -0.6171318917343656 0.2853053579545714 -5.348632441290979 -8.975639637588538
6.695557864166053 47.77331886136341 0.6120234952322172 0.5282303763191081 -2.349035849484954 -0.9362022276612474 0.4068903773625591 -5.335915643274112 -9.69772626536666
6.695557864166053 47.77331886136341 0.6120234952322172 0.5282303763191081 -2.349035849484954 -0.9362022276612474 0.4068903773625591 -5.335915643274112 -9.69772626536666
4.658145099726825 44.144875100699636 0.2579383980596683 -0.9440296056904058 -2.2230536979703364 -0.6341194907297267 0.2766570448006466 -5.328334324959831 -9.929200862772214
7.8566256234584575 49.08212672323288 0.6592711375676334 0.3672537643804734 -2.6129525313868536 -0.8128286438716197 0.29903140725860017 -5.313245390433799 -9.13186218908485
4.564752782933896 45.31615775989201 0.3317125049813739 -1.1350305458281458 -2.2984249800112875 -0.7249738363263187 0.4921104783521289 -5.309177263427009 -10.988797768945393
8.194100736195017 16.03425786234527 0.6950193929778543 0.3587437254750858 -2.068600572706825 -0.5301111391502644 0.3358738465251226 -5.306734687500855 -9.232146644880991
6.167014345247111 35.50903788698392 0.6243051005158543 0.37503565599907285 -2.4823662243299998 -0.8916218103913769 0.18321040647363876 -5.3046602095596525 -8.825418069656923
9.639575954687283 18.5727874528689 0.6058523793498859 0.5472724947553385 -2.2824499016493145 -0.7664390612747676 0.2489366429503141 -5.303278431624343 -9.036519368488834
7.5107290009019945 33.74415808223773 0.33983879549105667 -0.5109255904427594 -2.3490994906601177 -0.7407469979538597 0.32189059329509734 -5.29931317551762 -9.827654138940341
4.0464501454808985 36.43668338076078 0.38254332699681315 -1.6538230208267546 -2.464861964180269 -0.6073238785816111 0.1689278504408922 -5.293461425006579 -9.237859542728014
5.779880300328237 45.09987914844697 0.6063194732653809 0.5822764461732994 -2.3647187312474154 -1.0059201756120926 0.4504531517667984 -5.274638867785218 -10.011346014558614
4.604975767361466 35.8280596273122 0.6466468890126236 -1.5506943927910164 -2.4218923048702417 -0.7098597828581914 0.2799774412267699 -5.245712823878774 -9.080988737225608
4.136248247003522 43.5600284986792 0.7504993931861367 0.4332359945790607 -2.6172067231711207 -1.0516708256422698 0.48105644339532266 -5.242288521954792 -10.120635556656605
6.117146277418783 22.546885620049057 0.44177860941128094 0.30185319375181763 -2.8849618751635124 -1.0330644112925258 0.0898970590392899 -5.241769352531584 -8.92324537913849
6.117146277418783 22.546885620049057 0.44177860941128094 0.30185319375181763 -2.8849618751635124 -1.0330644112925258 0.0898970590392899 -5.241769352531584 -8.92324537913849
5.500409375796401 25.116582792265703 0.6254259606466991 0.24590135693007875 -2.887225950818402 -1.0484435561622572 0.14902946811152043 -5.228416021458862 -8.739682935947304
7.014794442169739 48.87222376197815 0.6594245720405153 0.22840410771162567 -2.3961737486890304 -0.804615967098854 0.48700778706714315 -5.220414116275261 -10.295230352492679
7.291144560541709 30.17332903679872 0.678084923466537 -0.32740071782341085 -2.5325268040702866 -0.81737246212833 0.46772325081410776 -5.2127709397953135 -10.067992617020202
7.291144560541709 30.17332903679872 0.678084923466537 -0.32740071782341085 -2.5325268040702866 -0.81737246212833 0.46772325081410776 -5.2127709397953135 -10.067992617020202
4.226463556289673 36.3795405626297 0.19446315587537744 -0.6359915733337402 -2.8630956411361694 -0.6327651739120483 0.38817821073532105 -5.206778348899924 -10.680226428942602
4.226463556289673 36.3795405626297 0.19446315587537744 -0.6359915733337402 -2.8630956411361694 -0.6327651739120483 0.38817821073532105 -5.206778348899924 -10.680226428942602
7.352337889646164 23.187925431257632 0.7624424666438728 0.19965488146022325 -2.5931429762827367 -0.9013322435903035 0.0004675520972703733 -5.195823125389791 -8.273587275058334
7.352337889646164 23.187925431257632 0.7624424666438728 0.19965488146022325 -2.5931429762827367 -0.9013322435903035 0.0004675520972703733 -5.195823125389791 -8.273587275058334
5.152831184627122 41.277792204300276 0.645101818176521 0.46406640701909296 -2.8352821675483852 -1.1555524395047883 0.508041673925316 -5.190413816889119 -10.5967722415515
5.152831184627122 41.277792204300276 0.645101818176521 0.46406640701909296 -2.8352821675483852 -1.1555524395047883 0.508041673925316 -5.190413816889119 -10.5967722415515
7.993159499937851 23.339511651900917 0.7332932654409408 0.6009868923328261 -2.515788915524319 -0.5658506040529656 0.49704981080354826 -5.188826954923265 -10.331890121052355
7.993159499937851 23.339511651900917 0.7332932654409408 0.6009868923328261 -2.515788915524319 -0.5658506040529656 0.49704981080354826 -5.188826954923265 -10.331890121052355
6.315126764536768 31.108642631139453 0.6410956175472572 -0.5687976708317555 -2.4061406835022945 -0.7640676545007392 0.16567240060722943 -5.186032862716511 -8.758440983213656
6.315126764536768 31.108642631139453 0.6410956175472572 -0.5687976708317555 -2.4061406835022945 -0.7640676545007392 0.16567240060722943 -5.186032862716511 -8.758440983213656
5.685628882954314 31.79177540830142 0.3388020863090661 -0.8591970753418783 -2.5636297370085943 -0.8126776935075188 0.18223278839594995 -5.184806644220849 -9.3875123001806
5.685628882954314 31.79177540830142 0.3388020863090661 -0.8591970753418783 -2.5636297370085943 -0.8126776935075188 0.18223278839594995 -5.184806644220849 -9.3875123001806
7.020476515156813 22.616096014983082 0.758920268389365 -0.7068329691746691 -2.352064848000442 -0.5818863202288211 0.4559232061115876 -5.174888684020277 -9.868616873448303
5.881765243985364 40.228675635780164 0.5071956719526587 -1.5054116953342644 -2.63741738952395 -0.6948152687581373 0.4625475389440169 -5.162643563497544 -10.275512206970884
7.241709291834764 20.595971681888397 0.6454383520185409 0.5444269760115645 -2.087412278497075 -0.5707004972785685 0.060999961588913375 -5.16201147253589 -8.523639354564265
4.936464534643331 19.60538182428727 0.666962480376877 -1.4920498717924169 -2.851106955864201 -0.7227587237028921 0.029367572097561353 -5.161259898200907 -8.435667396141207
4.936464534643331 19.60538182428727 0.666962480376877 -1.4920498717924169 -2.851106955864201 -0.7227587237028921 0.029367572097561353 -5.161259898200907 -8.435667396141207
6.058757414681509 32.455082469193975 0.38343357847950527 0.048744471207355033 -2.4701980505279373 -0.8346541528593021 0.22682171526441255 -5.156752587908891 -9.390538096065738
5.263194826342751 43.25577744464414 0.27856271133638516 -1.5581753131833174 -2.7628820249794224 -0.8180312450283509 0.4832907252195519 -5.154453450252716 -11.053758784396772
5.263194826342751 43.25577744464414 0.27856271133638516 -1.5581753131833174 -2.7628820249794224 -0.8180312450283509 0.4832907252195519 -5.154453450252716 -11.053758784396772
4.627079428763316 46.325959487045246 0.3670057795016186 0.1285621535808361 -2.5756950669321785 -0.8758315941617227 0.30222921486493953 -5.148418104364377 -9.678417577674809
4.400439639428118 28.71190129205049 0.45323670598806964 -1.6351718969484945 -2.8781777950725846 -0.5780324901807767 0.5155212132013303 -5.141777875332901 -11.037436755824976
4.400439639428118 28.71190129205049 0.45323670598806964 -1.6351718969484945 -2.8781777950725846 -0.5780324901807767 0.5155212132013303 -5.141777875332901 -11.037436755824976
6.2197848745977256 42.02719032800789 0.680638228823131 -0.4371885006868905 -2.1410334125048447 -0.5402418687942845 0.40940283951811873 -5.129035141366499 -9.621975281769725
7.090442884616882 23.05738131050817 0.45501372108784743 0.43942107867615476 -2.968871189469075 -1.0368385628450831 0.06864299341409401 -5.1282132946529595 -8.852624902288236
6.520358805789366 26.812031850356952 0.614726437734309 -0.8502312357225816 -2.7499306827142362 -0.830327879831747 0.38055109597989106 -5.127395116615791 -9.546207834363972
9.49775979704035 25.40356213113592 0.5462957026921833 0.27527773913933196 -2.353387583637949 -0.5344922632713356 0.27522823003353675 -5.127271107210049 -9.213072438065428
4.437062923495989 36.48748496622675 0.4921799083243368 -1.4742879712209516 -2.3138214635461285 -0.5262526187868755 0.3861444338817599 -5.1271953694801375 -9.77503949771443
5.668508706267687 26.569991957505124 0.41562124839623815 -1.9817296148469534 -2.826584299039545 -0.6281158577462431 0.04457330276166268 -5.126739004807924 -8.890714332626173
4.830074796513223 22.70607289712489 0.32744208260551505 -1.7563275082168541 -2.6058858346978484 -0.5265754430008203 0.30157656892819334 -5.116812803559565 -9.785454703434885
4.117600906309595 37.14672742829423 0.43168687993594745 -1.6873878159391922 -2.6334392103356876 -0.6681362399725992 0.5619251642467381 -5.112229937099858 -12.774876812604417
7.391296822558651 34.513900398142084 0.29216063528638875 0.23736058341720234 -2.498354779699328 -0.8939892790849142 0.20009000350417375 -5.1087508329710305 -9.577535336752781
7.188994355402382 37.40709155761155 0.5582087357421907 -0.7536666809347841 -2.5974613830383455 -0.6810619744701163 0.29839153566757726 -5.10641759828599 -9.274890130125867
9.66613665743822 27.766395655416957 0.6494890289799846 0.2920418431851415 -2.6872789691548316 -0.6534640503185565 0.1414818769557102 -5.101031649221001 -8.689516819855731
9.66613665743822 27.766395655416957 0.6494890289799846 0.2920418431851415 -2.6872789691548316 -0.6534640503185565 0.1414818769557102 -5.101031649221001 -8.689516819855731
7.621879968119906 36.80251996814826 0.612781046534927 -0.1498482510290089 -2.267303207540385 -0.6534780797467978 0.5216507810790684 -5.088392493836151 -10.878781010207417
5.668319924074468 39.8617448133561 0.4866331298446363 0.6258293844239029 -2.4154889872215644 -0.9459423760998451 0.35393646725531747 -5.0872504365835605 -9.625954278209724
5.835067540594334 39.38335300885099 0.6523126432463646 0.0686196846348257 -2.5873075543323174 -0.9550824632648385 0.5192804564894882 -5.087232294580432 -10.779182657693545
7.223092382386629 27.67464135231629 0.41680915703152766 -0.44691986834448283 -2.2688572577137984 -0.6049227915598574 0.2957985811629731 -5.08177929589378 -9.534217457538666
5.760703177710662 24.998993472481143 0.523913322459744 -1.0617810195990938 -2.820936156675036 -0.7897808264339257 0.438928961453016 -5.0718042307646085 -10.051261708949966
6.3035908537414 36.320710618759016 0.604022593276175 0.4407170783402359 -2.969205194533174 -1.0827977804849191 0.3731052540561407 -5.0699679189326705 -9.523466800015557
6.1392515734496635 29.801935897689035 0.3017050748564814 -1.3485304223524648 -2.8564804694874697 -0.7083751203263886 0.4060190543211749 -5.06559466125731 -10.351786247409374
7.123366719250009 34.4851492206749 0.6932323549275379 0.4291889750551139 -2.2258103709688712 -0.6874055219692754 0.425462961621866 -5.065351943515893 -9.710348366864379
9.272042134586908 32.27129359382871 0.536100051797147 0.4738844026146616 -2.5862982760882356 -0.7454897351016134 0.1748105477422275 -5.064871304580771 -8.938926177205552
4.530553219338155 18.263638172284704 0.5494771756481219 -1.9085125867927053 -2.997280775338375 -0.7017475823441193 0.04037779262696605 -5.0645355923898645 -8.625483699827148
8.894893398874531 39.13204446321747 0.4262664119831532 0.16091449976429928 -2.525604448908188 -0.5274163199339972 0.47242252699055054 -5.052887080412807 -10.530758923451202
5.28958926779351 33.588399268408146 0.5096563389134683 -1.2750881939164571 -2.8566103799984846 -0.8121693689931186 0.027865723593607894 -5.051644025863373 -8.670304125886586
9.862496331718855 24.975299869559663 0.473505685881953 0.3124240557007645 -2.6227678477085257 -0.6651947330363983 0.007320547496616 -5.03698351654663 -8.700819924692691
6.0169410481282375 43.45835580172485 0.6948331098481757 0.4491177127725008 -2.491310062908416 -0.9488691560507605 0.4979619789314997 -5.027598375448974 -10.3884620393806
5.064657766713816 27.859740816331616 0.4562425564860887 0.03728727991507608 -2.8469072808360854 -0.9196716216092402 0.5082608765190548 -5.013048278933552 -10.911156646121558
7.26063183130336 33.863010072354214 0.7059331894034349 0.0892241738021271 -2.7992216646010166 -0.9165141129851282 0.39477736551049497 -5.006282349556456 -9.505599056481165
4.87939841073498 29.78136413340386 0.06828869843369717 -0.6521795385879077 -2.9099248123744075 -0.8212939272852267 0.11984526557382963 -5.0049871810951085 -10.822423281256823
4.87939841073498 29.78136413340386 0.06828869843369717 -0.6521795385879077 -2.9099248123744075 -0.8212939272852267 0.11984526557382963 -5.0049871810951085 -10.822423281256823
3.8961660438938535 48.15869261494409 0.514804880638584 0.017604625547958275 -2.7506244035484704 -1.0162033718641128 0.5267790067989906 -5.002275963016094 -11.140710577844022
7.279843497822067 45.11823896969946 0.5274541141714421 -0.31855658947236076 -2.500333673375219 -0.7037594016591786 0.37068167430440874 -4.997201563007787 -9.632170493212366
8.044339876179045 28.29032940427456 0.6140385712039118 0.4982011740217174 -2.118511374870276 -0.5622382397305343 0.21326573646623787 -4.994150898364436 -8.920194684650342
8.044339876179045 28.29032940427456 0.6140385712039118 0.4982011740217174 -2.118511374870276 -0.5622382397305343 0.21326573646623787 -4.994150898364436 -8.920194684650342
7.5258639036000705 32.430159658998164 0.6049158043293499 0.5521555682400545 -2.2056469147831765 -0.6827282612458441 0.5330639161433192 -4.991438290146897 -11.14481623893365
6.860263311668822 38.49338212703822 0.32568167976339873 0.165501817398372 -2.338850992925667 -0.7988131740949571 0.2164071494347414 -4.991025791154913 -9.517208845484154
6.860263311668822 38.49338212703822 0.32568167976339873 0.165501817398372 -2.338850992925667 -0.7988131740949571 0.2164071494347414 -4.991025791154913 -9.517208845484154
3.742727560912688 48.17814158914765 0.6604019865230111 -1.3921207035458933 -2.446463487972262 -0.8056328896180975 0.3709024549628194 -4.987942028703532 -9.435448457543288
3.742727560912688 48.17814158914765 0.6604019865230111 -1.3921207035458933 -2.446463487972262 -0.8056328896180975 0.3709024549628194 -4.987942028703532 -9.435448457543288
6.014472762401055 22.409166730968142 0.43265377493438745 -0.432628610930907 -2.442483668075102 -0.6585688032688255 0.24195702024458826 -4.985398996091179 -9.32132223307807
6.014472762401055 22.409166730968142 0.43265377493438745 -0.432628610930907 -2.442483668075102 -0.6585688032688255 0.24195702024458826 -4.985398996091179 -9.32132223307807
4.887086342679774 31.317570059059836 0.1290561511839742 -1.058263345044328 -2.7161023060882736 -0.5042048649765754 0.40922585319359717 -4.982494967130778 -11.20801078713624
7.532301979808528 42.154800753866695 0.532853946729438 0.5508184998749419 -2.9640963265565428 -0.905011360675323 0.212629495422386 -4.979154893689075 -9.044363579007275
6.418557550603759 48.0947640712538 0.591091095998804 -0.39296009719317637 -2.854777038382435 -0.8940939375802803 0.4883842187990535 -4.977433725220043 -10.406249216010304
4.343154513669347 30.826590912154938 0.4370513082764328 -0.6681481288684576 -2.7079388688661017 -0.5333117082124805 0.41421086262675333 -4.975147476879796 -10.04849778448205
5.585953753745332 35.02742574063847 0.3494455434821295 -0.5939524753311489 -2.202015502352454 -0.5083730872959871 0.2958270033438648 -4.9729008098501 -9.701911930472155
6.007293016941567 22.802449905189587 0.4320537134902538 0.558574606493011 -2.868343565791311 -0.8815901029142892 0.423011930006886 -4.970233959486893 -10.116509251549124
6.007293016941567 22.802449905189587 0.4320537134902538 0.558574606493011 -2.868343565791311 -0.8815901029142892 0.423011930006886 -4.970233959486893 -10.116509251549124
4.782962947699289 22.937170279039965 0.273381353236064 -0.6160846981333203 -2.951821999810795 -0.7907993170148799 0.4247785495716242 -4.966924563674652 -10.56726739383394
8.152459809050224 37.82409019581404 0.7594285042377374 0.06285787680347843 -2.8684448901556236 -0.710708940329118 0.5534494886122111 -4.9636796002708214 -11.683942399310304
6.502183899108454 19.064805485713393 0.40053128800355364 -1.2150800893317903 -2.8703305112041626 -0.5459962923785677 0.1095141399985209 -4.957121168391527 -9.056908554012612
6.20576739410937 36.64597076091903 0.7172839381945395 -0.1536380120764993 -2.2745184704105417 -0.6987853345247097 0.3496400759113892 -4.954451282102415 -9.266002485432688
8.68485351707566 24.9584570985388 0.22010511676706043 0.09964439909708389 -2.600375859111248 -0.800853998880704 0.09226016522750875 -4.951282452566878 -9.600203772084884
7.856354622628405 47.28999953391691 0.32243491374978317 0.04663027893247795 -2.55479119291157 -0.7853360168210042 0.43748298533219143 -4.947856705893457 -10.497125580021693
5.846605813194422 34.75213902972658 0.3233324992255017 0.2979882864414032 -2.785547017242758 -0.8196533449970684 0.1729572258429448 -4.941540173040602 -9.40903233034052
5.401494232862881 32.487991606580266 0.41067760787398955 0.12882772539526322 -2.7954714770007776 -0.8409903070336955 0.09995844410375546 -4.932718136261699 -9.012845480228084
4.964199033049928 32.15331344337152 0.38034289103668134 -1.8688911282066831 -2.7312570808469783 -0.6564573512767806 0.2506467424544993 -4.926844056037025 -9.469668231960584
5.841485342783344 28.591312471577865 0.493146234789001 0.5106442976241397 -2.824267974984602 -0.6775847703607587 0.11290066729350762 -4.916111678540504 -8.870221634536314
8.328973456410605 29.547192480887034 0.7352907957892331 0.5455570310346962 -2.6962559597311486 -0.6112676249319162 0.515173893633404 -4.9089689702225465 -10.604813459593835
6.6761207583514635 47.11129919159095 0.4605938302948672 -0.28930294796446354 -2.386566786313653 -0.786990168159615 0.26511661627404054 -4.899811954481507 -9.335623183408828
5.724266581688461 31.875848260370237 0.5730421275151372 0.30121516290962 -2.7382309007563372 -0.7467166478420166 0.47149455493432135 -4.898405062983154 -10.2504972268572
7.973137374105457 39.82519703990737 0.4178881894308244 0.572033100109822 -2.553467817086131 -0.5405319884119546 0.48321420791465103 -4.895534822207006 -10.66363969710542
5.991009577628176 34.89951120586199 0.6370270346037483 -1.3585069401469925 -2.616650336142988 -0.5387156340226249 0.32537679980614254 -4.892979315269075 -9.262577669851185
5.832721478352988 41.32941877818099 0.5545950973599503 -0.7124174612677616 -2.2303389307557033 -0.5367991070322429 0.1578870123567279 -4.889439491602125 -8.866755032815728
7.272901328921787 18.787829900144125 0.5239120895992846 0.6011751394859401 -2.668003158422998 -0.7356433737899111 0.2959566154668826 -4.889196457667781 -9.323142314931024
5.212308943271637 48.688919842243195 0.6573039757662437 0.6116159558296204 -2.3240238428115845 -0.7343696355819702 0.5112146497964859 -4.885444096801418 -10.631319088020792
5.903683690192727 34.84196258431695 0.44025797804112543 0.44107726513252654 -2.7847561114616464 -1.018000641912304 0.484354891263865 -4.879802316979534 -10.627604621414335
6.212260457792168 47.9306600327382 0.4481772371496229 -0.3157402467864343 -2.9137332705429606 -0.9518935582742656 0.20892276339906776 -4.876982694153018 -9.193097675706197
7.8473289188242745 24.493599869203933 0.6128680107233466 0.011049042001810783 -2.821262341333496 -0.8594391370054524 0.40345023882427417 -4.874952583208303 -9.675952156446359
8.369958136619905 20.94858723091548 0.6920510339351542 -0.2046523957093831 -2.485760812483683 -0.5837240862811939 0.3142022795360074 -4.867213865613492 -9.148050545816918
4.5689816831482934 33.51069376386773 0.5983143121810154 -1.7409216703135297 -2.407994753142901 -0.5084477658413054 0.5488206804741378 -4.863721354022959 -11.666204585024296
5.853188815149605 42.67046916701184 0.41970278717533893 -0.49511360277001737 -2.168056411694595 -0.5653566837690684 0.10395528109155747 -4.863646818819254 -9.000866767223895
8.042891025187206 27.88686624327842 0.29157741845970014 0.5791261239502514 -2.442907995148701 -0.6335210662864164 0.4451036668615062 -4.8416124460332375 -10.65268561663664
4.94899946046509 30.635722698992385 0.7631808908849348 0.5731378092625818 -2.714775393598205 -0.9831997776811852 0.4562041006639602 -4.841565184430317 -9.86655804941153
5.754697817787379 38.153544954154434 0.2077201450353964 0.3474026067609848 -2.8747690496549647 -0.6109669445886272 0.19744644847275278 -4.8338414775394005 -9.904506710146626
4.773642760399361 31.545355798774995 0.46921317525051515 -0.35943648611133905 -2.7660951503452935 -0.865250069752908 0.13175247833073656 -4.8294543057115735 -8.957963064071915
5.523362944865001 38.44070127798472 0.4125567879549895 -1.0855659488621519 -2.656214490939585 -0.7254098819835244 0.39880333820324615 -4.8265367010348195 -10.009720383479351
6.757538294408977 42.265604522751076 0.2952569031299829 0.4286438683468319 -2.421259411961082 -0.864916440795922 0.2632917205152275 -4.824148289299513 -9.753333361266378
6.64018882857269 23.79517425050249 0.24595760824566532 0.3009223866846429 -2.9007655559491656 -0.759146377112383 0.10095802616755384 -4.822919571294761 -9.509446645160317
3.9135185587968424 45.64133830581265 0.4765665751796818 -0.6316965628900384 -2.6990847851982247 -0.680917545443664 0.3746183355487756 -4.819706028671724 -9.744671172274325
6.8265363574028015 31.94057047367096 0.6926591968355864 -0.22587734460830688 -2.274705648422241 -0.5989624857902527 0.5388900740146637 -4.81474863244401 -11.189201160511184
4.799460050538006 39.121235013032404 0.5165595582621962 -1.4626780752742048 -2.423856127336493 -0.5404732942533741 0.3846417751121366 -4.814018354305334 -9.722827936546073
8.940934850271958 19.399909876042006 0.4274259261077868 0.30711663763969455 -2.8128525082656823 -0.8046316860034204 0.22731655913896096 -4.813415371295344 -9.289368116124855
5.450268240483346 28.85166236178226 0.48184429425899283 -1.1627698601471246 -2.716395229879555 -0.5941633894904155 0.3670526094783375 -4.808991301330114 -9.696974399145116
5.818960494912386 25.97296566564598 0.21553079679129533 -0.882172472969573 -2.912566992150999 -0.8195730482750854 0.45334141467330513 -4.808445091456825 -11.015333719823573
6.6877975694660785 32.10820397144852 0.7728805843074835 0.36822791055971305 -2.786450045709062 -0.9458975201902864 0.28830695434212167 -4.807621717919061 -8.962491029566905
8.09826184624641 30.695296878161663 0.580700555829011 -0.0012437471112825005 -2.4191378723494257 -0.6470714923896481 0.4917554024929441 -4.806242565899752 -10.462859694175455
6.127437525962364 31.969304546023025 0.2527520327654152 -0.9288540266845344 -2.530035706704852 -0.588114799009738 0.3344712916561084 -4.801103080639527 -10.166588981073543
7.0503757380888725 30.02936924382691 0.2610691020215362 -0.2880335071256934 -2.61929404522982 -0.8413516722123191 0.44529513588706454 -4.794599855774983 -10.761886789510315
5.807170674206614 39.57681378832625 0.2618392496551114 0.5907302069093712 -2.8718744745039775 -0.9916382033556581 0.11284752132900437 -4.792986586675761 -9.47376788723874
7.61359415122738 29.524020448964023 0.5513764556256455 0.2468332141382792 -2.7929983840943664 -0.8952078637326846 0.11093023621759898 -4.790876490261061 -8.764657554355976
8.268723744525602 28.451843434643713 0.6907991268462385 0.5304480035686074 -2.5459106778197405 -0.6348362540229089 0.13589146618478792 -4.786624037032238 -8.624480720077674
7.640461659563041 40.39044543403433 0.3727071487609303 0.07584626721873367 -2.2793392141642457 -0.6591605420673732 0.45733719126593764 -4.784515607103194 -10.517287731932402
5.570157944148901 49.65187899694112 0.5330525009893611 -0.6143070373536474 -2.6191822774620084 -0.8553978966605036 0.3728039545782203 -4.783707432696502 -9.63319777387248
8.26035508785637 20.18066695939008 0.711091798729526 0.09379206381770278 -2.352434511992837 -0.5443413394748755 0.0748069185778746 -4.781751485929192 -8.469457892852965
4.793417828964344 28.824411252536255 0.6540747626562092 -1.9466934018548538 -2.617347191654863 -0.5741467191885499 0.09733354976047187 -4.767249935382955 -8.58597022484231
5.455674512377194 46.50744059888952 0.3546608889793977 -0.9400528809206001 -2.32390761803168 -0.6152052009670195 0.4985736917263486 -4.76456763522724 -11.008474360620118
7.015478292624279 37.90933146936739 0.604594274961445 -0.5320156101069471 -2.5450566217341946 -0.6079303476983511 0.27228383889203833 -4.755858826605257 -9.113254113259886
7.022612270626244 24.410402672804658 0.5808022358278364 -0.13486788192254662 -2.247457783038902 -0.5192879502992103 0.22485396609609315 -4.75538255805933 -9.001859439086815
4.444657340240894 44.89150311153497 0.3336165814497827 -1.4133217034124792 -2.7537001229704514 -0.6565586985330336 0.4702248408277973 -4.752615283405677 -10.742237289029596
6.550704857698133 27.015690236032253 0.509743532731092 -1.1282786716134536 -2.8519027061265336 -0.532670880792582 0.17848385550680534 -4.751896820698951 -8.993940969510385
8.243564007644554 28.230765413491838 0.5096954526681784 -0.1361286971353568 -2.6280556361749885 -0.6385273070829833 0.033845735345499554 -4.751121258895528 -8.68127677569162
6.700925488963398 20.600284560815773 0.49341921079716206 0.5699083571954597 -2.7607019867270477 -0.7167944742307872 0.011224550401913941 -4.748405582500378 -8.669817766764456
9.228893030135128 26.648375272865493 0.09131560461560073 0.29627107517258056 -2.7269640102027166 -0.7169048405949892 0.25645216832754764 -4.747873997361315 -10.8917902792455
8.536057957529383 29.994970730596116 0.4550163802632922 0.0203840238198012 -2.600083262799293 -0.6067596877628931 0.04622188868678783 -4.746578119135948 -8.809073719075455
7.056989972163517 32.11294658328569 0.664950014340651 0.18375395402401384 -2.2913771398889984 -0.5666344314767238 0.17955401493472953 -4.736816060627955 -8.761980185799425
5.532008348199518 32.974583222622925 0.46871455538247053 -0.9687066079610072 -2.665142419110229 -0.7046785712056138 0.03809097246907713 -4.736444421249501 -8.766218099721787
7.809298581550959 38.26146404026031 0.24702900641055822 0.19967042943356272 -2.4292696064672703 -0.7642390411391582 0.4551428933411237 -4.732863079208029 -10.896615477609688
5.9137662297078535 24.699391296943958 0.5555115806774691 -1.212045072907066 -2.808041520899794 -0.558364832937853 0.30540953637843804 -4.726253218941485 -9.30516839005591
4.220892064971455 39.96489795791131 0.6373804595346066 -1.780520484676892 -2.744530897739483 -0.7472378963839041 0.3005926208558446 -4.720798637848379 -9.166488811426968
7.580704596610602 16.019428073650193 0.6962880200660573 0.03948113491077887 -2.402741216693581 -0.6260986457902686 0.1275322017424436 -4.718485523865008 -8.598908754313367
4.489328987937674 35.083099863975306 0.4277158042146683 -1.856591605742636 -2.5899724723869073 -0.5113235619009524 0.40420047017033645 -4.711266489870176 -10.007367271107022
8.376056359631747 24.012065892006625 0.49798374319161604 0.17791529011776408 -2.902539337332833 -0.8196030195459323 0.22879595867422609 -4.6985189895687665 -9.151919989497342
7.4059032276727805 23.394555462881776 0.6818207003596881 -0.10704901378814613 -2.3610999101811414 -0.6189933374240577 0.4015584129299607 -4.696238233808853 -9.573512739341428
4.7615586862720285 27.29627570884077 0.7070696581273709 -0.48366306912882795 -2.625214445917644 -0.6281471780796029 0.16663798898867535 -4.684165445442531 -8.678161921049188
7.14428826044657 33.596300404490854 0.30408388892157406 -0.8573162571378901 -2.8025202154904925 -0.5924589113649628 0.09832296981424792 -4.682163248166625 -9.297084452350791
4.919085200799051 48.51376154304147 0.5537310705106462 -1.3652070933398293 -2.8036828782773324 -0.831205536074251 0.545221100462054 -4.6721196096389255 -11.592814606681625
8.385764844402448 24.92262081801055 0.7261957005722385 0.13930558113817115 -2.5612666044776318 -0.5268597675761537 0.1484401766298209 -4.664355301066926 -8.612332987481567
7.193117168989057 37.1284321403497 0.756299181391573 0.44059706865083825 -2.744603689735915 -0.8808941209938248 0.005076735374266288 -4.661609995313581 -8.288150625206518
7.946613347289393 30.858600815076283 0.3097856924109516 0.5286065697167484 -2.4508953750947016 -0.689121510148365 0.5169033242590761 -4.654618968028294 -11.42414107750055
7.866504693752877 38.36248767986646 0.39096981772698874 0.12436829613938505 -2.3745225972235104 -0.5932102697770585 0.29870033109029026 -4.650633022114269 -9.60524447962773
8.422256270408148 20.13306287506846 0.5289340776660505 0.2178611354286959 -2.4792226200629983 -0.5649292862230628 0.2963826365153086 -4.648564899558599 -9.316042630543079
6.3783821483530705 39.834487989393836 0.320218438098274 0.1794704815936572 -2.774394681379229 -0.8538142894561691 0.3517891525235486 -4.374343461344746 -10.012044046483332
5.772633169912469 28.956994511720644 0.480002648639407 -0.1351039281130233 -2.8598514019429224 -0.9573838523712257 0.5167211644716283 -4.638466114648418 -11.00560694378637
6.811580053142647 42.61993194296155 0.21815893324823848 -0.44618945887542005 -2.8821807399462265 -0.7659064268761626 0.3841363120822766 -4.358380477426061 -10.545176353327498
6.472255644967665 22.167657364443706 0.5085286345057807 -0.08488941367392733 -2.828951461949719 -0.8621567277083266 0.4496876433398103 -4.487165305681063 -10.162412332356226
5.066698420012381 44.37084221107831 0.4452757120793433 -0.624496988725662 -2.9529104694386126 -0.659252719708828 0.5696943573365373 -4.082279088409794 -14.099532062551127
5.5311199224692436 45.92802124414962 0.6014955760169283 -0.8099002703395928 -2.753658266158581 -0.7292545514597375 0.37944484753370383 -4.209407229870259 -9.559465828967864
5.4964773961182285 39.58234505340351 0.6411690071952708 -0.8014420558689548 -2.783554323688178 -0.6685378894850227 0.47331187461415936 -4.1167727618130625 -10.170476708729176
6.269018547923362 39.96130147862908 0.4335414342336962 -0.48446089468255615 -2.9151185740064953 -0.7861888400111141 0.519726723609166 -4.246073115147301 -11.155728331857048
6.1095463982929905 36.65292314360474 0.41701403861186676 0.47655260725932 -2.8872013507263046 -1.0097684500216455 0.40444243129944063 -4.639301219728775 -10.032621007140735
5.173467934444487 47.07983026806721 0.46965765911743623 0.20006338887584274 -2.6561894100201244 -0.9299901756168194 0.39522810743402365 -4.6237796241719975 -9.86821169166205
5.766421005359631 46.22106581025625 0.4716322698644505 0.21717107595522211 -2.7547772806185353 -0.8655046617513489 0.3234275959538855 -4.2424129193119855 -9.524108939473871
5.535588575636677 45.5937968336402 0.4426634514554604 0.35406243585571806 -2.95596436632297 -0.887911692967394 0.43100763271753917 -4.371818172935813 -10.148824882313066
4.514697907194389 47.32061996352685 0.5628537201245122 -0.15101835808006991 -2.8594690236612155 -0.882897834792058 0.3669468966259621 -4.196229139583034 -9.55543115318675
4.80270393981159 46.877962693992174 0.5304561327908168 -0.0010411062723982845 -2.9285751756800398 -0.8330468721087523 0.37073306243296233 -4.312753021311324 -9.627289342447494
5.807004126483664 44.813367084958465 0.5283808753997704 -0.5128597452724768 -2.794278717070802 -0.756354999703531 0.3682118087066956 -4.13335881493334 -9.618411408243794
5.95742589281055 35.806525550351054 0.1932657254387561 -0.07315629065697404 -2.817927659193343 -0.919813668530634 0.3776548581172783 -4.48224232139239 -10.630774181224972
5.886913683708721 42.32485982614301 0.5191685137788206 -0.139988232791614 -2.697816062181823 -0.8203112871710405 0.31436811241270063 -4.219337281825849 -9.400320559391877
4.324479395902236 44.85465374738864 0.6345434581531716 -0.33186251149439405 -2.9022546342637416 -0.7700033046824686 0.4787572732461486 -4.396909772698911 -10.235938393179463
5.689929384961717 23.404796827942043 0.5134046470260442 -0.37335636609508294 -2.9573494438998353 -0.5685223519008931 0.39951201858516266 -4.165681464105481 -9.810914030600316
5.393275166958323 21.773174342932396 0.6943352015135998 -0.709159297062008 -2.9335140846023178 -0.7794945792803389 0.45344848935394444 -4.332712835654689 -9.920310627349885
5.996869854157276 20.37397344596214 0.4879519955258423 -0.1539046005384881 -2.926317957314622 -0.877279183209057 0.2756212168561771 -4.465319255768024 -9.317097532714852
5.773498080344157 36.575279781980086 0.7511813174608546 -0.395985472969391 -2.79839864745785 -0.7725662165201372 0.22252907325427468 -4.156832237797617 -8.776968232841732
6.385762506091663 29.48035862596738 0.7807696159457611 -0.24926632890675826 -2.768303276131193 -0.8337412654050351 0.08174518693442041 -4.480667877553375 -8.408026431732667
5.764680035856671 27.696379285833252 0.7121850184610876 -0.49423345943494335 -2.8979065583455825 -0.8250117923711864 0.2683259716634245 -4.278769843590765 -8.960701668707307
5.764680035856671 27.696379285833252 0.7121850184610876 -0.49423345943494335 -2.8979065583455825 -0.8250117923711864 0.2683259716634245 -4.278769843590765 -8.960701668707307
6.227601890940711 21.727251605046256 0.6366931976499295 -0.5316509520243133 -2.960183059375797 -0.7005822914103512 0.28976156833236266 -4.190718374738416 -9.128342805229588
6.001475392678926 17.787541140311397 0.7359403187821396 0.0764658389005799 -2.9266842235198025 -0.8689115361519018 0.3781102166412341 -4.50540528154617 -9.381755245377233
6.299487093063905 24.57764145818968 0.6989207758353958 -0.3223052100554187 -2.9276301881394637 -0.8709963260825417 0.43274761643687015 -4.475969058835499 -9.7543885867793
5.680294959207906 32.93238901200022 0.5884832682475606 -0.1926430152911096 -2.985677559365044 -0.6102522545416407 0.23668524500381302 -4.18574222152533 -9.024888676745537
5.184310886006084 41.78463298267968 0.7229483173016309 0.1190469728520922 -2.9528946387640485 -0.8243464532517946 0.2304961585456328 -4.1719103423293395 -8.831110731092323
5.085121898370182 45.32383175394766 0.7528709122942538 0.09578881608330025 -2.941393364525924 -0.826459511283939 0.2474634312478175 -4.007894791535749 -8.849096244001116
6.023220205625186 44.205749189570255 0.486283096283809 -0.44038987450569955 -2.890828343459692 -0.7563282028070173 0.4633817619860884 -4.149876163268937 -10.321720071597545
5.7968539399254055 49.53163283614044 0.3791701945020337 0.2144309008750538 -2.8738352293966143 -0.8864265306312822 0.5229286881596821 -4.152604967211003 -11.344998390953357
5.7968539399254055 49.53163283614044 0.3791701945020337 0.2144309008750538 -2.8738352293966143 -0.8864265306312822 0.5229286881596821 -4.152604967211003 -11.344998390953357
6.837064517675553 32.01852569929862 0.49087442824042354 -0.2601878330608296 -2.930077340166988 -0.8063366178817568 0.2649117328767386 -4.416515134972987 -9.276160858457844
6.955527870776679 44.08948203746432 0.44637023099587597 0.06387664648574365 -2.8490888606953497 -0.769055650339916 0.3123775842435027 -4.245631115638108 -9.53181348519884
6.955527870776679 44.08948203746432 0.44637023099587597 0.06387664648574365 -2.8490888606953497 -0.769055650339916 0.3123775842435027 -4.245631115638108 -9.53181348519884
4.917275174036753 40.83457939280956 0.3990018912983544 -0.7845155698412791 -2.8745638567830594 -0.5121025991351433 0.220607187662887 -4.143193179500669 -9.334966377382615
6.236742664405575 49.34999488794534 0.5673535841096163 -0.5920357546051969 -2.8136699831386465 -0.6667033359977896 0.24214636204600168 -4.399759912372626 -9.0736912949882
5.6518007098907495 29.894858164215748 0.4374946836547634 -0.005993965842735927 -2.991761809005459 -0.9759111166577887 0.12248164808882055 -4.619643514217229 -9.002274556282147
5.5950359962466 42.052555645729484 0.38941817688626196 -0.7406084790321976 -2.9122591111786407 -0.8303178404161438 0.08980146862941488 -4.288245679072101 -9.041863477148887
5.5950359962466 42.052555645729484 0.38941817688626196 -0.7406084790321976 -2.9122591111786407 -0.8303178404161438 0.08980146862941488 -4.288245679072101 -9.041863477148887
5.945345718424788 48.51962151086731 0.5343965928281611 0.3395641021515461 -2.7752474614435627 -0.6712600112961251 0.15028712852609538 -4.005326697687263 -8.881946045473775
5.945345718424788 48.51962151086731 0.5343965928281611 0.3395641021515461 -2.7752474614435627 -0.6712600112961251 0.15028712852609538 -4.005326697687263 -8.881946045473775
5.824761558641283 44.10802130871284 0.472249891147782 -0.03573138457297542 -2.8922338051485923 -0.8771370184357763 0.2663404973728961 -4.185689843313389 -9.31646141765327
5.824761558641283 44.10802130871284 0.472249891147782 -0.03573138457297542 -2.8922338051485923 -0.8771370184357763 0.2663404973728961 -4.185689843313389 -9.31646141765327
6.581298408500702 46.56606934317834 0.37902605803928224 0.23568725021430303 -2.916087987522744 -0.9116375750168517 0.13710052903874964 -4.288693570033443 -9.170718918491644
5.898736552362644 36.70072551441096 0.43631480697197944 -0.10431908502203369 -2.780790867334544 -0.858644676340981 0.14649535702870434 -4.310309727123038 -9.0596516824478
5.8348757431467595 43.20607154106749 0.5483367464625855 0.12699737883289153 -2.7242553511508913 -0.9561420631496742 0.20441993940247863 -4.642250459671378 -8.996004836755212
4.871543117473835 38.308206756572005 0.5910805743018501 -0.6038922137655338 -2.9266901858709438 -0.7482270048200519 0.13366336891851507 -4.252194268538935 -8.753370242399308
4.423612002149904 43.479702185547495 0.4990079584136021 -0.10229173825735316 -2.9604635042111003 -0.8954401105244418 0.2217414031707839 -4.570790019343014 -9.129715314570147
5.351599077264645 42.914191790597016 0.5603741109730002 -0.20053807023948456 -2.9316839054263615 -0.804173003041261 0.2791912118467303 -4.1663804335476975 -9.203704909166524
5.351599077264645 42.914191790597016 0.5603741109730002 -0.20053807023948456 -2.9316839054263615 -0.804173003041261 0.2791912118467303 -4.1663804335476975 -9.203704909166524
5.685052130745145 42.08023984703951 0.23287809829460906 -0.541256660694245 -2.496943542193709 -0.587014803458537 0.16359649534467244 -4.264896960587577 -9.705604287596735
6.469727935530838 36.98711516209797 0.1919684051656818 -0.02176003791732639 -2.9140126170108864 -0.7868797420946256 0.4648088192879458 -4.335259759914264 -11.230778993086611
5.349712968769938 36.61046806335907 0.2628298760337565 -0.5183492731598975 -2.5661158975700737 -0.7255364753371318 0.3362667377296001 -4.600257696264421 -10.135935540500368
5.646247036797176 38.25150879131754 0.43733694516706456 -0.03212978046996828 -2.7394169222756606 -0.631302905017729 0.5564475816488352 -4.200158215605195 -12.342067560477929
5.646247036797176 38.25150879131754 0.43733694516706456 -0.03212978046996828 -2.7394169222756606 -0.631302905017729 0.5564475816488352 -4.200158215605195 -12.342067560477929
6.041757650307446 43.76043973529755 0.3838432842891995 0.4863938074398 -2.7275866849837294 -0.673072978314118 0.4400617502559978 -4.240782685258715 -10.349381120929806
6.041757650307446 43.76043973529755 0.3838432842891995 0.4863938074398 -2.7275866849837294 -0.673072978314118 0.4400617502559978 -4.240782685258715 -10.349381120929806
5.823224576335257 43.95332669191515 0.3525458434015958 0.43915708358005157 -2.7647930038995394 -0.664981346010781 0.49998302680697077 -4.420183042863435 -11.033478826845782
7.175827833441717 38.9135695348169 0.26472471696907734 0.5041360368788284 -2.973453844194534 -0.695671503137214 0.4719340401787678 -4.209578811996307 -10.983496759756735
7.175827833441717 38.9135695348169 0.26472471696907734 0.5041360368788284 -2.973453844194534 -0.695671503137214 0.4719340401787678 -4.209578811996307 -10.983496759756735
5.1389120388269145 45.04533232647695 0.511420544873006 0.19190018829370192 -2.5319653833557414 -0.6445503139009521 0.28740418810604484 -4.56758734183996 -9.314610530607926
5.605280169970037 41.26830324309444 0.35265484060213337 0.013803132671084128 -2.685395767598814 -0.5982932416026907 0.2876828334661182 -4.2006586890371 -9.664127040088102
6.553123738952549 47.14369710584675 0.4074127601268202 -0.3144148247339169 -2.857402929233448 -0.5860008758652109 0.5040580886351859 -4.295448657156156 -10.953767784144928
6.192105764984785 47.456216583355676 0.44329233365787724 -0.5937498908695897 -2.6014446355283547 -0.5659758537980917 0.2816299034110688 -4.33294400403009 -9.426505174389654
6.792788766441649 42.19329127119717 0.4527109231680598 -0.43527385724269885 -2.849767978641137 -0.6826842328930893 0.4528804705132339 -4.376050318740072 -10.29595966673053
7.085494957270413 41.42389019027284 0.5343526248808709 -0.16502702770201072 -2.905600887146206 -0.6146701322279413 0.39721033290222296 -4.5252063304382455 -9.761423886890338
5.315006062337194 37.09652498075903 0.32669870025727227 -0.5773267229767547 -2.8690944807550274 -0.5460689942544428 0.42613800227844634 -4.100653558859854 -10.403713469819087
7.266528626446197 42.94385261323971 0.5084638830681953 -0.2558736382721023 -2.6819185771144634 -0.634824616182522 0.26557985983820603 -4.630207542982964 -9.246109841844763
6.050695539840841 45.492258538622025 0.1267152669083418 -0.5547420693268865 -2.575467758389001 -0.6478567571195262 0.3387429341138778 -4.268076722764589 -10.867179408964368
4.787308803269687 42.42252729355719 0.5525085721890666 -0.27533549707331284 -2.635931137793154 -0.6771107111479262 0.16500456032588642 -4.27624138883278 -8.887451273298133
5.261290275420455 40.33182773463673 0.44746228742147465 -0.3610167379381488 -2.8600956820140904 -0.7183103717047303 0.006643538388858961 -4.204897222268877 -8.75213897717714
5.261290275420455 40.33182773463673 0.44746228742147465 -0.3610167379381488 -2.8600956820140904 -0.7183103717047303 0.006643538388858961 -4.204897222268877 -8.75213897717714
6.045203676199422 37.07514095160186 0.415219981608588 0.06475825597622631 -2.6503647184989436 -0.5104565764603146 0.24488706149971506 -4.145528476504815 -9.368864490566335
6.045203676199422 37.07514095160186 0.415219981608588 0.06475825597622631 -2.6503647184989436 -0.5104565764603146 0.24488706149971506 -4.145528476504815 -9.368864490566335
7.72207774585205 41.71949115936999 0.16808366930733076 0.41042208115057655 -2.8442462563606847 -0.5704178799788351 0.20393122353107357 -4.149432932494511 -10.13119420062774
7.72207774585205 41.71949115936999 0.16808366930733076 0.41042208115057655 -2.8442462563606847 -0.5704178799788351 0.20393122353107357 -4.149432932494511 -10.13119420062774
6.201948455036366 41.494260012208144 0.06315273099319745 -0.20135538580489465 -2.2519049274259273 -0.5133404781771533 0.24246758672184024 -4.539225781412005 -11.216519815692417
6.4209316773342255 39.59699126310187 0.23512411655679968 -0.061083096231171696 -2.393172240111736 -0.64245815845389 0.1934815853210025 -4.424956096448877 -9.772095418505842
7.223212536684085 30.61515257361691 0.3468797579017209 0.2896533896653901 -2.7019587960021894 -0.7575596367278017 0.4549269046929877 -4.527160807988917 -10.565246719007087
6.471772163933926 30.03073034678098 0.030112126072284983 -0.4449971750053998 -2.788236489188948 -0.6500501355657811 0.5088028285553049 -4.275844328949948 -13.602953117826328
7.072709008029046 35.54963529133903 0.549762337295044 -0.3029849621824725 -2.6946398784035095 -0.6306650712463648 0.49729162289567597 -4.404281127966417 -10.582771325328768
7.379509972956552 38.715126538468844 0.48984957841997223 0.18615225601619523 -2.6493783067452474 -0.7364127086730332 0.34135645414765 -4.394712249741526 -9.563911309151475
8.079092706770735 39.915742194680504 0.4143440154491699 0.5105652068151341 -2.9277240830240827 -0.6516575592053586 0.48927206778534965 -4.26647505086813 -10.742000626677811
7.456875826729679 37.278314791468745 0.6925569437422934 0.17134533690108045 -2.7307187814470084 -0.6747692020508884 0.5577727707748629 -4.359095574297568 -12.018281282927878
7.000266053704138 45.80968023919175 0.6176706799175311 -0.07516236581477531 -2.6587838987041574 -0.6279778374696523 0.26337742622179716 -4.529053230239231 -9.065344156562885
6.186871743305149 26.41226386523654 0.6918984132661167 -0.8674594897427204 -2.607436035689946 -0.5007765322049282 0.34669102784086303 -4.513818344106257 -9.282713937364155
6.639007136201414 34.118901702865585 0.6530764592925549 -0.5340288762730978 -2.550804745567419 -0.6447610423656727 0.44210259994356194 -4.558919685927159 -9.880908887494604
6.413638694389443 29.016556160373117 0.7588803410526471 -0.5035066454665098 -2.4643457149818278 -0.5874560851392676 0.4154916695869602 -4.537990610853295 -9.5706892818508
4.799348875331617 34.44015217466391 0.7081236689806845 -1.0311129554466638 -2.8449715976339904 -0.6277089580104764 0.38437522051604195 -4.462687900535028 -9.446122724092175
4.653065609693334 34.26469393836571 0.7770488194265984 -1.2781045506101294 -2.743321121301024 -0.6497002268704546 0.35630216494286426 -4.604076162205389 -9.231805448186298
5.064921318198804 37.36417678763284 0.7779988233058227 -1.0906930626333906 -2.7818666995981047 -0.5165403385655556 0.4272542386227465 -4.2368154814802805 -9.628833120634173
5.064921318198804 37.36417678763284 0.7779988233058227 -1.0906930626333906 -2.7818666995981047 -0.5165403385655556 0.4272542386227465 -4.2368154814802805 -9.628833120634173
6.047113239765167 32.192562222480774 0.41093287655281463 -0.6730979681015015 -2.5059887170791626 -0.6009863615036011 0.208542147231102 -4.521829172838861 -9.273410220082106
5.20665096809109 22.769399072438027 0.42848561064524127 -0.5482163507454316 -2.7823099724497564 -0.6650754984399851 0.07357749129930746 -4.584981181921026 -8.91858091190819
6.5685836811950935 27.856144448600304 0.5390618408320911 -0.8956511011408277 -2.9808699249401807 -0.5486783778555635 0.15504892971134093 -4.3994436429003585 -8.885450119836705
5.779741283156197 24.323042916318936 0.5848460514417078 -0.67389182265189 -2.826095567790087 -0.5545281134999405 0.2010054282683183 -4.150255566671442 -8.929357192048066
6.796720756087579 35.682101017703 0.5640209894113888 0.3596663248937557 -2.903019419661551 -0.8471621290838249 0.061788781776042356 -4.386181109379616 -8.643192796918257
7.188278415180127 29.35236984006971 0.6650188508043667 0.1325237745549419 -2.8244989657048056 -0.8785153181182195 0.026952291062725682 -4.634445409742974 -8.433703095763466
5.888474262429247 36.59146282134604 0.6158165369272955 0.05741424926863914 -2.358314215832157 -0.5852348723784941 0.039396672017526176 -4.595323940313445 -8.522845955665227
6.83345258594114 46.11200067165103 0.6679897194962283 0.3697107431630684 -2.3527582313317303 -0.5658957403085747 0.15612136480484315 -4.583359838218415 -8.700178253958109
5.771998463094709 44.28237174668543 0.5254602355340579 -0.36753441930272657 -2.6472848294445375 -0.5910019231835464 0.019722116733449136 -4.0264028834943275 -8.627698266658527
6.359658497541293 32.64301812383063 0.5288356553455682 0.05266200782396169 -2.8976787356059024 -0.6152036853228324 0.18610339070015436 -4.16036230742156 -8.980069323444457
6.359658497541293 32.64301812383063 0.5288356553455682 0.05266200782396169 -2.8976787356059024 -0.6152036853228324 0.18610339070015436 -4.16036230742156 -8.980069323444457
6.092684027886157 37.560751994833424 0.4356481146725505 -0.1695824473695693 -2.824792854551401 -0.6587294024249082 0.056061223748717984 -4.135812238803041 -8.86853510487308
6.092684027886157 37.560751994833424 0.4356481146725505 -0.1695824473695693 -2.824792854551401 -0.6587294024249082 0.056061223748717984 -4.135812238803041 -8.86853510487308
7.0751677370086545 38.31158128906647 0.5309602667973917 -0.4917191637815146 -2.6310892118315614 -0.6394654151336074 0.05967195567467637 -4.632204303371936 -8.693302255006547
7.825643914909543 29.8915583937275 0.3987529823553116 0.32684216941696187 -2.911323737120794 -0.7923197657221333 0.0017687173956976217 -4.47745882584566 -8.851856089528342
5.5714827284488 39.92317731048794 0.6864746767645437 -0.446945143323342 -2.4121155376224834 -0.618938377854914 0.35469399966137594 -4.411933057683299 -9.32539733108013
6.473518206863216 35.523325086631075 0.5828106183460409 0.5025926840887527 -2.529162375703001 -0.721535089485017 0.17788852935335006 -4.4753268667635835 -8.872054949626284
8.197354298619949 36.00756739734702 0.6508691821023737 0.3501025496617798 -2.578005242765153 -0.5116226790046232 0.3017643033147973 -4.557969120307662 -9.152846469650665
7.78996990864106 22.287866394593216 0.6329160217483046 -0.20864590584822418 -2.630707920854192 -0.5255697703818525 0.1228723685132522 -4.5400928598574275 -8.669442505443731
8.389484808916631 22.00739946542173 0.6320524175230584 0.05008154596765202 -2.616852275928631 -0.5432679527233923 0.23528386269489163 -4.6181002354516885 -8.958390633037313
7.093408233146277 25.104640744310544 0.7108613583248479 0.3372315711995255 -2.6237415283712657 -0.5427861389329225 0.16240772975733972 -4.360566898697593 -8.663369795678095
7.837552071587234 28.417237707824068 0.7615135799128783 0.16531071671403375 -2.6705773739426766 -0.58199021062405 0.33828044888559866 -4.4341135953594515 -9.167749722269148
7.307666460685972 31.415116345446826 0.6260358296179989 0.533040931089809 -2.628879495478331 -0.5090898466902685 0.03660671533990079 -4.435136891770911 -8.503338272949446
6.239041333714463 19.88676724898626 0.6076326612110454 -0.268931243103669 -2.5471477645723213 -0.6666346987049661 0.022877547583518856 -4.573287816164862 -8.503990623125775
7.500508919665728 27.337764760831774 0.6011613101497856 -0.3444361654150332 -2.6545195562216084 -0.5428124282049507 0.3003904718593444 -4.546931726647284 -9.216573729596846
7.0558724732368185 20.699656498497674 0.47520783901346064 -0.6120193730670311 -2.64332109172347 -0.5866754350663643 0.07205327168329749 -4.540101582053884 -8.819169880266287
8.104274833884059 21.310492773613454 0.7367223644295351 0.4734310923468126 -2.8208838450496287 -0.6179597396918237 0.24556437227865952 -4.374563723048339 -8.860785822747012
7.0158479568051435 33.995373108932306 0.4373651564630862 0.35633052281667243 -2.859752248343081 -0.5602891336643041 0.293686481843923 -4.178699884581027 -9.481433222580975
8.858543952317733 28.195802770280544 0.46833503329017084 0.390572890273015 -2.9337204598919038 -0.6928282215042416 0.18593338348980493 -4.435581101464155 -9.090896862647337
7.173262958873287 28.04024867022682 0.527154393814525 0.3349315397227044 -2.7703392800414948 -0.6253620544627472 0.050307847956934805 -4.34024663464223 -8.68171339824492
7.86655465622106 18.137297579243416 0.2853260266064104 0.28646084070704037 -2.9170937669038914 -0.6904356124137885 0.22376574866033064 -4.436924015230085 -9.666248576111956
8.339701597266874 22.4400956959072 0.5435418357901848 0.2119774543626738 -2.793186335816729 -0.7369784424646113 0.009794949706683653 -4.561972180371571 -8.579348215829492
8.420388831105537 32.154672461908255 0.5521349270468954 0.2646009423065889 -2.8576681603959595 -0.718452461363031 0.20806865517811227 -4.462650678311112 -8.999778109108057
7.266097871767505 26.457057981881242 0.6262132797454851 0.37680775365917185 -2.788798581652337 -0.6067713197509219 0.3818908906414114 -4.300111982134839 -9.537141315680431
8.468463158292684 25.295123381342385 0.19948620766452643 0.44597774928218215 -2.8142607508824726 -0.6993897205677104 0.16499246003442208 -4.439511025535074 -9.861381102756466
7.790287757194209 25.65303380127032 0.35568973711441926 0.4676742921833039 -2.77522281652048 -0.6956723359968633 0.356653797159576 -4.41363968440294 -9.93331288812822
7.702912712458994 27.756910124952658 0.7568921074375716 0.519559387822027 -2.9373206451248723 -0.6720030800221894 0.12870711584648312 -4.371781219270101 -8.533319172777404
6.832404200188862 19.768869607335898 0.5710625674294669 0.502841827241348 -2.711137564852878 -0.7294075259903465 0.011915480079069951 -4.645450306015007 -8.53895397905752
7.872358656898134 20.73240636296068 0.6608498552062048 0.49213685018851727 -2.6548262382775003 -0.5559768201471127 0.22022153607361206 -4.4315216228850325 -8.876511281269991
6.734249360210453 26.598629144194433 0.5874943956645756 -0.0692413757020327 -2.669208251140934 -0.5431433473215987 0.037513431527650534 -4.177901670296481 -8.560579183347079
