luminosity_distance KNtimeshift inclination_EM log10_n0 p log10_epsilon_e log10_epsilon_B Ebv log10_E0 thetaCore thetaWing ksiN L0 dL b q ts log_likelihood log_prior
148.52206110954285 0.6620309352874756 0.14602436007375327 2.1877559423446655 2.056319832801819 -0.3574866056442261 -1.7065150737762451 0.010159807133674622 53.0 0.05 0.1 1.0 0.0 3.09e+19 6.0 0.0 0.0 -5.577743615245728 -11.080296392631327
174.16963450216258 -1.7376809656440186 0.15548708117576093 -0.39426076443629743 2.9185998079718414 -0.4726462788358585 -2.578983659165659 0.18826708499071415 53.0 0.05 0.1 1.0 0.0 3.09e+19 6.0 0.0 0.0 -5.4578743805381205 -11.398923966368416
121.90633007490558 -0.3514417004666677 0.059793205845862764 -0.04135872646348204 2.544108077472095 -0.18739157496028858 -1.4425207236586708 0.36456823992398657 53.0 0.05 0.1 1.0 0.0 3.09e+19 6.0 0.0 0.0 -5.323843631000717 -12.965417612352974
109.36800201138944 0.4664804261190252 0.11150973464503056 1.0624199053586443 2.231695550745774 -0.4669370816296907 -0.7195634517394676 0.43836700949998886 53.0 0.05 0.1 1.0 0.0 3.09e+19 6.0 0.0 0.0 -5.007387950677563 -12.782318018988699
108.70888829231262 -0.7909674644470215 0.11347514777828492 -2.3681437969207764 2.585983157157898 -0.5135423541069031 -0.9462286233901978 0.08645742137432098 53.0 0.05 0.1 1.0 0.0 3.09e+19 6.0 0.0 0.0 -5.00091610905824 -11.476915323432463
106.22854320233145 -1.633927485217718 0.13047460433800623 -1.023460791703908 2.5093861842892817 -0.08107204474015273 -0.7444957951980191 0.4391550087382672 53.0 0.05 0.1 1.0 0.0 3.09e+19 6.0 0.0 0.0 -4.910001689502291 -12.631913420383766
153.84331584935563 -0.2731384917676758 0.11682403311014646 0.4456447290537593 2.520040862379577 -0.013748283761722213 -1.7960818705526176 0.3690676685655241 53.0 0.05 0.1 1.0 0.0 3.09e+19 6.0 0.0 0.0 -4.9093415958514734 -12.319207741461495
188.50003480911255 -0.5756978392601013 0.15764034523910278 -2.750694751739502 2.3954604268074036 -0.5475908517837524 -0.4568018317222595 0.11293848731517792 53.0 0.05 0.1 1.0 0.0 3.09e+19 6.0 0.0 0.0 -4.758692266613687 -11.206216477688095
182.93451711828274 -1.488173483243015 0.15975782489917628 -0.7746079524959129 2.5192958176938944 -0.868067784524595 -0.29963511476178484 0.17421550443636963 53.0 0.05 0.1 1.0 0.0 3.09e+19 6.0 0.0 0.0 -4.757586393405488 -11.336125473012029
110.48627814353637 -0.46402200536651894 0.1855099914843595 -1.3132131505158844 2.7234870464979997 -0.1415850420777387 -0.6217343513490801 0.05375724233719537 53.0 0.05 0.1 1.0 0.0 3.09e+19 6.0 0.0 0.0 -4.460745247450478 -10.923860809043827
168.92220366514192 -0.9089925366762952 0.18361956952061895 1.7253727584073202 2.510013737696344 -0.20113080774838243 -0.299527226547303 0.37669409451082503 53.0 0.05 0.1 1.0 0.0 3.09e+19 6.0 0.0 0.0 -4.387848272815428 -11.90858919280266
127.79127955436707 -0.4962749481201172 0.025497055834665883 -0.5180765390396118 2.1424724459648132 -0.10212135314941406 -2.1176621317863464 0.07025257215499878 53.0 0.05 0.1 1.0 0.0 3.09e+19 6.0 0.0 0.0 -4.3649645716391055 -12.93509422333252
156.33502216563636 -0.7540971573854323 0.11130945283138785 -1.4378184331260957 2.419689726141149 -0.10871478983298122 -1.3558913840623852 0.3519766065229487 53.0 0.05 0.1 1.0 0.0 3.09e+19 6.0 0.0 0.0 -4.323399320573897 -12.286644037364344
122.28245478156624 -0.5159783741197994 0.18867010998660416 1.5562761047747493 2.830685629512085 -0.29339053127309844 -1.6945362674502655 0.04634867168573782 53.0 0.05 0.1 1.0 0.0 3.09e+19 6.0 0.0 0.0 -4.310313515570899 -10.892983576569343
137.7139968132646 -0.0033491506463843024 0.14235890141948354 1.5241941425430117 2.246331606752415 -0.46908802746757194 -0.15916227108534553 0.4145406440033117 53.0 0.05 0.1 1.0 0.0 3.09e+19 6.0 0.0 0.0 -4.305454972383721 -12.375766749019792
149.59971157226653 0.43243526337244687 0.1513297422046669 1.4306896522400407 2.2651279997474383 -0.7789724796888842 -1.7247339181496342 0.20987525419486872 53.0 0.05 0.1 1.0 0.0 3.09e+19 6.0 0.0 0.0 -4.279503220710529 -11.4837084007846
156.46322777429447 -1.422521189678204 0.15963309883437382 1.6767405370331865 2.4051685059272465 -0.14485934091880548 -1.5745672163753393 0.09770948861669637 53.0 0.05 0.1 1.0 0.0 3.09e+19 6.0 0.0 0.0 -4.1717388083461335 -11.161152264688797
154.79505333313574 -0.4540758854372664 0.11524487820773645 0.015978134898877894 2.497287921510741 -0.5069364219531103 -2.8052374280868264 0.2917894525426844 53.0 0.05 0.1 1.0 0.0 3.09e+19 6.0 0.0 0.0 -4.071792661704115 -12.010630164963882
109.57002639770508 -1.8624341487884521 0.044003307059114136 -2.0865912437438965 2.2367212176322937 -0.5866284370422363 -2.5529394149780273 0.019713240408897402 53.0 0.05 0.1 1.0 0.0 3.09e+19 6.0 0.0 0.0 -4.0566097463829065 -12.293709158377311
186.7134690284729 -0.6146615743637085 0.15615428503057494 -0.616823673248291 2.682305097579956 -0.7131632566452026 -0.17537462711334229 0.4603812576055527 53.0 0.05 0.1 1.0 0.0 3.09e+19 6.0 0.0 0.0 -4.049703455021689 -12.626999226546813
112.87171244621277 0.5853224396705627 0.09416790273046378 -2.784589648246765 2.448602557182312 -1.5822485089302063 -0.5420562028884888 0.329406210064888 53.0 0.05 0.1 1.0 0.0 3.09e+19 6.0 0.0 0.0 -3.9398644550223834 -12.355805710640567
189.36750072043446 -0.7550135678706353 0.1473415961654412 -1.2234324308418527 2.858431439484933 -0.9712661010727879 -0.6180546844575154 0.05194465567282779 53.0 0.05 0.1 1.0 0.0 3.09e+19 6.0 0.0 0.0 -3.917097281030233 -11.1486057312353
170.70574164390564 -0.6867216229438782 0.10576247185259609 -1.2173888683319092 2.71230810880661 -0.41641777753829956 -1.5866543054580688 0.1140479948759079 53.0 0.05 0.1 1.0 0.0 3.09e+19 6.0 0.0 0.0 -3.8874079742651837 -11.605474388430329
141.4422120505421 -0.6248335815936708 0.06761311324772465 0.4075157151823565 2.770048100271173 -0.19772226486661237 -1.6393025726369044 0.3957370875273171 53.0 0.05 0.1 1.0 0.0 3.09e+19 6.0 0.0 0.0 -3.88446740441404 -13.005159240215558
117.51766204833984 -1.2736311554908752 0.1564038300062784 -1.797289252281189 2.828117311000824 -0.15800607204437256 -1.160364031791687 0.2706560106039047 53.0 0.05 0.1 1.0 0.0 3.09e+19 6.0 0.0 0.0 -3.878328677315282 -11.63450271555625
140.18482778598508 0.23891726819655545 0.10261520161841986 -0.7891578179067205 2.793598827705768 -0.7653297841706017 -1.2037469439799113 0.25917871100362955 53.0 0.05 0.1 1.0 0.0 3.09e+19 6.0 0.0 0.0 -3.8104247459557 -12.016302192901762
142.73776172879718 0.2855940151084573 0.1533937762302785 0.9036990420539475 2.816825023323901 -0.6958475368222685 -0.23407496096573732 0.22878494052961873 53.0 0.05 0.1 1.0 0.0 3.09e+19 6.0 0.0 0.0 -3.7882387620682785 -11.523836971831017
186.1840546131134 -0.44472700357437134 0.16214486519586077 1.3725342750549316 2.6955236196517944 -0.23443901538848877 -1.153879702091217 0.3347704675912857 53.0 0.05 0.1 1.0 0.0 3.09e+19 6.0 0.0 0.0 -3.755136676153632 -11.837625249640897
197.77284179316013 0.21083913234091156 0.1391876378988717 0.15456347178682694 2.750020886975377 -1.0517406583840283 -0.5129056527024574 0.12026814283489334 53.0 0.05 0.1 1.0 0.0 3.09e+19 6.0 0.0 0.0 -3.7486725714981386 -11.34587677825213
124.65620040893555 -0.5220170021057129 0.18150846411458543 1.935681939125061 2.537804067134857 -0.15124905109405518 -1.9057860374450684 0.3184954382658005 53.0 0.05 0.1 1.0 0.0 3.09e+19 6.0 0.0 0.0 -3.7323164948192167 -11.659678804224795
108.56531158693927 0.38059181017107413 0.053816977003657555 -2.6153135809919865 2.261987130211109 -1.4789539420845002 -0.36078087902634204 0.0539015337536207 53.0 0.05 0.1 1.0 0.0 3.09e+19 6.0 0.0 0.0 -3.646175917650674 -12.156399329679784
184.03214355157883 -0.28287485680130886 0.16136801728076133 1.3023906322927692 2.748714972494653 -0.09129701463997275 -1.8165841338180786 0.35557767670680884 53.0 0.05 0.1 1.0 0.0 3.09e+19 6.0 0.0 0.0 -3.6342769234777785 -11.93402051976804
153.65972518920898 -1.9807047247886658 0.1337726577943487 -0.4783068895339966 2.968041181564331 -0.2782731056213379 -1.101337194442749 0.07270119938850403 53.0 0.05 0.1 1.0 0.0 3.09e+19 6.0 0.0 0.0 -3.626335695143566 -11.285279624728402
153.46729439729785 -0.4794105032166085 0.1333996303073759 0.9390150614792843 2.1648015241098504 -0.5545849540051249 -1.5899311660509228 0.15563361514671248 53.0 0.05 0.1 1.0 0.0 3.09e+19 6.0 0.0 0.0 -3.6198645618587966 -11.469535089316471
169.769951204425 -1.166402599328558 0.07585122133379432 -2.099078356723178 2.6519593949859406 -0.6027181875389136 -0.9836590112547778 0.05160227428726666 53.0 0.05 0.1 1.0 0.0 3.09e+19 6.0 0.0 0.0 -3.596247236567364 -11.809266170246527
154.13379948172366 0.9013435641994425 0.10297155045312346 -1.2010597908444052 2.5583530371761056 -0.8113900537931169 -2.228207735412746 0.2646642526001482 53.0 0.05 0.1 1.0 0.0 3.09e+19 6.0 0.0 0.0 -3.558863197419859 -12.030516239022734
191.38401172071588 -1.0821594537399402 0.19118285659775594 -1.0586868917515777 2.3518420981840302 -0.03822284174808033 -0.39981892103828365 0.5084668612573414 53.0 0.05 0.1 1.0 0.0 3.09e+19 6.0 0.0 0.0 -3.5542179819111714 -12.987473705427377
133.90396876395744 -0.3289587959539684 0.19468800727827482 1.6244231684520765 2.7355892573807417 -0.5151533386061908 -0.6105276801583068 0.24703777629202678 53.0 0.05 0.1 1.0 0.0 3.09e+19 6.0 0.0 0.0 -3.5396041006623378 -11.34243044327564
106.31781220436096 -1.748056709766388 0.0065409079167144685 -0.5094437599182129 2.725179672241211 -0.2920650243759155 -1.9612939953804016 0.25294247674942016 53.0 0.05 0.1 1.0 0.0 3.09e+19 6.0 0.0 0.0 -3.51795129445161 -14.747749448748392
140.66831469535828 0.38900405168533325 0.15137074141392867 1.0355254411697388 2.642298638820648 -0.6287711262702942 -0.1388007402420044 0.402529957151413 53.0 0.05 0.1 1.0 0.0 3.09e+19 6.0 0.0 0.0 -3.5147359118095896 -12.241498628123757
126.5979479653187 -0.5466874025967536 0.08542247102229691 0.5757763980039821 2.5344845289020532 -0.5625082939325985 -1.1914340408574509 0.10690112195235098 53.0 0.05 0.1 1.0 0.0 3.09e+19 6.0 0.0 0.0 -3.50800731870699 -11.80294019954764
126.88558878236121 0.9556568232912106 0.1907183941737526 1.7852618847843438 2.691440325686192 -0.6070168733345476 -2.9951829760950597 0.39625593058696207 53.0 0.05 0.1 1.0 0.0 3.09e+19 6.0 0.0 0.0 -3.5037888631165104 -11.976412034334073
111.88910880309237 -0.3278451078337019 0.11054981018506414 -0.6072672633438883 2.8139488792817464 -1.2606971957617743 -0.9110649863292792 0.10414875211237548 53.0 0.05 0.1 1.0 0.0 3.09e+19 6.0 0.0 0.0 -3.4878624524335677 -11.540009127137967
199.0411517099598 -1.6403399162378218 0.13524452986025726 -0.8530463865960534 2.8666458348590265 -0.02391649645799898 -1.511089696231724 0.2867797616556083 53.0 0.05 0.1 1.0 0.0 3.09e+19 6.0 0.0 0.0 -3.4794924787846746 -11.833745428485672
149.0660310993748 0.26255755729854124 0.17774959687886607 1.6415774349352716 2.724114246531914 -0.3914642275743043 -0.20818210963385786 0.46890594510373973 53.0 0.05 0.1 1.0 0.0 3.09e+19 6.0 0.0 0.0 -3.4690564298225537 -12.577824022163487
171.43628863617653 -1.6965584393969786 0.05077415405599539 -0.5033039987431054 2.2934197920676946 -0.5715000335110005 -0.11528520489960181 0.08022729395796763 53.0 0.05 0.1 1.0 0.0 3.09e+19 6.0 0.0 0.0 -3.459381579536022 -12.26665519250983
117.41981428764096 0.19371450363249743 0.03425373699213809 -1.3771643518244097 2.273599824861265 -1.5518583786233715 -0.5873080840663265 0.16312311087387762 53.0 0.05 0.1 1.0 0.0 3.09e+19 6.0 0.0 0.0 -3.454572892835935 -12.844450591784565
127.78042218572898 -0.18667546650210065 0.15244419063903814 -0.9738279128903145 2.39671494914292 -0.4327007376866261 -2.806566927076791 0.0813529629848984 53.0 0.05 0.1 1.0 0.0 3.09e+19 6.0 0.0 0.0 -3.438992343525739 -11.172980338921944
140.2775057570057 -0.19478890366938661 0.17169440790624294 1.725923715716366 2.356213503717394 -0.47281041589123474 -0.5735501219482511 0.14616825118338314 53.0 0.05 0.1 1.0 0.0 3.09e+19 6.0 0.0 0.0 -3.417646516831244 -11.19666120704122
185.13193387490202 0.06637627277965308 0.16331376316377436 1.0583695894706135 2.6968192269358466 -0.45184015188466553 -0.7102640432510476 0.14457484533069062 53.0 0.05 0.1 1.0 0.0 3.09e+19 6.0 0.0 0.0 -3.398389324581598 -11.24250393329813
136.6339979259955 -1.7118665508684647 0.02086582681083572 -0.6349637264208927 2.4070551218074634 -0.5806173483778623 -0.19965061977810628 0.14822286362707277 53.0 0.05 0.1 1.0 0.0 3.09e+19 6.0 0.0 0.0 -3.397816639497492 -13.304251299027376
124.56397662663227 -0.10509166631121647 0.06920521334828739 -0.5517673714579172 2.53160536153535 -0.7950560585462823 -2.3282228065673305 0.22109026757624542 53.0 0.05 0.1 1.0 0.0 3.09e+19 6.0 0.0 0.0 -3.3775606198142265 -12.294496510881554
157.2110414505005 -0.8769183158874512 0.09679937387579202 0.7720756530761719 2.5952082872390747 -0.10219091176986694 -1.775964617729187 0.2832079801797867 53.0 0.05 0.1 1.0 0.0 3.09e+19 6.0 0.0 0.0 -3.3278693439445357 -12.154273369154627
128.43635780146474 -1.0306657613139212 0.04638418743042857 -1.200261062816017 2.0918282460529136 -0.5610487022509458 -0.5095495985151755 0.4888393137587949 53.0 0.05 0.1 1.0 0.0 3.09e+19 6.0 0.0 0.0 -3.294053692254201 -14.130269462221037
120.20601377580631 -1.3249541658136867 0.1417360492088746 -1.7147757123562004 2.4813560489825117 -0.7260231737322238 -0.5278406166368415 0.48695483404543943 53.0 0.05 0.1 1.0 0.0 3.09e+19 6.0 0.0 0.0 -3.2705008792422383 -12.993951690304415
131.04467391967773 0.48332124948501587 0.19098450836710015 1.612965703010559 2.664500653743744 -0.3714696764945984 -2.6799588203430176 0.26697355091571806 53.0 0.05 0.1 1.0 0.0 3.09e+19 6.0 0.0 0.0 -3.2520192366917655 -11.42462789494702
161.93162043709276 -0.5382851178257915 0.11457894555153021 -0.22793194953885632 2.8890292267679096 -0.46381226376857043 -2.0369222002354688 0.11178556718105667 53.0 0.05 0.1 1.0 0.0 3.09e+19 6.0 0.0 0.0 -3.2468010732638426 -11.520806242767064
187.5352913229795 -1.4036192794667164 0.1522974062658959 0.885083205071556 2.832008221855891 -0.19817784005451866 -0.9809586741664891 0.1395602274210971 53.0 0.05 0.1 1.0 0.0 3.09e+19 6.0 0.0 0.0 -3.2326285501283225 -11.300108511175553
187.5352913229795 -1.4036192794667164 0.1522974062658959 0.885083205071556 2.832008221855891 -0.19817784005451866 -0.9809586741664891 0.1395602274210971 53.0 0.05 0.1 1.0 0.0 3.09e+19 6.0 0.0 0.0 -3.2326285501283225 -11.300108511175553
115.97173315295606 -0.7126113917127261 0.13054397189929134 -0.08060235567286922 2.337108252801775 -0.678235963977154 -1.211675178600993 0.5400583547392299 53.0 0.05 0.1 1.0 0.0 3.09e+19 6.0 0.0 0.0 -3.228764993303082 -14.047218673733163
182.6583513699469 0.37710306612704203 0.18970227797922237 1.2895815046135723 2.3680400841794267 -0.7803876746272596 -0.21913975924017182 0.18883182587285469 53.0 0.05 0.1 1.0 0.0 3.09e+19 6.0 0.0 0.0 -3.2152179991169447 -11.203474395102583
150.18021543213823 0.4225923457670997 0.17582790319434233 1.2633199494242238 2.4967913248229943 -0.5280121266301432 -1.8879969084857424 0.11537216257865002 53.0 0.05 0.1 1.0 0.0 3.09e+19 6.0 0.0 0.0 -3.215025747838621 -11.103350515763262
144.533193688703 0.3581580719862867 0.1595105801102322 0.4508159506579297 2.3303218252179208 -0.4541074834832237 -1.235164695918356 0.14978978060491693 53.0 0.05 0.1 1.0 0.0 3.09e+19 6.0 0.0 0.0 -3.207997484721157 -11.278126283057775
185.92256644230125 0.022045611817367305 0.17209117223855622 1.1579281655892295 2.7451533605883567 -0.7151342763105397 -0.31886651550281186 0.006041616243936901 53.0 0.05 0.1 1.0 0.0 3.09e+19 6.0 0.0 0.0 -3.1992985637348332 -10.91013192143755
121.9838559627533 -0.1625005006790161 0.17589962995694278 1.3467228412628174 2.3271343111991882 -0.3704647421836853 -0.9679489731788635 0.5568269423246384 53.0 0.05 0.1 1.0 0.0 3.09e+19 6.0 0.0 0.0 -3.199110068749288 -14.482148828419678
134.59088251590055 -0.4841172170526853 0.13005430473636823 0.7382912560132366 2.186916089623957 -0.33986741224976713 -2.055456178527537 0.41995738033174534 53.0 0.05 0.1 1.0 0.0 3.09e+19 6.0 0.0 0.0 -3.175260138410175 -12.500522875288373
178.0112862586975 -1.7567604780197144 0.14702321431222481 0.19758403301239014 2.7703330516815186 -0.2862558960914612 -1.3652297258377075 0.37032824020385746 53.0 0.05 0.1 1.0 0.0 3.09e+19 6.0 0.0 0.0 -3.1469029992273256 -12.09683447791046
115.74811921403868 -0.5880071734582215 0.13549435405629737 0.7137043620651857 2.39562092602903 -0.7850265590611634 -0.7550015668123602 0.18754952714903972 53.0 0.05 0.1 1.0 0.0 3.09e+19 6.0 0.0 0.0 -3.1286149365189035 -11.533719429280058
181.12580966336418 -1.252421670127891 0.16580848243869645 0.7733586083835116 2.9305585708602 -0.2681600244364133 -1.4134335732817396 0.23190220148612697 53.0 0.05 0.1 1.0 0.0 3.09e+19 6.0 0.0 0.0 -3.1284181914837776 -11.455786836310168
181.12580966336418 -1.252421670127891 0.16580848243869645 0.7733586083835116 2.9305585708602 -0.2681600244364133 -1.4134335732817396 0.23190220148612697 53.0 0.05 0.1 1.0 0.0 3.09e+19 6.0 0.0 0.0 -3.1284181914837776 -11.455786836310168
163.95015943717232 -0.2547241520693553 0.1429364387028994 0.8697998590187206 2.1648906614574757 -0.5083685821797195 -0.2436759526602552 0.22795614470824993 53.0 0.05 0.1 1.0 0.0 3.09e+19 6.0 0.0 0.0 -3.093981408318856 -11.59151892663062
156.26255439316267 -1.1829526317989618 0.03449530484940264 -1.005855794059389 2.3537955976485594 -0.43817382880511646 -1.0693629282655595 0.027728658642245274 53.0 0.05 0.1 1.0 0.0 3.09e+19 6.0 0.0 0.0 -3.0599978737624682 -12.551635152627776
192.11073069587778 -0.8902718808624024 0.17959401586558202 0.5537779622002046 2.3220416945906566 -0.32771620088494213 -1.0644110843445733 0.35276964570651576 53.0 0.05 0.1 1.0 0.0 3.09e+19 6.0 0.0 0.0 -3.0537610000766975 -11.815179314891896
117.16657775741183 -1.9274353664316706 0.07290128761831824 -2.1159417983562436 2.4040833505006787 -0.9525613331893283 -1.4808461240984139 0.17156927295217422 53.0 0.05 0.1 1.0 0.0 3.09e+19 6.0 0.0 0.0 -3.017812010254314 -12.110683027059395
178.3099172589178 -0.5236232134778607 0.1617104042528075 0.9453220805416502 2.808509310590826 -0.317649340725767 -0.9397202504864466 0.3088311436160502 53.0 0.05 0.1 1.0 0.0 3.09e+19 6.0 0.0 0.0 -3.010178463065933 -11.736683041956118
178.3099172589178 -0.5236232134778607 0.1617104042528075 0.9453220805416502 2.808509310590826 -0.317649340725767 -0.9397202504864466 0.3088311436160502 53.0 0.05 0.1 1.0 0.0 3.09e+19 6.0 0.0 0.0 -3.010178463065933 -11.736683041956118
117.31066367978539 -0.7923401257276625 0.09788049944782282 0.01979238383689097 2.3904385349687054 -0.7138940442469504 -2.452244886128854 0.12215702750297727 53.0 0.05 0.1 1.0 0.0 3.09e+19 6.0 0.0 0.0 -3.0019012965203435 -11.700505175041382
117.31066367978539 -0.7923401257276625 0.09788049944782282 0.01979238383689097 2.3904385349687054 -0.7138940442469504 -2.452244886128854 0.12215702750297727 53.0 0.05 0.1 1.0 0.0 3.09e+19 6.0 0.0 0.0 -3.0019012965203435 -11.700505175041382
172.22779989242554 -0.8482446074485779 0.163974642986343 -0.6531636714935303 2.443842589855194 -0.17629015445709229 -2.7273831367492676 0.1833051149368286 53.0 0.05 0.1 1.0 0.0 3.09e+19 6.0 0.0 0.0 -2.996195040120898 -11.333392886142507
139.9720817280983 0.13543832346701778 0.1462735450939508 0.21178903155171103 2.330797336492121 -0.8173461516150384 -0.7841306579771654 0.406598877022372 53.0 0.05 0.1 1.0 0.0 3.09e+19 6.0 0.0 0.0 -2.9850663840347282 -12.299743673957016
139.9720817280983 0.13543832346701778 0.1462735450939508 0.21178903155171103 2.330797336492121 -0.8173461516150384 -0.7841306579771654 0.406598877022372 53.0 0.05 0.1 1.0 0.0 3.09e+19 6.0 0.0 0.0 -2.9850663840347282 -12.299743673957016
152.51287253216378 -0.1497891437634027 0.17651493890726458 -0.05601853931464351 2.535338845151259 -0.11335717393001898 -0.03455393286194797 0.3394189758935058 53.0 0.05 0.1 1.0 0.0 3.09e+19 6.0 0.0 0.0 -2.976113263266557 -11.773278420034867
152.51287253216378 -0.1497891437634027 0.17651493890726458 -0.05601853931464351 2.535338845151259 -0.11335717393001898 -0.03455393286194797 0.3394189758935058 53.0 0.05 0.1 1.0 0.0 3.09e+19 6.0 0.0 0.0 -2.976113263266557 -11.773278420034867
175.18051927882294 -0.9839045983769141 0.1302119986339379 0.3350028789788073 2.747924700195184 -0.3259404160828643 -1.9710221249399937 0.03489188266045569 53.0 0.05 0.1 1.0 0.0 3.09e+19 6.0 0.0 0.0 -2.9697732466846314 -11.239162333319229
184.84609363101464 0.5221641356802649 0.17933826311587542 1.543062802712437 2.3797000408192206 -0.09298808384164525 -2.9857213953149655 0.24295486510792536 53.0 0.05 0.1 1.0 0.0 3.09e+19 6.0 0.0 0.0 -2.936394449236644 -11.411125153331925
184.84609363101464 0.5221641356802649 0.17933826311587542 1.543062802712437 2.3797000408192206 -0.09298808384164525 -2.9857213953149655 0.24295486510792536 53.0 0.05 0.1 1.0 0.0 3.09e+19 6.0 0.0 0.0 -2.936394449236644 -11.411125153331925
190.20348141379299 -1.0794935698416166 0.16672543830418138 -0.13772575083352256 2.8978073857149615 -0.5225905667391499 -1.541733855175583 0.2555472694644548 53.0 0.05 0.1 1.0 0.0 3.09e+19 6.0 0.0 0.0 -2.927351004813581 -11.522294341310387
163.96737004506144 -1.5682311932951976 0.05488351653003647 -0.9897190960007487 2.5683150149073724 -0.6310253830229304 -1.5865610744585827 0.07922739360489776 53.0 0.05 0.1 1.0 0.0 3.09e+19 6.0 0.0 0.0 -2.9231302492086866 -12.186872415163066
163.96737004506144 -1.5682311932951976 0.05488351653003647 -0.9897190960007487 2.5683150149073724 -0.6310253830229304 -1.5865610744585827 0.07922739360489776 53.0 0.05 0.1 1.0 0.0 3.09e+19 6.0 0.0 0.0 -2.9231302492086866 -12.186872415163066
134.76139711322804 -1.054680621400476 0.06682963765818598 -1.9742719022235595 2.4000294411125833 -1.1685981926809372 -0.835957344243476 0.260991130576272 53.0 0.05 0.1 1.0 0.0 3.09e+19 6.0 0.0 0.0 -2.912954403094517 -12.449933693104896
112.22688555717468 -1.1283476948738098 0.14187217644953434 -1.66939115524292 2.301384389400482 -0.6457843780517578 -1.8177613019943237 0.1583709454536438 53.0 0.05 0.1 1.0 0.0 3.09e+19 6.0 0.0 0.0 -2.9108633137160016 -11.414936851447798
173.00410270690918 -0.41197866201400757 0.09016233936323415 -0.10995662212371826 2.3994848132133484 -0.3066823482513428 -0.28859978914260864 0.4311425263166428 53.0 0.05 0.1 1.0 0.0 3.09e+19 6.0 0.0 0.0 -2.8742008010600304 -12.94160176263342
150.83768336988058 -1.9065489159548137 0.110648522425137 -2.1214664397461727 2.4878299124062453 -0.5615173189988676 -1.2387755559152918 0.43141632710311156 53.0 0.05 0.1 1.0 0.0 3.09e+19 6.0 0.0 0.0 -2.864222853658972 -12.73948116446057
105.43781461378273 -1.326282670467846 0.07386414744454012 -0.8796245384722448 2.2193541080547536 -0.7601021324736332 -1.0310554190883878 0.41674985828434075 53.0 0.05 0.1 1.0 0.0 3.09e+19 6.0 0.0 0.0 -2.862556173371442 -13.043513732733038
105.43781461378273 -1.326282670467846 0.07386414744454012 -0.8796245384722448 2.2193541080547536 -0.7601021324736332 -1.0310554190883878 0.41674985828434075 53.0 0.05 0.1 1.0 0.0 3.09e+19 6.0 0.0 0.0 -2.862556173371442 -13.043513732733038
124.13063373832874 -1.5913648425527587 0.15819183589251468 -0.8796194814229676 2.355113419781848 -0.07452806877441187 -2.7500684584547184 0.3109666934659036 53.0 0.05 0.1 1.0 0.0 3.09e+19 6.0 0.0 0.0 -2.85349659905141 -11.766629220553643
117.63352275079315 0.8334485322242569 0.1695947065160646 1.4700499664482614 2.2250913075357506 -0.48186763482871076 -2.4432274369503992 0.5164820877239429 53.0 0.05 0.1 1.0 0.0 3.09e+19 6.0 0.0 0.0 -2.8502719548276003 -13.239944673973454
117.63352275079315 0.8334485322242569 0.1695947065160646 1.4700499664482614 2.2250913075357506 -0.48186763482871076 -2.4432274369503992 0.5164820877239429 53.0 0.05 0.1 1.0 0.0 3.09e+19 6.0 0.0 0.0 -2.8502719548276003 -13.239944673973454
160.884565976141 -1.0212127891266127 0.13432851718229136 -0.1863872308392862 2.548343724306579 -0.25658203889100584 -0.19266867363436013 0.3052914572272589 53.0 0.05 0.1 1.0 0.0 3.09e+19 6.0 0.0 0.0 -2.8495746503785644 -11.907508262498498
101.62122785202139 -0.7134831225578915 0.14570114007100313 0.737709842044223 2.2269642505489866 -0.5860283595624134 -0.8059738606842277 0.37073425697622453 53.0 0.05 0.1 1.0 0.0 3.09e+19 6.0 0.0 0.0 -2.848463696439091 -12.107814133424917
101.62122785202139 -0.7134831225578915 0.14570114007100313 0.737709842044223 2.2269642505489866 -0.5860283595624134 -0.8059738606842277 0.37073425697622453 53.0 0.05 0.1 1.0 0.0 3.09e+19 6.0 0.0 0.0 -2.848463696439091 -12.107814133424917
174.71596550092346 -1.4296011243068536 0.11713404100819899 -1.4475805332206653 2.5159251047582645 -0.2196421251574625 -0.19517845550961255 0.34206801471996096 53.0 0.05 0.1 1.0 0.0 3.09e+19 6.0 0.0 0.0 -2.843348452042483 -12.191889782770303
174.71596550092346 -1.4296011243068536 0.11713404100819899 -1.4475805332206653 2.5159251047582645 -0.2196421251574625 -0.19517845550961255 0.34206801471996096 53.0 0.05 0.1 1.0 0.0 3.09e+19 6.0 0.0 0.0 -2.843348452042483 -12.191889782770303
139.69584703445435 -1.422808289527893 0.1389763345351252 1.211411476135254 2.3046679496765137 -0.013814985752105713 -2.8252885937690735 0.1237341118812561 53.0 0.05 0.1 1.0 0.0 3.09e+19 6.0 0.0 0.0 -2.805093491496802 -11.355081612093327
139.14366960525513 -0.40290725231170654 0.026396028527625424 -1.3992902040481567 2.2420703768730164 -0.7595230937004089 -1.0482126474380493 0.4536852498292923 53.0 0.05 0.1 1.0 0.0 3.09e+19 6.0 0.0 0.0 -2.800863734234328 -14.342621621878534
178.89237294754173 -1.6733387695613078 0.08469735742117328 -2.5715252168786296 2.454991822812563 -0.19656013442988662 -1.0177095135002276 0.28308557911813925 53.0 0.05 0.1 1.0 0.0 3.09e+19 6.0 0.0 0.0 -2.791899047162903 -12.28704004953596
153.87515425682068 -1.4258606433868408 0.16990604398217737 0.772140383720398 2.456428110599518 -0.18289035558700562 -2.116606593132019 0.32516381070613865 53.0 0.05 0.1 1.0 0.0 3.09e+19 6.0 0.0 0.0 -2.7586499298574676 -11.751668885363552
167.2972619493027 -1.407610712314837 0.15158229815505547 0.3150368635731886 2.7454830871326887 -0.50019123025245 -0.15735367200438555 0.2796594574251928 53.0 0.05 0.1 1.0 0.0 3.09e+19 6.0 0.0 0.0 -2.737998845256328 -11.695859690027236
167.2972619493027 -1.407610712314837 0.15158229815505547 0.3150368635731886 2.7454830871326887 -0.50019123025245 -0.15735367200438555 0.2796594574251928 53.0 0.05 0.1 1.0 0.0 3.09e+19 6.0 0.0 0.0 -2.737998845256328 -11.695859690027236
109.88577943454463 -1.7686938045545082 0.10528886098168652 -2.381071408338107 2.6258448780373245 -0.5400848734092287 -1.5038358764782043 0.42832872830587626 53.0 0.05 0.1 1.0 0.0 3.09e+19 6.0 0.0 0.0 -2.702865349260539 -12.767275174502576
120.09840518993562 -0.41646245993015985 0.15270668998381393 -1.0365089227803344 2.2976029071374127 -0.52441333248336 -2.400752761959064 0.09438640575680628 53.0 0.05 0.1 1.0 0.0 3.09e+19 6.0 0.0 0.0 -2.692616778327819 -11.198174003176115
120.09840518993562 -0.41646245993015985 0.15270668998381393 -1.0365089227803344 2.2976029071374127 -0.52441333248336 -2.400752761959064 0.09438640575680628 53.0 0.05 0.1 1.0 0.0 3.09e+19 6.0 0.0 0.0 -2.692616778327819 -11.198174003176115
147.28438879565113 -0.701712053875259 0.09898247355573833 -0.15458758784019722 2.3726842225755784 -0.15827634092653176 -2.6889352765038894 0.15811184173040388 53.0 0.05 0.1 1.0 0.0 3.09e+19 6.0 0.0 0.0 -2.6909545301370725 -11.772571506037377
118.55636239051819 -1.8447453379631042 0.05108726122364909 -2.0461621284484863 2.474609375 -1.1879552006721497 -0.20595020055770874 0.1543809488296509 53.0 0.05 0.1 1.0 0.0 3.09e+19 6.0 0.0 0.0 -2.6906877701916088 -12.423815455685716
118.55636239051819 -1.8447453379631042 0.05108726122364909 -2.0461621284484863 2.474609375 -1.1879552006721497 -0.20595020055770874 0.1543809488296509 53.0 0.05 0.1 1.0 0.0 3.09e+19 6.0 0.0 0.0 -2.6906877701916088 -12.423815455685716
196.62424926973716 -1.6140312821358287 0.11745301683094758 -2.7533620684643694 2.608140170045796 -0.22844989233058888 -1.6229071159519566 0.11168698954132728 53.0 0.05 0.1 1.0 0.0 3.09e+19 6.0 0.0 0.0 -2.689967581128133 -11.495929167602018
177.71185040473938 -0.521772563457489 0.17700542878457015 0.5601346492767334 2.0635857582092285 -0.3637992739677429 -1.6395381689071655 0.0008699671983718872 53.0 0.05 0.1 1.0 0.0 3.09e+19 6.0 0.0 0.0 -2.6813465449174756 -10.873172465352837
194.71443267554548 -0.7132025120047347 0.1738993808375941 1.0621247591011773 2.6428584329979996 -0.021865646808096884 -1.6142575670035164 0.3696098806147943 53.0 0.05 0.1 1.0 0.0 3.09e+19 6.0 0.0 0.0 -2.6707055663728845 -11.926839462339675
187.45279125797285 -0.9020975327865219 0.1445746662832017 -0.9484379017191191 2.6701725310219375 -0.49867846325634346 -0.6218093011894674 0.4936564423847118 53.0 0.05 0.1 1.0 0.0 3.09e+19 6.0 0.0 0.0 -2.6660128736670403 -13.055936123900864
106.47597175129023 -1.4228103711148796 0.1184895248555598 0.2911969782341748 2.5053087285151037 -0.5213047956216821 -2.222966909553572 0.029030618342859353 53.0 0.05 0.1 1.0 0.0 3.09e+19 6.0 0.0 0.0 -2.6448875410093797 -11.322169765531498
191.80631708200406 -1.073512293006063 0.06622619678475977 -2.1068096265085847 2.732374355479843 -0.9529610204942718 -0.9947100257740678 0.16074213088629363 53.0 0.05 0.1 1.0 0.0 3.09e+19 6.0 0.0 0.0 -2.6347921229889195 -12.179905012257851
191.80631708200406 -1.073512293006063 0.06622619678475977 -2.1068096265085847 2.732374355479843 -0.9529610204942718 -0.9947100257740678 0.16074213088629363 53.0 0.05 0.1 1.0 0.0 3.09e+19 6.0 0.0 0.0 -2.6347921229889195 -12.179905012257851
101.84466242790222 0.7403163909912109 0.17028199428475982 1.5223345756530762 2.1092823147773743 -0.5946326851844788 -2.5810024738311768 0.28440448787212375 53.0 0.05 0.1 1.0 0.0 3.09e+19 6.0 0.0 0.0 -2.632681064715453 -11.596879205905669
140.7662711166713 0.06624233871430896 0.13259741426504126 0.1574127849940461 2.358750956041377 -0.596854072871408 -1.1464508192503802 0.5206900169671251 53.0 0.05 0.1 1.0 0.0 3.09e+19 6.0 0.0 0.0 -2.6303774948994265 -13.562406246016288
173.0059200429019 0.11643940550232834 0.08096293087559894 -1.6146219970670903 2.3576598973559197 -0.6017389267954849 -0.9444936894047875 0.45761445693643715 53.0 0.05 0.1 1.0 0.0 3.09e+19 6.0 0.0 0.0 -2.616026415623134 -13.256478403894171
164.17128232919922 -1.9357113918527222 0.1220076114968434 -1.6022693542861046 2.8517399293790744 -0.26158664629639095 -1.1009371243079404 0.3103540448534151 53.0 0.05 0.1 1.0 0.0 3.09e+19 6.0 0.0 0.0 -2.61062626576037 -12.022321503200551
199.4811342758119 -0.005445100016010063 0.18135182720551626 1.0529542815816813 2.4611690058760187 -0.5340362325474994 -0.6565883023836161 0.19583515844656652 53.0 0.05 0.1 1.0 0.0 3.09e+19 6.0 0.0 0.0 -2.60470973314082 -11.26640085696366
144.55162962406237 0.7142782162303565 0.18851640074280457 1.444152188044634 2.4911474527515214 -0.5526749091076457 -2.2476406935089486 0.342084750400464 53.0 0.05 0.1 1.0 0.0 3.09e+19 6.0 0.0 0.0 -2.600955245708534 -11.719738690672905
185.99178737807074 -0.2663347762669064 0.09134498338183895 -0.5596533595660294 2.4868336188048064 -0.6716264596450503 -1.5630309490039556 0.16931802228327708 53.0 0.05 0.1 1.0 0.0 3.09e+19 6.0 0.0 0.0 -2.597935757647739 -11.880050329797394
105.54213604566299 0.03955762831015619 0.16057020822445991 0.5633758444179149 2.699800887410014 -0.6821528245386768 -0.8380641817971082 0.42282298549643277 53.0 0.05 0.1 1.0 0.0 3.09e+19 6.0 0.0 0.0 -2.596385195819372 -12.310200758959631
125.92665862521986 -1.081754540885716 0.17192732429179625 0.27652530082348914 2.4899496504726693 -0.34719288677181304 -1.5195317998953597 0.13367427490421627 53.0 0.05 0.1 1.0 0.0 3.09e+19 6.0 0.0 0.0 -2.561493813362364 -11.166427680437303
125.92665862521986 -1.081754540885716 0.17192732429179625 0.27652530082348914 2.4899496504726693 -0.34719288677181304 -1.5195317998953597 0.13367427490421627 53.0 0.05 0.1 1.0 0.0 3.09e+19 6.0 0.0 0.0 -2.561493813362364 -11.166427680437303
194.78558716903757 -0.43772186102503063 0.17619312850643642 -0.0725807778340215 2.6416647241776614 -0.8132180895008312 -0.341440348265436 0.04039003837539621 53.0 0.05 0.1 1.0 0.0 3.09e+19 6.0 0.0 0.0 -2.5575903336801042 -10.949379055807842
194.78558716903757 -0.43772186102503063 0.17619312850643642 -0.0725807778340215 2.6416647241776614 -0.8132180895008312 -0.341440348265436 0.04039003837539621 53.0 0.05 0.1 1.0 0.0 3.09e+19 6.0 0.0 0.0 -2.5575903336801042 -10.949379055807842
141.97557624683023 -1.6351259448440514 0.03632910107694963 -0.6994394127015662 2.3437645603881907 -0.1335922932590088 -0.43702304031711137 0.29274462623845593 53.0 0.05 0.1 1.0 0.0 3.09e+19 6.0 0.0 0.0 -2.5542930744021666 -13.166485453763075
141.97557624683023 -1.6351259448440514 0.03632910107694963 -0.6994394127015662 2.3437645603881907 -0.1335922932590088 -0.43702304031711137 0.29274462623845593 53.0 0.05 0.1 1.0 0.0 3.09e+19 6.0 0.0 0.0 -2.5542930744021666 -13.166485453763075
149.91518243158964 -1.9990646087391568 0.16976980442526116 0.13881272113795085 2.7394369133971654 -0.11586012409718727 -1.6460074231579385 0.1917592834119824 53.0 0.05 0.1 1.0 0.0 3.09e+19 6.0 0.0 0.0 -2.5454554424959968 -11.320951514141509
149.91518243158964 -1.9990646087391568 0.16976980442526116 0.13881272113795085 2.7394369133971654 -0.11586012409718727 -1.6460074231579385 0.1917592834119824 53.0 0.05 0.1 1.0 0.0 3.09e+19 6.0 0.0 0.0 -2.5454554424959968 -11.320951514141509
101.43301486968994 -0.6993696689605713 0.051153358661012824 -1.785038709640503 2.507637321949005 -0.7789961099624634 -1.8006450533866882 0.39733471870422366 53.0 0.05 0.1 1.0 0.0 3.09e+19 6.0 0.0 0.0 -2.532879378707559 -13.292891672094424
101.43301486968994 -0.6993696689605713 0.051153358661012824 -1.785038709640503 2.507637321949005 -0.7789961099624634 -1.8006450533866882 0.39733471870422366 53.0 0.05 0.1 1.0 0.0 3.09e+19 6.0 0.0 0.0 -2.532879378707559 -13.292891672094424
136.81621517370473 0.5062126682941135 0.1408732268677865 -1.3114925596641727 2.694175419573929 -0.3024649922644702 -1.32828520077915 0.4229854449421301 53.0 0.05 0.1 1.0 0.0 3.09e+19 6.0 0.0 0.0 -2.5292555434902724 -12.44116727457452
161.17360022203465 -0.28722304578526425 0.013422854002387645 -1.9048401590016968 2.1942659886629685 -0.5619120861296842 -1.9301056420471725 0.07614134404156617 53.0 0.05 0.1 1.0 0.0 3.09e+19 6.0 0.0 0.0 -2.5261717407473268 -13.588416594242606
161.17360022203465 -0.28722304578526425 0.013422854002387645 -1.9048401590016968 2.1942659886629685 -0.5619120861296842 -1.9301056420471725 0.07614134404156617 53.0 0.05 0.1 1.0 0.0 3.09e+19 6.0 0.0 0.0 -2.5261717407473268 -13.588416594242606
152.1821339968091 -0.7737183006872033 0.19247827107078488 -0.5410226615937512 2.3902456634978364 -0.12640534519747693 -2.4652576987300696 0.19851088876690065 53.0 0.05 0.1 1.0 0.0 3.09e+19 6.0 0.0 0.0 -2.5107228539715014 -11.214682378073547
152.1821339968091 -0.7737183006872033 0.19247827107078488 -0.5410226615937512 2.3902456634978364 -0.12640534519747693 -2.4652576987300696 0.19851088876690065 53.0 0.05 0.1 1.0 0.0 3.09e+19 6.0 0.0 0.0 -2.5107228539715014 -11.214682378073547
182.15569776342898 -0.04169517267134948 0.1203443126963548 0.3965152149750706 2.107848753401867 -0.15846609829987157 -1.2240191385496657 0.26282123604261176 53.0 0.05 0.1 1.0 0.0 3.09e+19 6.0 0.0 0.0 -2.499692698197179 -11.869288120962135
119.63936609891545 -0.0663667025130128 0.14504038296595245 -1.4705340906362325 2.8542539934155307 -0.5578454086847549 -1.9482392770414196 0.3037212269597968 53.0 0.05 0.1 1.0 0.0 3.09e+19 6.0 0.0 0.0 -2.4953823255147958 -11.825422476603478
119.63936609891545 -0.0663667025130128 0.14504038296595245 -1.4705340906362325 2.8542539934155307 -0.5578454086847549 -1.9482392770414196 0.3037212269597968 53.0 0.05 0.1 1.0 0.0 3.09e+19 6.0 0.0 0.0 -2.4953823255147958 -11.825422476603478
176.6551672978477 0.6440699712446865 0.1220290664903774 -0.6991994615772748 2.1744615754584053 -0.5790557188052476 -1.3286791847236463 0.4402023034269392 53.0 0.05 0.1 1.0 0.0 3.09e+19 6.0 0.0 0.0 -2.4718852683098236 -12.706367928771806
176.6551672978477 0.6440699712446865 0.1220290664903774 -0.6991994615772748 2.1744615754584053 -0.5790557188052476 -1.3286791847236463 0.4402023034269392 53.0 0.05 0.1 1.0 0.0 3.09e+19 6.0 0.0 0.0 -2.4718852683098236 -12.706367928771806
138.57934746385465 -1.6727426078583476 0.09976205855321231 -0.3412949729806325 2.5518304734344253 -0.29517201433333407 -0.9413683953727916 0.32926071755424546 53.0 0.05 0.1 1.0 0.0 3.09e+19 6.0 0.0 0.0 -2.4702411469793986 -12.297679517800411
106.90850882688594 0.6585627645028689 0.1473271843818041 -0.8692381136378282 2.756416280463653 -1.1454316576970247 -0.272082239727494 0.23731742919530777 53.0 0.05 0.1 1.0 0.0 3.09e+19 6.0 0.0 0.0 -2.4656513286994177 -11.58902994836627
107.83765749084705 -1.2640412965888015 0.150044076632076 0.056689749796457356 2.7056892967448345 -0.4294050710262818 -0.6420835536221539 0.37077142063155316 53.0 0.05 0.1 1.0 0.0 3.09e+19 6.0 0.0 0.0 -2.44812740589347 -12.078841256542942
157.30961872867974 -0.8447532202815984 0.15052276695289254 -1.307460824280926 2.2274759600422227 -0.2631716122095282 -1.199109867808192 0.030400272909627695 53.0 0.05 0.1 1.0 0.0 3.09e+19 6.0 0.0 0.0 -2.429278140320591 -11.086841810404135
157.30961872867974 -0.8447532202815984 0.15052276695289254 -1.307460824280926 2.2274759600422227 -0.2631716122095282 -1.199109867808192 0.030400272909627695 53.0 0.05 0.1 1.0 0.0 3.09e+19 6.0 0.0 0.0 -2.429278140320591 -11.086841810404135
198.35137375470356 -0.1623833516458384 0.17757536168818616 -0.43153916768368017 2.7073636215311745 -0.005984870551449362 -1.0418424942474842 0.3449959328107176 53.0 0.05 0.1 1.0 0.0 3.09e+19 6.0 0.0 0.0 -2.4225788773680574 -11.79158009476885
133.85852206403263 0.260705053994728 0.17560697847259993 1.0000665960497024 2.2725419954494956 -0.27458742679084347 -1.6418518853159285 0.3809030307199097 53.0 0.05 0.1 1.0 0.0 3.09e+19 6.0 0.0 0.0 -2.4200334908644363 -11.974467141845647
133.85852206403263 0.260705053994728 0.17560697847259993 1.0000665960497024 2.2725419954494956 -0.27458742679084347 -1.6418518853159285 0.3809030307199097 53.0 0.05 0.1 1.0 0.0 3.09e+19 6.0 0.0 0.0 -2.4200334908644363 -11.974467141845647
162.41800876450657 -1.6508496521317326 0.0764106586835671 -1.99365527581143 2.7479124278241924 -0.053557818468648044 -2.113594137627805 0.16805239573768463 53.0 0.05 0.1 1.0 0.0 3.09e+19 6.0 0.0 0.0 -2.4200289292820174 -12.05501879154591
162.41800876450657 -1.6508496521317326 0.0764106586835671 -1.99365527581143 2.7479124278241924 -0.053557818468648044 -2.113594137627805 0.16805239573768463 53.0 0.05 0.1 1.0 0.0 3.09e+19 6.0 0.0 0.0 -2.4200289292820174 -12.05501879154591
153.82115642042743 -0.6145699815242105 0.15839804618247544 -0.01824256340169228 2.7906451383011066 -0.523221148278044 -1.3640734039333515 0.09309350351523878 53.0 0.05 0.1 1.0 0.0 3.09e+19 6.0 0.0 0.0 -2.4085040400713194 -11.159176371475539
153.82115642042743 -0.6145699815242105 0.15839804618247544 -0.01824256340169228 2.7906451383011066 -0.523221148278044 -1.3640734039333515 0.09309350351523878 53.0 0.05 0.1 1.0 0.0 3.09e+19 6.0 0.0 0.0 -2.4085040400713194 -11.159176371475539
169.1480210593271 -0.5880925215687041 0.12911854167385348 -2.206597058570893 2.672973388776759 -0.6213888116835378 -0.4248116843904959 0.04621409398027788 53.0 0.05 0.1 1.0 0.0 3.09e+19 6.0 0.0 0.0 -2.401206132781118 -11.26883726807602
130.97673928973677 -1.7787459212761012 0.05186579514024174 -0.9664108771922661 2.157456462443827 -0.2069677958312237 -1.912944386054916 0.27958298710566426 53.0 0.05 0.1 1.0 0.0 3.09e+19 6.0 0.0 0.0 -2.3985071987084132 -12.764683595972429
130.97673928973677 -1.7787459212761012 0.05186579514024174 -0.9664108771922661 2.157456462443827 -0.2069677958312237 -1.912944386054916 0.27958298710566426 53.0 0.05 0.1 1.0 0.0 3.09e+19 6.0 0.0 0.0 -2.3985071987084132 -12.764683595972429
121.16555264137676 -1.0472306972798817 0.07523244163063353 -2.1214135718492435 2.481539734989627 -0.6787417113413285 -0.12955231473052775 0.44882289790442353 53.0 0.05 0.1 1.0 0.0 3.09e+19 6.0 0.0 0.0 -2.3966644850976744 -13.25593830234019
168.3014339491896 -0.6272509932158896 0.1447036902739578 0.05806648771478162 2.693456650937721 -0.18867401336990053 -1.4652152258667226 0.4713384283240202 53.0 0.05 0.1 1.0 0.0 3.09e+19 6.0 0.0 0.0 -2.39663362749082 -12.805516827421219
106.55523544559493 -0.3880203736399488 0.09796763165065793 -1.1228053120216779 2.2376970256859283 -0.5470446237454567 -2.300150289188302 0.032046127495008375 53.0 0.05 0.1 1.0 0.0 3.09e+19 6.0 0.0 0.0 -2.389053962529262 -11.51718135890441
106.55523544559493 -0.3880203736399488 0.09796763165065793 -1.1228053120216779 2.2376970256859283 -0.5470446237454567 -2.300150289188302 0.032046127495008375 53.0 0.05 0.1 1.0 0.0 3.09e+19 6.0 0.0 0.0 -2.389053962529262 -11.51718135890441
103.28173041343689 0.692331850528717 0.13146597267213928 -2.5395655632019043 2.5044257044792175 -1.099292278289795 -0.3021678328514099 0.06862778499126435 53.0 0.05 0.1 1.0 0.0 3.09e+19 6.0 0.0 0.0 -2.387911738422679 -11.294452561506105
103.28173041343689 0.692331850528717 0.13146597267213928 -2.5395655632019043 2.5044257044792175 -1.099292278289795 -0.3021678328514099 0.06862778499126435 53.0 0.05 0.1 1.0 0.0 3.09e+19 6.0 0.0 0.0 -2.387911738422679 -11.294452561506105
129.53883639839046 -1.8607238045500687 0.1671350891384288 0.44068190626861004 2.5448008937494824 -0.20057869939954287 -2.3930377743735214 0.07720863332895885 53.0 0.05 0.1 1.0 0.0 3.09e+19 6.0 0.0 0.0 -2.3824916774647362 -11.073355959439217
124.37218846511527 0.019628549879422863 0.09428632075743554 -0.9605322778564682 2.2548515612907662 -0.8154712446908943 -1.9519070650687858 0.09248307669167054 53.0 0.05 0.1 1.0 0.0 3.09e+19 6.0 0.0 0.0 -2.373915309246615 -11.673975576903272
123.85511914540709 -1.385413801985068 0.13072762911004876 -0.5593807427924711 2.557814694125563 -0.7636835132165638 -1.1150895994774799 0.24234740624895898 53.0 0.05 0.1 1.0 0.0 3.09e+19 6.0 0.0 0.0 -2.3666525314987887 -11.722924517997576
170.81766667118035 0.7464525027004116 0.14984689614516866 0.11097320239761999 2.8679613362874607 -0.2251442198606135 -1.2498147461002809 0.5036284776894346 53.0 0.05 0.1 1.0 0.0 3.09e+19 6.0 0.0 0.0 -2.3646398110850106 -13.155783950518185
114.60124497743642 -0.6705181233097 0.1174991519484614 -1.1940420430467795 2.806642783195915 -0.8187190573413146 -1.7582574976672065 0.29501247900102434 53.0 0.05 0.1 1.0 0.0 3.09e+19 6.0 0.0 0.0 -2.359896829102755 -12.002898047510639
114.60124497743642 -0.6705181233097 0.1174991519484614 -1.1940420430467795 2.806642783195915 -0.8187190573413146 -1.7582574976672065 0.29501247900102434 53.0 0.05 0.1 1.0 0.0 3.09e+19 6.0 0.0 0.0 -2.359896829102755 -12.002898047510639
177.90088669326929 -1.9769157087141176 0.14814485270451783 -0.9217623233015839 2.5270026176742135 -0.3101280938358668 -0.9908297154622216 0.040031756076729146 53.0 0.05 0.1 1.0 0.0 3.09e+19 6.0 0.0 0.0 -2.3594717345703082 -11.120577145152755
177.90088669326929 -1.9769157087141176 0.14814485270451783 -0.9217623233015839 2.5270026176742135 -0.3101280938358668 -0.9908297154622216 0.040031756076729146 53.0 0.05 0.1 1.0 0.0 3.09e+19 6.0 0.0 0.0 -2.3594717345703082 -11.120577145152755
187.66435781339507 -0.09810430929824365 0.1431461169946821 0.06172478757348632 2.308943182895671 -0.512103609521458 -1.2899515052178616 0.0356318961229879 53.0 0.05 0.1 1.0 0.0 3.09e+19 6.0 0.0 0.0 -2.356749066315106 -11.146428016758039
196.73208246025467 -1.8899597661656768 0.1429425520015533 -1.1578613505328237 2.772122967607459 -0.4028624170777766 -2.0271692604344973 0.055953758552013906 53.0 0.05 0.1 1.0 0.0 3.09e+19 6.0 0.0 0.0 -2.352285716513211 -11.186436351804266
146.27190419454746 0.4279155621224371 0.09538862134227194 -2.773850741635921 2.4411018603026915 -1.4052582370401812 -0.589592774242409 0.01110044039600062 53.0 0.05 0.1 1.0 0.0 3.09e+19 6.0 0.0 0.0 -2.3521577837138854 -11.505745539437939
146.27190419454746 0.4279155621224371 0.09538862134227194 -2.773850741635921 2.4411018603026915 -1.4052582370401812 -0.589592774242409 0.01110044039600062 53.0 0.05 0.1 1.0 0.0 3.09e+19 6.0 0.0 0.0 -2.3521577837138854 -11.505745539437939
137.11352566246828 0.2747094359541067 0.17660312503440503 0.23236165058186398 2.0814265607535622 -0.22777747360834777 -2.222509614192696 0.35697462962452414 53.0 0.05 0.1 1.0 0.0 3.09e+19 6.0 0.0 0.0 -2.3468959376941845 -11.85112661804369
108.84924225795629 -0.9743222531559073 0.1708196264868385 -1.6950490225626034 2.583055458249354 -0.40939684074810856 -0.432122406104837 0.13420979840385902 53.0 0.05 0.1 1.0 0.0 3.09e+19 6.0 0.0 0.0 -2.341519189555723 -11.174049329426634
195.17266154289246 -1.7410382628440857 0.11288783096529771 -1.0296506881713867 2.674785077571869 -0.7228356599807739 -1.2382632493972778 0.003925923585891724 53.0 0.05 0.1 1.0 0.0 3.09e+19 6.0 0.0 0.0 -2.3404518507220593 -11.325217071709579
118.30165043507276 -1.3369481925518927 0.1056278660894909 -2.113165918652449 2.6352464971890917 -0.44938371491726015 -0.5249601736656211 0.536702527388362 53.0 0.05 0.1 1.0 0.0 3.09e+19 6.0 0.0 0.0 -2.338127343388731 -14.15930073869817
118.30165043507276 -1.3369481925518927 0.1056278660894909 -2.113165918652449 2.6352464971890917 -0.44938371491726015 -0.5249601736656211 0.536702527388362 53.0 0.05 0.1 1.0 0.0 3.09e+19 6.0 0.0 0.0 -2.338127343388731 -14.15930073869817
167.17220522517624 0.13634262230980365 0.1917037121792798 -0.7572566025487149 2.9269756331773147 -0.42916935518387955 -0.7764040353832393 0.09355479158837125 53.0 0.05 0.1 1.0 0.0 3.09e+19 6.0 0.0 0.0 -2.335537973648611 -10.97124678574841
197.12642136357357 0.03759050689747756 0.16987326415028664 0.11037626153967972 2.1579500481361062 -0.5464454192916008 -0.4632914354427409 0.08712737447327912 53.0 0.05 0.1 1.0 0.0 3.09e+19 6.0 0.0 0.0 -2.333510246450376 -11.077493237436064
197.12642136357357 0.03759050689747756 0.16987326415028664 0.11037626153967972 2.1579500481361062 -0.5464454192916008 -0.4632914354427409 0.08712737447327912 53.0 0.05 0.1 1.0 0.0 3.09e+19 6.0 0.0 0.0 -2.333510246450376 -11.077493237436064
184.40625091719602 -1.492041971324927 0.1298786175322441 -0.9391865995317219 2.3939849597193197 -0.15595382678103498 -1.621755719446646 0.2170832857358694 53.0 0.05 0.1 1.0 0.0 3.09e+19 6.0 0.0 0.0 -2.3329329476914666 -11.655645760714439
145.058655613774 -0.74309207259619 0.12578625765799492 -1.8358648984288397 2.5720428257126002 -0.29108852898260995 -1.3032239788459572 0.3658410141392976 53.0 0.05 0.1 1.0 0.0 3.09e+19 6.0 0.0 0.0 -2.3292450556720334 -12.22991092308242
145.058655613774 -0.74309207259619 0.12578625765799492 -1.8358648984288397 2.5720428257126002 -0.29108852898260995 -1.3032239788459572 0.3658410141392976 53.0 0.05 0.1 1.0 0.0 3.09e+19 6.0 0.0 0.0 -2.3292450556720334 -12.22991092308242
129.80375289916992 -0.30341464281082153 0.02346147470244393 -2.43393337726593 2.040669083595276 -0.5696389675140381 -0.2133350372314453 0.35545462946891787 53.0 0.05 0.1 1.0 0.0 3.09e+19 6.0 0.0 0.0 -2.321391049133445 -13.857529083717735
134.28643720690357 -1.3536008984681303 0.08057632190200868 -1.3916380238641253 2.505858964452031 -0.48651128154699164 -1.7970885993640708 0.14633894347405776 53.0 0.05 0.1 1.0 0.0 3.09e+19 6.0 0.0 0.0 -2.3199845570445694 -11.949737446871712
190.43239279813952 -0.024457036149314604 0.1578913439381686 -1.7324697146593642 2.8359695049308704 -0.4127929826766574 -0.7810709465814267 0.419909242823712 53.0 0.05 0.1 1.0 0.0 3.09e+19 6.0 0.0 0.0 -2.3133795091849265 -12.307589935465609
162.11384664437173 0.9519263312611148 0.11550071198449532 -2.3398419916512685 2.328665975298892 -0.5694073548477285 -1.1277381625801244 0.18544483504079506 53.0 0.05 0.1 1.0 0.0 3.09e+19 6.0 0.0 0.0 -2.3114979379338543 -11.687081480727983
164.5676049658211 -0.622685637264206 0.14609520552455982 -2.7367725027830385 2.462217969644265 -0.21451078141185143 -0.5418063785994409 0.0786139821642443 53.0 0.05 0.1 1.0 0.0 3.09e+19 6.0 0.0 0.0 -2.304581803288495 -11.20964168951947
134.9125481198184 -1.0133921673432775 0.11656485630584174 -1.2893116722291107 2.1395208787801168 -0.18964100822054109 -2.2907135470968436 0.25747768434232504 53.0 0.05 0.1 1.0 0.0 3.09e+19 6.0 0.0 0.0 -2.302924476513673 -11.883934388031308
188.3042530945495 -1.1264907245183942 0.15720126282225888 -0.33281379601969974 2.120400709212048 -0.17593693956094514 -0.8838099909801804 0.24627138903624407 53.0 0.05 0.1 1.0 0.0 3.09e+19 6.0 0.0 0.0 -2.3003218113393267 -11.551745991929213
180.3861354649525 -0.36306377698220205 0.08524710900188331 -2.0811672039829485 2.2232242760132452 -0.8469985833713665 -1.0536667559161994 0.2831039997846303 53.0 0.05 0.1 1.0 0.0 3.09e+19 6.0 0.0 0.0 -2.299472428021751 -12.280649498636107
107.13032721552553 0.7954476436320226 0.1382239523449348 -1.1810329188684618 2.793527980633288 -1.022389403396382 -0.6906947201755638 0.1232797374856717 53.0 0.05 0.1 1.0 0.0 3.09e+19 6.0 0.0 0.0 -2.2963140311744357 -11.359463047210742
107.13032721552553 0.7954476436320226 0.1382239523449348 -1.1810329188684618 2.793527980633288 -1.022389403396382 -0.6906947201755638 0.1232797374856717 53.0 0.05 0.1 1.0 0.0 3.09e+19 6.0 0.0 0.0 -2.2963140311744357 -11.359463047210742
143.31582070322412 -0.4061767320275127 0.06749479039807373 -1.0329367946295027 2.0768036509317063 -0.6657388789325567 -1.5927964606257832 0.1926246852129433 53.0 0.05 0.1 1.0 0.0 3.09e+19 6.0 0.0 0.0 -2.2946763515890445 -12.241571773118013
112.86538290282459 -0.16949666013492992 0.12101545571190357 0.028514745900159788 2.097419985010081 -0.35753987519763886 -2.3076304027930883 0.47455263087400085 53.0 0.05 0.1 1.0 0.0 3.09e+19 6.0 0.0 0.0 -2.2881912394886754 -13.015557522002204
112.86538290282459 -0.16949666013492992 0.12101545571190357 0.028514745900159788 2.097419985010081 -0.35753987519763886 -2.3076304027930883 0.47455263087400085 53.0 0.05 0.1 1.0 0.0 3.09e+19 6.0 0.0 0.0 -2.2881912394886754 -13.015557522002204
112.00343032339784 -1.773535804681265 0.10614092535789128 -1.16811992634753 2.6970170905149105 -0.5577116783917675 -0.8005349171403626 0.3202426969646718 53.0 0.05 0.1 1.0 0.0 3.09e+19 6.0 0.0 0.0 -2.2849931153847733 -12.199500164741785
148.52592834751698 -0.44254461962136005 0.11793550939534089 -1.851706035210578 2.2488585780031287 -0.6327763376118609 -0.17228735626984637 0.47170576063391095 53.0 0.05 0.1 1.0 0.0 3.09e+19 6.0 0.0 0.0 -2.2838023333066313 -13.012535286304749
115.66025805395904 -1.0295097464427438 0.12438712711712331 -1.392946846871919 2.1926506052353427 -0.1989149029412256 -2.6778394756013455 0.10649390686819868 53.0 0.05 0.1 1.0 0.0 3.09e+19 6.0 0.0 0.0 -2.2751407327440445 -11.427639848604576
115.66025805395904 -1.0295097464427438 0.12438712711712331 -1.392946846871919 2.1926506052353427 -0.1989149029412256 -2.6778394756013455 0.10649390686819868 53.0 0.05 0.1 1.0 0.0 3.09e+19 6.0 0.0 0.0 -2.2751407327440445 -11.427639848604576
168.5973356911074 0.14572218346716914 0.13655582038219666 -0.4919122582358968 2.5164744644022043 -0.015664133028212124 -2.3272985969033804 0.5062329329859171 53.0 0.05 0.1 1.0 0.0 3.09e+19 6.0 0.0 0.0 -2.2698212291540347 -13.28663613245772
168.5973356911074 0.14572218346716914 0.13655582038219666 -0.4919122582358968 2.5164744644022043 -0.015664133028212124 -2.3272985969033804 0.5062329329859171 53.0 0.05 0.1 1.0 0.0 3.09e+19 6.0 0.0 0.0 -2.2698212291540347 -13.28663613245772
183.84172179504222 -0.46926507864367206 0.1660337233497116 -0.7310681700845194 2.2330259216552717 -0.38993946376656385 -0.054819315223361365 0.26138744078307213 53.0 0.05 0.1 1.0 0.0 3.09e+19 6.0 0.0 0.0 -2.2678378084555515 -11.545017163687131
183.84172179504222 -0.46926507864367206 0.1660337233497116 -0.7310681700845194 2.2330259216552717 -0.38993946376656385 -0.054819315223361365 0.26138744078307213 53.0 0.05 0.1 1.0 0.0 3.09e+19 6.0 0.0 0.0 -2.2678378084555515 -11.545017163687131
137.66203135006884 0.34223594259616297 0.13310124884377245 -2.975549678509341 2.73094310564712 -0.9421534715543354 -0.5216050339142617 0.030917936244363148 53.0 0.05 0.1 1.0 0.0 3.09e+19 6.0 0.0 0.0 -2.264264084365726 -11.209976968520357
131.50779049218238 -0.5760268158901403 0.11874256300473693 -0.7708930928356508 2.779920906332585 -0.7214565559174013 -0.7899112647930742 0.28954083757348736 53.0 0.05 0.1 1.0 0.0 3.09e+19 6.0 0.0 0.0 -2.2624306101781224 -11.97288675996323
116.11059677846848 0.1439434305825511 0.11305322828655222 -0.8912811320673133 2.3365719780853347 -0.5586941753249404 -2.04520506147314 0.33120044931148174 53.0 0.05 0.1 1.0 0.0 3.09e+19 6.0 0.0 0.0 -2.2527189034189528 -12.18109034029735
125.00002214665632 -1.5676572491133303 0.09171581201372297 -0.7551350996474491 2.2265004717707337 -0.07686277850326206 -2.250571284933404 0.2685845107531416 53.0 0.05 0.1 1.0 0.0 3.09e+19 6.0 0.0 0.0 -2.239021847911612 -12.158729604660195
127.41695543336107 -0.5479672450159461 0.15128851157921644 -1.6669732410914093 2.4505064357405097 -0.40516544267441823 -1.9835192186402324 0.08638288597119462 53.0 0.05 0.1 1.0 0.0 3.09e+19 6.0 0.0 0.0 -2.2373484226756104 -11.190827709658649
111.3404221527271 -0.9748673770441632 0.1526538737611731 -1.4088980923866827 2.7110155572082295 -0.4265720764048897 -0.8915723126037345 0.3549694105363067 53.0 0.05 0.1 1.0 0.0 3.09e+19 6.0 0.0 0.0 -2.2326710434615626 -11.986276739166529
111.3404221527271 -0.9748673770441632 0.1526538737611731 -1.4088980923866827 2.7110155572082295 -0.4265720764048897 -0.8915723126037345 0.3549694105363067 53.0 0.05 0.1 1.0 0.0 3.09e+19 6.0 0.0 0.0 -2.2326710434615626 -11.986276739166529
194.70420601522852 -1.2379048931437184 0.06849888941836382 -1.5892745938001025 2.5893946195443904 -0.7467654374537398 -1.4042889532305833 0.1020735767350537 53.0 0.05 0.1 1.0 0.0 3.09e+19 6.0 0.0 0.0 -2.230537775584283 -12.012980251750493
194.70420601522852 -1.2379048931437184 0.06849888941836382 -1.5892745938001025 2.5893946195443904 -0.7467654374537398 -1.4042889532305833 0.1020735767350537 53.0 0.05 0.1 1.0 0.0 3.09e+19 6.0 0.0 0.0 -2.230537775584283 -12.012980251750493
105.04898025596121 -0.26289995977330394 0.16409813606128937 -0.3107814207794468 2.3810927038775263 -0.5744845126345721 -2.8045714146181218 0.08600840495316035 53.0 0.05 0.1 1.0 0.0 3.09e+19 6.0 0.0 0.0 -2.2301571039520143 -11.109455994957822
176.92047235596294 -1.3024799885942502 0.1900905837160563 0.8598528746454415 2.3790630296545268 -0.07658046766524729 -1.411493535745218 0.11874217326256159 53.0 0.05 0.1 1.0 0.0 3.09e+19 6.0 0.0 0.0 -2.2264526001574003 -11.033628348922045
138.24422364711103 -1.76036354128725 0.15569804353516756 0.04581930701168435 2.4254400185498723 -0.3933864055261864 -1.1485339296659252 0.3145401383573372 53.0 0.05 0.1 1.0 0.0 3.09e+19 6.0 0.0 0.0 -2.220273534573588 -11.796151421328233
180.1425325431283 -0.9081624847086343 0.19063359175761266 -1.1006382081210837 2.752630260835421 -0.2706416488340664 -0.6484664034214815 0.3026872668767996 53.0 0.05 0.1 1.0 0.0 3.09e+19 6.0 0.0 0.0 -2.216473715416828 -11.550796172658965
182.59233732942113 -1.4846766982957078 0.14673273974129095 -0.1690274885253622 2.6091062810919503 -0.4710661784203003 -2.0083271206724502 0.08563219396672474 53.0 0.05 0.1 1.0 0.0 3.09e+19 6.0 0.0 0.0 -2.212848234951017 -11.219633551514107
190.1550972345675 -0.9076392376911171 0.15928130016062547 0.05607106106558479 2.5473911800153695 -0.5013817083550087 -0.16205278198128115 0.27899605400596184 53.0 0.05 0.1 1.0 0.0 3.09e+19 6.0 0.0 0.0 -2.2080412285877187 -11.644452483090664
123.51235535969502 -1.7947996441104617 0.13073540113273446 -0.7870180334604808 2.2802566285944654 -0.3025748238765309 -1.8768896664083097 0.5393449863598303 53.0 0.05 0.1 1.0 0.0 3.09e+19 6.0 0.0 0.0 -2.2072823581541554 -14.023944170134568
175.40516879694633 -0.2962995754863196 0.1465845203787603 -0.849709047931086 2.246572220971998 -0.2157627972559899 -1.9570828150120518 0.4191132782258764 53.0 0.05 0.1 1.0 0.0 3.09e+19 6.0 0.0 0.0 -2.205965355310347 -12.376113996134123
127.14539363956206 -0.4299694959203064 0.16116873966619014 -1.3071218723818228 2.6241519979108676 -0.5448590504757505 -1.2484271279978452 0.41657864071827166 53.0 0.05 0.1 1.0 0.0 3.09e+19 6.0 0.0 0.0 -2.205046715384219 -12.265613491452912
137.89406102002866 -0.10786651919818824 0.1195762753332575 -0.8420174768454785 2.4726447231646937 -0.723244352031394 -0.22599239107072933 0.5407326156020879 53.0 0.05 0.1 1.0 0.0 3.09e+19 6.0 0.0 0.0 -2.1992221942075036 -14.155585111436096
112.48128783063264 -0.37678255237527214 0.1253459373933502 -2.1935365868898433 2.7435327034595716 -0.3911181402648678 -1.588840710641512 0.19737481018965955 53.0 0.05 0.1 1.0 0.0 3.09e+19 6.0 0.0 0.0 -2.1987251663091727 -11.636991979522644
156.765763702666 -1.2761103094497972 0.11833417163567495 -0.7367918679635705 2.427695205573489 -0.062234020997481654 -2.8009474441477957 0.24404873932976787 53.0 0.05 0.1 1.0 0.0 3.09e+19 6.0 0.0 0.0 -2.195213025831925 -11.827180999202447
177.27513297322355 -1.877256152372278 0.17243221275107146 -0.7910300180560106 2.7381433594807616 -0.10537277866803452 -1.5137883164393668 0.2220773104462147 53.0 0.05 0.1 1.0 0.0 3.09e+19 6.0 0.0 0.0 -2.1928596920395194 -11.388544125665586
180.74634734065205 -1.3088286459692067 0.1720978956222085 -2.0123352379752966 2.513563521907488 -0.23553977195481535 -8.764136407357626e-05 0.24529992873574605 53.0 0.05 0.1 1.0 0.0 3.09e+19 6.0 0.0 0.0 -2.1919715113648106 -11.459054152181558
190.0382715948043 -0.8728656948591305 0.15890985626328588 -0.0926324803638785 2.821294903369458 -0.14617037458988014 -0.4075405429806911 0.456716466453736 53.0 0.05 0.1 1.0 0.0 3.09e+19 6.0 0.0 0.0 -2.182339336126738 -12.577459485161473
196.0415005683899 0.8243714570999146 0.12278017164827501 -2.08686625957489 2.064769923686981 -0.012133955955505371 -0.46398693323135376 0.48022858057022094 53.0 0.05 0.1 1.0 0.0 3.09e+19 6.0 0.0 0.0 -2.178877611380213 -13.060910743384722
139.99246442775586 -0.13856882235409484 0.1799727517671099 -0.9262095625822395 2.517936926084906 -0.4033299674192663 -0.8441748635513968 0.3888212588837685 53.0 0.05 0.1 1.0 0.0 3.09e+19 6.0 0.0 0.0 -2.177136607546169 -11.992397679585165
122.3809267311012 -1.2873953647556065 0.0996150827205185 -1.2487122149007694 2.724226503138892 -0.7575633616520383 -0.4478088090621317 0.2407190790533221 53.0 0.05 0.1 1.0 0.0 3.09e+19 6.0 0.0 0.0 -2.175664820317518 -11.988610013407005
195.88916981566354 -1.1737149384033452 0.1766425657428209 -0.7829796377968163 2.669059884517771 -0.09754666725211525 -1.304182272311669 0.20498790631449557 53.0 0.05 0.1 1.0 0.0 3.09e+19 6.0 0.0 0.0 -2.175272710778018 -11.317036091465564
126.04294582217186 -0.27730397889614666 0.13058524077383138 -0.6472011027778692 2.5122206396279383 -0.8441820637583 -0.5390422749179704 0.360674285822762 53.0 0.05 0.1 1.0 0.0 3.09e+19 6.0 0.0 0.0 -2.170926086618006 -12.167968482535507
163.36757587050332 -0.10729249088153026 0.14660265964116673 -1.6418299430771588 2.452724978566583 -0.7548415573510274 -0.7835303342017204 0.143290800739501 53.0 0.05 0.1 1.0 0.0 3.09e+19 6.0 0.0 0.0 -2.162150602397217 -11.346589881234674
119.981228818798 -1.301845711018006 0.15161331034811923 -0.8772971949178325 2.3252238938123204 -0.5252114741321323 -1.4389184580396663 0.05971763151163609 53.0 0.05 0.1 1.0 0.0 3.09e+19 6.0 0.0 0.0 -2.1605979670286692 -11.1352868985002
149.22120840588104 -0.6254026077568222 0.1544429589914316 0.1086610822099714 2.2723593178503236 -0.40853901167195517 -1.734673263932127 0.10376165950455213 53.0 0.05 0.1 1.0 0.0 3.09e+19 6.0 0.0 0.0 -2.1596981252622527 -11.206765047465277
165.4684036195047 -0.056249434057142444 0.13628679783139525 -1.4769559638089649 2.9806932585435524 -0.540377197158008 -0.7783262675696556 0.379014586607258 53.0 0.05 0.1 1.0 0.0 3.09e+19 6.0 0.0 0.0 -2.1581906774376645 -12.216093586254976
118.08448247171921 -1.8814837240424802 0.09918505471170498 -0.7412604536671754 2.423408620590463 -0.2674932503784695 -2.043361280838389 0.4460298812711359 53.0 0.05 0.1 1.0 0.0 3.09e+19 6.0 0.0 0.0 -2.155772474911381 -12.957880371003629
123.65576839585697 -1.5298996748081772 0.11341567627581847 -2.409540890711799 2.813737057973124 -0.6423294578533434 -1.3714726196196871 0.16439799188659962 53.0 0.05 0.1 1.0 0.0 3.09e+19 6.0 0.0 0.0 -2.154343910136884 -11.6522556724195
153.89762733320714 -0.4756942601644254 0.1260446939676862 -0.35279650706150356 2.4610972495107624 -0.14754442120702738 -2.5158116194817826 0.36356673633278186 53.0 0.05 0.1 1.0 0.0 3.09e+19 6.0 0.0 0.0 -2.1540761607512873 -12.216919187576
110.00258927445482 0.47828031800390525 0.1388867682747686 -1.4393318843306466 2.3490744647150557 -0.556643462099522 -1.9465667798443775 0.2596092136394759 53.0 0.05 0.1 1.0 0.0 3.09e+19 6.0 0.0 0.0 -2.153057575426012 -11.716466071375876
182.8755440980661 0.4843795634845294 0.1766793975467386 0.7514535591087839 2.79742710322221 -0.13411731049174236 -0.801904755551595 0.4456600783229237 53.0 0.05 0.1 1.0 0.0 3.09e+19 6.0 0.0 0.0 -2.152832858540659 -12.381176739557079
115.66172518365408 -0.6121208398462303 0.13899262179497024 0.3448871026794458 2.0945210282580655 -0.5061829295809086 -1.8437850142551844 0.061670062633790296 53.0 0.05 0.1 1.0 0.0 3.09e+19 6.0 0.0 0.0 -2.147406900407212 -11.225402714100818
157.07383579903168 0.19060322191425483 0.13762332952366857 0.029859383237669235 2.180825410638802 -0.17406116180795017 -2.0286727460805647 0.5202858925487688 53.0 0.05 0.1 1.0 0.0 3.09e+19 6.0 0.0 0.0 -2.1461944293833746 -13.517645163130869
175.22568449728476 -0.7158142908735119 0.18586166790364866 0.4636606341004814 2.3991481732632085 -0.07827264209323026 -2.2802747214168755 0.2179913872793668 53.0 0.05 0.1 1.0 0.0 3.09e+19 6.0 0.0 0.0 -2.1435644663226068 -11.30275349059289
190.28041040384593 -0.8955054241454625 0.15005344572630006 0.03589493774193597 2.6119997941882978 -0.2066764351004724 -2.716861889765155 0.038706465454201026 53.0 0.05 0.1 1.0 0.0 3.09e+19 6.0 0.0 0.0 -2.143165791378591 -11.105384805545993
160.54074212431902 -0.10578859697906728 0.1893185567198625 0.42506478120681646 2.651351133131675 -0.4649770133866111 -1.6827108741076917 0.3195882801298622 53.0 0.05 0.1 1.0 0.0 3.09e+19 6.0 0.0 0.0 -2.1407572442078093 -11.622347252644373
147.76400378959082 -0.20323640423235423 0.1475729098787155 0.3114132863064474 2.2182892810968284 -0.6917998848121134 -1.9873144016673292 0.007747741600903239 53.0 0.05 0.1 1.0 0.0 3.09e+19 6.0 0.0 0.0 -2.139841369026925 -11.065542454641331
106.55339280642013 -1.13251135432505 0.11384679374490857 -0.8404244728191266 2.579440186176618 -0.8608107353898697 -1.0287444200132396 0.26227537824042496 53.0 0.05 0.1 1.0 0.0 3.09e+19 6.0 0.0 0.0 -2.1367908003024563 -11.922775880319744
133.5314081991569 -0.06565378853988069 0.13687926842920697 -0.9637391031135607 2.6798018829437678 -0.4302721790718427 -2.4110552837189263 0.2841652074335814 53.0 0.05 0.1 1.0 0.0 3.09e+19 6.0 0.0 0.0 -2.1326200065698258 -11.812692539870834
182.9997420310974 -0.7487303614616394 0.17963261098704253 -1.9712605476379395 2.8618159890174866 -0.24872106313705444 -0.4569847583770752 0.03527667689323426 53.0 0.05 0.1 1.0 0.0 3.09e+19 6.0 0.0 0.0 -2.129789722211976 -10.920684957004152
174.17018893373887 0.4593491778907861 0.149202232756322 -0.301868413327814 2.64801648985742 -0.5951433155225221 -1.0862421180825637 0.43436262599893455 53.0 0.05 0.1 1.0 0.0 3.09e+19 6.0 0.0 0.0 -2.122795781334775 -12.463328464238407
178.9706077604855 0.10186171991611914 0.15779793336688505 0.269704539242575 2.7040266627822396 -0.409541181172004 -0.4612273903261763 0.503528868923059 53.0 0.05 0.1 1.0 0.0 3.09e+19 6.0 0.0 0.0 -2.1227951823971294 -13.103043693313287
148.88273422414483 -0.8423966121931541 0.18400854302646194 -0.13727453900829056 2.6316447425055127 -0.06854199460538712 -1.7484723255329844 0.43122247001024094 53.0 0.05 0.1 1.0 0.0 3.09e+19 6.0 0.0 0.0 -2.1218550560891782 -12.233091827714846
100.31927984448471 0.4917276653728968 0.13832377850656283 -0.2795147628253223 2.1670035268484513 -0.6272209173598768 -1.57153704200977 0.5600829422489197 53.0 0.05 0.1 1.0 0.0 3.09e+19 6.0 0.0 0.0 -2.118776652751249 -14.955051295355833
134.94282188701774 -1.1966474725766552 0.1114755458297233 -1.102781542104586 2.622023337914064 -0.4507956924288852 -1.226030613047524 0.42400150403817005 53.0 0.05 0.1 1.0 0.0 3.09e+19 6.0 0.0 0.0 -2.1084554881844846 -12.680808165480155
111.89790312012812 -1.377167576173208 0.11037721509388486 -0.927912514302029 2.498579077264141 -0.7562596562132975 -0.7085051071764554 0.3497667090112349 53.0 0.05 0.1 1.0 0.0 3.09e+19 6.0 0.0 0.0 -2.1074033615577172 -12.285044253040793
146.2172543521845 -0.05877258154907006 0.16094806605738007 -0.5784760609405923 2.7932837029884237 -0.29923951999337683 -2.17879054067743 0.5510445963240119 53.0 0.05 0.1 1.0 0.0 3.09e+19 6.0 0.0 0.0 -2.107116386479857 -14.25437718157375
131.00151451638777 -0.9225996762199058 0.11554055886559936 -0.28839461510589093 2.117239027512972 -0.5745419923565813 -1.5230174334822364 0.0008875253492442039 53.0 0.05 0.1 1.0 0.0 3.09e+19 6.0 0.0 0.0 -2.1066360117574794 -11.29676060604788
192.7622408713055 -0.8382471638391782 0.1460479005561349 0.0860178532482534 2.9062421507649314 -0.1934521472718176 -0.3836945395657607 0.5610340766601691 53.0 0.05 0.1 1.0 0.0 3.09e+19 6.0 0.0 0.0 -2.1058523370410764 -14.981445793764564
101.7879071706803 -0.7694351224326839 0.15984911430824503 -0.4223332175164294 2.697815193336686 -0.5186232576144376 -2.167211525743836 0.19645179348540992 53.0 0.05 0.1 1.0 0.0 3.09e+19 6.0 0.0 0.0 -2.105242210495921 -11.393023152886558
126.30084382922595 -0.02252594548050224 0.13371725240316704 -1.3352021717864853 2.5450230869282207 -1.000210940510925 -1.1461571784159954 0.1435664071692416 53.0 0.05 0.1 1.0 0.0 3.09e+19 6.0 0.0 0.0 -2.101187223848109 -11.438627983213163
179.12858977482642 -0.06823414642328096 0.14070960834747123 -1.797647335615558 2.3920537337168586 -0.7541799609952502 -0.2188800841699483 0.13276867434506856 53.0 0.05 0.1 1.0 0.0 3.09e+19 6.0 0.0 0.0 -2.100851246025361 -11.363109931960098
104.15856838226318 -0.7005752325057983 0.14648671155665147 -2.0164425373077393 2.6819135546684265 -0.8087625503540039 -0.1090652346611023 0.05823635280132294 53.0 0.05 0.1 1.0 0.0 3.09e+19 6.0 0.0 0.0 -2.099959198945508 -11.166545258177948
167.6628228598105 -0.40597049892022596 0.15572051199793602 -0.10985944508328283 2.7276045324231832 -0.5777849395178056 -1.4644249224994648 0.19467278093329363 53.0 0.05 0.1 1.0 0.0 3.09e+19 6.0 0.0 0.0 -2.0997681673903763 -11.414252264872223
141.68351727658262 -0.5359987991290693 0.14611757852881493 -0.28842356881253295 2.5018645600885314 -0.5996120644989413 -2.0802636997683717 0.07887579053380847 53.0 0.05 0.1 1.0 0.0 3.09e+19 6.0 0.0 0.0 -2.0956813490448423 -11.210019999248086
142.37269736578077 0.041249502052063125 0.18540306511162108 0.8011993170888161 2.2585716971557166 -0.0623732485235311 -1.8194823616278086 0.45483226179816866 53.0 0.05 0.1 1.0 0.0 3.09e+19 6.0 0.0 0.0 -2.0900820734232397 -12.40863139654622
166.07627256657594 0.1675327163598781 0.13554931387100363 -2.1746572537446474 2.4488216593866454 -0.5129079440093496 -0.44132670548870223 0.46886970568777164 53.0 0.05 0.1 1.0 0.0 3.09e+19 6.0 0.0 0.0 -2.0897012622328295 -12.846306981026487
155.0365860152977 0.2204801485583796 0.12001238630867997 -1.3409270053847857 2.249322579081913 -0.6445124401898381 -1.9119634542250332 0.15974671381322414 53.0 0.05 0.1 1.0 0.0 3.09e+19 6.0 0.0 0.0 -2.084365279436523 -11.584641569274915
115.0770095664556 -1.8593976859249723 0.06407934755214605 -2.1149952506951 2.761974425461826 -0.3111970308369152 -1.5913422468575131 0.500596980573003 53.0 0.05 0.1 1.0 0.0 3.09e+19 6.0 0.0 0.0 -2.080330643391137 -13.959078421334606
130.52145897258418 -0.9242688119991143 0.0696854579838612 -1.8546207166442625 2.3108399141848825 -0.33682980157579934 -1.9465180018972423 0.3090835884208814 53.0 0.05 0.1 1.0 0.0 3.09e+19 6.0 0.0 0.0 -1.9886337837690073 -12.575904037821923
113.63604513792845 -0.4233934293189363 0.1244031016053412 -1.9480098882105994 2.4207803992362655 -0.7255598539535564 -0.6086462045232919 0.500825332088868 53.0 0.05 0.1 1.0 0.0 3.09e+19 6.0 0.0 0.0 -2.033744338070378 -13.300754980036498
139.14893815521322 -1.4805861785806294 0.1289369799188497 -0.7373713614822655 2.5455037045037647 -0.5460651995348771 -0.9879254710056031 0.3480741930291633 53.0 0.05 0.1 1.0 0.0 3.09e+19 6.0 0.0 0.0 -2.0565422209548574 -12.122791696723644
122.35982211520462 -0.8858932053524957 0.14868834816089088 -1.9132234950964033 2.630827560567172 -0.3309707827934587 -1.2799347214149912 0.3211389788204983 53.0 0.05 0.1 1.0 0.0 3.09e+19 6.0 0.0 0.0 -1.9066782373760138 -11.867785223790493
108.25741994230613 -1.4568046761174749 0.1227451023108408 -1.779130889795318 2.5942293813767536 -0.39705580244944194 -1.5701798222689487 0.4760688339553477 53.0 0.05 0.1 1.0 0.0 3.09e+19 6.0 0.0 0.0 -1.8625650786115804 -13.017053171345353
112.99153472345667 -1.8987801752397457 0.10402620430322321 -1.063196304565584 2.5360014130942843 -0.44144465513765896 -1.6284641436431797 0.4180932077387337 53.0 0.05 0.1 1.0 0.0 3.09e+19 6.0 0.0 0.0 -2.0341753488544727 -12.710661232708375
121.64182483168827 -1.446993902159659 0.14985670099164836 -1.1780487115866283 2.3131653938060195 -0.27069226203828345 -0.6916244213270715 0.5392666240797912 53.0 0.05 0.1 1.0 0.0 3.09e+19 6.0 0.0 0.0 -1.8888972951174172 -13.8859676397564
119.63834166526794 -1.3023139834403992 0.10901439993048422 -1.8384071588516235 2.491253077983856 -0.21970903873443604 -2.2008122205734253 0.3009440999507904 53.0 0.05 0.1 1.0 0.0 3.09e+19 6.0 0.0 0.0 -1.9335056632687881 -12.099144413322676
122.02938291452809 -1.7216457762472595 0.12878993278234238 -1.6393445551710184 2.880920597984819 -0.37230563977376097 -1.6032636258450288 0.5334457534791482 53.0 0.05 0.1 1.0 0.0 3.09e+19 6.0 0.0 0.0 -2.061200983248583 -13.874638180837646
121.26347274407189 -0.36415067871292406 0.12610390388440798 -1.7426641502448939 2.301071645755409 -0.2793392802290384 -1.864810651928857 0.32354712135929065 53.0 0.05 0.1 1.0 0.0 3.09e+19 6.0 0.0 0.0 -1.8543466700882214 -12.04112631451228
120.0590505632227 -1.0510160143721956 0.16225768162904575 -0.9625288390214131 2.331227442496302 -0.06372009730897465 -2.177073374521784 0.2577586854923935 53.0 0.05 0.1 1.0 0.0 3.09e+19 6.0 0.0 0.0 -1.9421771853228644 -11.556215394894151
127.83469000884921 0.1526591533443571 0.12184214321306301 -0.7457220276577159 2.2673536157150327 -0.4936667372491774 -2.3046369854467157 0.34374601013345857 53.0 0.05 0.1 1.0 0.0 3.09e+19 6.0 0.0 0.0 -2.0011856658233507 -12.159981894993427
105.81309752806236 0.7694867808893693 0.16162607688889002 0.6089658713197386 2.233521425048498 -0.704951537215571 -2.7313893972678245 0.2919599381066062 53.0 0.05 0.1 1.0 0.0 3.09e+19 6.0 0.0 0.0 -2.009091370605761 -11.675154726514988
116.83755721225091 -0.9387317441510881 0.17139051179357906 -0.5971016838467413 2.185882197359914 -0.24380668772359915 -1.87408862033812 0.27851673893033757 53.0 0.05 0.1 1.0 0.0 3.09e+19 6.0 0.0 0.0 -1.842328881710823 -11.570215939047724
118.47169125737636 -0.8857471467821236 0.10406316885105107 -1.4480497485665942 2.0761640335901284 -0.44486624522561424 -1.3213452782440163 0.38893194502931727 53.0 0.05 0.1 1.0 0.0 3.09e+19 6.0 0.0 0.0 -2.007686582802485 -12.537209453182461
114.60514255310184 -1.9397023061076364 0.1484989792192639 -2.8187126724392177 2.447478314824713 -0.05973123180097506 -0.4298175587717967 0.47504351780249626 53.0 0.05 0.1 1.0 0.0 3.09e+19 6.0 0.0 0.0 -2.02803679581297 -12.81716324605347
125.16797529079643 -1.347201719229787 0.13093160865270376 -1.3066072820809282 2.5385321015419278 -0.32420014950986253 -0.6652134140860353 0.554419623186983 53.0 0.05 0.1 1.0 0.0 3.09e+19 6.0 0.0 0.0 -1.9875573289217336 -14.631345330397856
121.85219059618363 -1.7247889138708077 0.13415571195026163 -0.6402096756537379 2.327204310118275 -0.39142242290609497 -1.5537323082805903 0.43912870125048975 53.0 0.05 0.1 1.0 0.0 3.09e+19 6.0 0.0 0.0 -2.035103970335575 -12.604055998445467
178.33258725986235 -0.8420209494718853 0.16713659683650353 -1.8631817605412935 2.4909654620100254 -0.05752056944239481 -0.11438474832802248 0.36161095332740373 53.0 0.05 0.1 1.0 0.0 3.09e+19 6.0 0.0 0.0 -1.9756598472068134 -11.927433455431311
182.0063709237292 0.7485717469915318 0.12776638941102422 -0.9843360965067003 2.10665370367823 -0.26027939861730687 -1.2873507244017504 0.39397423785367464 53.0 0.05 0.1 1.0 0.0 3.09e+19 6.0 0.0 0.0 -2.0404737054333286 -12.360788676878718
175.5236214075352 -0.23086915138287 0.16052844325492188 -1.1020264576341001 2.305622390847179 -0.04510750579659106 -0.07180933053281935 0.4846527096687585 53.0 0.05 0.1 1.0 0.0 3.09e+19 6.0 0.0 0.0 -1.8741962092303992 -12.843809082845866
172.15625723843647 0.16412306224621753 0.12117413371836544 -1.967031415893505 2.408218630181431 -0.5875271947177554 -0.8858334550067117 0.4493054898965645 53.0 0.05 0.1 1.0 0.0 3.09e+19 6.0 0.0 0.0 -2.0474003287056166 -12.784709942728133
181.43834326364495 -0.12088857510997575 0.1346491731100969 -0.8547043353393606 2.2874195707174905 -0.16851678768663758 -1.9424484666345458 0.4934119195777033 53.0 0.05 0.1 1.0 0.0 3.09e+19 6.0 0.0 0.0 -1.9362213417253322 -13.123496539607618
187.88511639035067 0.4434756015474779 0.12379995965614056 -1.760545680168602 2.428244361665023 -0.08868889645611233 -1.5882874740991721 0.449001873907471 53.0 0.05 0.1 1.0 0.0 3.09e+19 6.0 0.0 0.0 -1.8701959223377551 -12.760915367764019
185.93832470872502 -0.18606712955098414 0.1450079821026851 -0.4858806477172939 2.9522538136594876 -0.48857698322155096 -0.35311877528300384 0.4404378816025669 53.0 0.05 0.1 1.0 0.0 3.09e+19 6.0 0.0 0.0 -2.0733601108694453 -12.536645939275163
143.3693657835549 -1.2689279804368059 0.17098052772158862 -0.9961105388579745 2.7674653882077265 -0.3593756395826597 -1.6202879213334893 0.30802381984008576 53.0 0.05 0.1 1.0 0.0 3.09e+19 6.0 0.0 0.0 -1.8921302203538115 -11.678397072800061
177.6074069924295 -1.733173076582611 0.1557100035740573 -0.793856710907912 2.474231230170474 -0.3868096464194899 -1.0614534453769138 0.16600765175399293 53.0 0.05 0.1 1.0 0.0 3.09e+19 6.0 0.0 0.0 -1.874831173777138 -11.34117242789485
185.06328340999863 -1.811660626124444 0.13562985854222273 -0.7287646668421832 2.9074294818049973 -0.3532212403814414 -1.7628422251454205 0.23852890968705234 53.0 0.05 0.1 1.0 0.0 3.09e+19 6.0 0.0 0.0 -2.0643733059139877 -11.674825900163967
170.39545402751617 -1.623307550700674 0.17307018534462607 -1.6578991060329087 2.4099056526345155 -0.021982292937740677 -0.6686808155600539 0.267275238767338 53.0 0.05 0.1 1.0 0.0 3.09e+19 6.0 0.0 0.0 -1.8837498784483748 -11.523021871321124
199.16368105709324 -1.298606712259869 0.16429276075780613 -0.7147422578368858 2.3018227537717433 -0.041619983308603725 -1.108080194671298 0.19684775581259698 53.0 0.05 0.1 1.0 0.0 3.09e+19 6.0 0.0 0.0 -1.9786980204748774 -11.36689779957495
198.1292008932017 -1.2981881174337648 0.1746142342645947 0.14398299950858418 2.667920176446546 -0.3004608886722959 -0.8375867620643342 0.18148341924008696 53.0 0.05 0.1 1.0 0.0 3.09e+19 6.0 0.0 0.0 -1.982555428537418 -11.266456125922334
170.7382619380951 -1.5610670447349548 0.1807203709019637 0.24125397205352783 2.8900495767593384 -0.2002817988395691 -2.181275725364685 0.25076795110702516 53.0 0.05 0.1 1.0 0.0 3.09e+19 6.0 0.0 0.0 -2.075264015434805 -11.427532752196392
174.75241161064343 -1.8203845595972756 0.17688092402717118 0.046746370061836906 2.7909463129935856 -0.2247162648774914 -1.3207197155291917 0.2945242313881684 53.0 0.05 0.1 1.0 0.0 3.09e+19 6.0 0.0 0.0 -1.9667624933284689 -11.595011643563033
174.90946347502 -1.317889594499989 0.19429278735326186 -0.8068038450166499 2.9843157276964685 -0.1901905821058687 -1.822074631017012 0.09972964611515085 53.0 0.05 0.1 1.0 0.0 3.09e+19 6.0 0.0 0.0 -1.909280789358184 -10.970977713248008
195.47873240435632 -1.3411407126783295 0.17237313443838745 -0.46179917911018675 2.80798607428217 -0.31860241512546317 -0.9906980707069235 0.21942220826520328 53.0 0.05 0.1 1.0 0.0 3.09e+19 6.0 0.0 0.0 -1.879476784296858 -11.38133295801202
194.82968740236194 -1.4661730755774331 0.1652157979139843 -0.999121970551113 2.502089706307629 -0.42068033709896024 -0.5157417249680374 0.12808113761143686 53.0 0.05 0.1 1.0 0.0 3.09e+19 6.0 0.0 0.0 -1.8978924023096413 -11.19320119103943
191.98982816094173 -0.12553393216097675 0.14351722796731367 -1.7318336685163258 2.62026174226984 -0.5751838673667393 -0.46215713129517333 0.2543102823176888 53.0 0.05 0.1 1.0 0.0 3.09e+19 6.0 0.0 0.0 -1.9406678691504253 -11.667089284792771
195.46735485434033 -0.16575444493467506 0.14045720003168002 -1.0109759026985907 2.1984603813887804 -0.01956470063984206 -0.11017134475096402 0.5379152250041828 53.0 0.05 0.1 1.0 0.0 3.09e+19 6.0 0.0 0.0 -1.8841870031922772 -13.910312080620812
184.37211579307314 -0.0651532752291315 0.14435658432514786 -0.5941220066789361 2.923360701891867 -0.330547151889486 -2.0518048767478048 0.4316369886245617 53.0 0.05 0.1 1.0 0.0 3.09e+19 6.0 0.0 0.0 -1.9994491996032355 -12.476553944963829
172.20259969889034 -1.5814191753294904 0.1522029970748971 -0.8900731831230386 2.6667527266173803 -0.2180097924033486 -1.1288969393768993 0.4505886296030474 53.0 0.05 0.1 1.0 0.0 3.09e+19 6.0 0.0 0.0 -1.876743315382262 -12.568617720245056
161.70815499942998 -0.39036637948455954 0.17412241067049242 0.3684832354625449 2.43034119691547 -0.013508729589067237 -2.590696720315252 0.43898860726157907 53.0 0.05 0.1 1.0 0.0 3.09e+19 6.0 0.0 0.0 -2.040778997747213 -12.34430474138302
143.43226371643556 -0.8389273328930396 0.1928992820820825 0.14186693894859026 2.752288333983521 -0.2568884438548764 -2.473052867474966 0.36114422750923353 53.0 0.05 0.1 1.0 0.0 3.09e+19 6.0 0.0 0.0 -1.9935576158154502 -11.78341422637747
133.79196821277515 0.0933843463006383 0.15910821948747353 -0.5014392768985507 2.6010349385684064 -0.3729610357260258 -1.8630369949556127 0.40939489768898424 53.0 0.05 0.1 1.0 0.0 3.09e+19 6.0 0.0 0.0 -2.076282785486043 -12.233299321051181
117.7849237884329 -0.3813472698266347 0.1692378831013422 -0.0831983959877487 2.781714835044691 -0.61579395813113 -1.160632592790364 0.34726490454089587 53.0 0.05 0.1 1.0 0.0 3.09e+19 6.0 0.0 0.0 -2.008318433921972 -11.849214795349996
154.28204917048615 -1.1553349747547292 0.1666756925417149 -0.6848659362640879 2.406844497961032 -0.1792533132175591 -1.3806965227235266 0.3512805055449601 53.0 0.05 0.1 1.0 0.0 3.09e+19 6.0 0.0 0.0 -1.866975568318802 -11.88232382504471
177.19768814482217 0.7030327161016867 0.15540632150877606 0.07888275192375538 2.451979543523984 -0.24989031116242488 -1.521121881872081 0.521358888837877 53.0 0.05 0.1 1.0 0.0 3.09e+19 6.0 0.0 0.0 -2.0349449603129908 -13.417796524177437
139.48115239368272 -0.10837898861962025 0.17702664163817103 0.19928855856596428 2.293996189372399 -0.3498694050023441 -1.5862938601727654 0.40093774795413334 53.0 0.05 0.1 1.0 0.0 3.09e+19 6.0 0.0 0.0 -1.9509157236607058 -12.07700777887046
167.796892482172 -0.43347114014280885 0.18318571912247303 -0.017931999659711373 2.3990111255512834 -0.29507296057384513 -0.6381313861789049 0.3153584435449911 53.0 0.05 0.1 1.0 0.0 3.09e+19 6.0 0.0 0.0 -1.8564598132126269 -11.638303453617231
182.10105057300055 -1.2696669259493918 0.141501126668161 -0.47244693342688926 2.59089867329995 -0.07133782283816581 -1.8747766004677249 0.4948922211148405 53.0 0.05 0.1 1.0 0.0 3.09e+19 6.0 0.0 0.0 -1.989846999169326 -13.093095958064385
169.5942921201335 -0.28142703804122005 0.19502397075317154 0.25470818462667477 2.8016975076888517 -0.4679247082017808 -0.5804376019169788 0.35716813220255494 53.0 0.05 0.1 1.0 0.0 3.09e+19 6.0 0.0 0.0 -2.0247398741179814 -11.753951351141815
157.9079514414707 0.09632445151758073 0.162714576462531 -0.2888400360228629 2.8319162394922976 -0.49392245460389095 -1.0710399168486733 0.39528175337087634 53.0 0.05 0.1 1.0 0.0 3.09e+19 6.0 0.0 0.0 -2.018484686983042 -12.12804401888548
182.76884679156615 -0.5405016169932431 0.1830964658194377 -0.8271440030011177 2.862732658755455 -0.14198541202985293 -0.9310616645168972 0.3519297884006246 53.0 0.05 0.1 1.0 0.0 3.09e+19 6.0 0.0 0.0 -1.9110787319674865 -11.79226051909799
142.80162430256692 -0.30516014856652784 0.19431313989485022 0.7014121772081401 2.4414910432540577 -0.42568931710914093 -0.976141415699229 0.3414856687539066 53.0 0.05 0.1 1.0 0.0 3.09e+19 6.0 0.0 0.0 -2.048101815294461 -11.687225726283726
170.31205607963295 0.23650991294333856 0.15199404756537596 -0.619798890625348 2.647050599042338 -0.1098521398435679 -2.2443773227508776 0.5696084586695007 53.0 0.05 0.1 1.0 0.0 3.09e+19 6.0 0.0 0.0 -1.8768060454257707 -16.345860700263653
174.2894366322295 0.07530793661231394 0.17120637652228762 -0.6912267584524625 2.6585642731627517 -0.2598419332316375 -1.3642184467713248 0.3938015546593911 53.0 0.05 0.1 1.0 0.0 3.09e+19 6.0 0.0 0.0 -1.8386604843401302 -12.069322996461686
145.95144571151653 -0.5178506510663858 0.17958438824845266 -0.35025587287290083 2.8296172817333343 -0.1807320863556665 -2.1384851714654687 0.3614675144792755 53.0 0.05 0.1 1.0 0.0 3.09e+19 6.0 0.0 0.0 -2.0164014117391353 -11.855640163444505
136.16046709173258 -1.3581395710277868 0.17506027594393964 -0.16774763263759818 2.6841576714136055 -0.22361838400788914 -2.563204017713722 0.11629794831209919 53.0 0.05 0.1 1.0 0.0 3.09e+19 6.0 0.0 0.0 -1.975710336983752 -11.109708597194002
190.72605844999714 -0.21669774325913238 0.18619720489716546 -0.0036802706098422178 2.844092392950697 -0.4038761032019429 -2.12456979702642 0.07946492372296302 53.0 0.05 0.1 1.0 0.0 3.09e+19 6.0 0.0 0.0 -1.923205535612976 -10.971043714417428
183.0770317634077 0.23984272149101526 0.18558788959827394 -0.04041184975443102 2.6361090985937983 -0.3869617306156137 -1.7938880581450172 0.06587097593751272 53.0 0.05 0.1 1.0 0.0 3.09e+19 6.0 0.0 0.0 -2.0142103355877694 -10.947079505667812
186.47478497845242 0.0017287254843121325 0.17386173401584876 0.23479706379038312 2.5595318747049793 -0.513760822888873 -2.265491535370921 0.13208892379139933 53.0 0.05 0.1 1.0 0.0 3.09e+19 6.0 0.0 0.0 -2.0530919847187 -11.151743866635874
132.05984827757976 -0.19048394049940498 0.15180967108050722 -1.0067371325484378 2.5920143454318305 -0.5057709930726548 -1.9741265521773157 0.07463582176051564 53.0 0.05 0.1 1.0 0.0 3.09e+19 6.0 0.0 0.0 -1.9612314787071692 -11.16353260149525
149.9170763500315 0.27427167524848883 0.16213305905173303 -1.0916648957750108 2.4114078816375257 -0.7131619892630714 -0.13763464989230734 0.035886573314510416 53.0 0.05 0.1 1.0 0.0 3.09e+19 6.0 0.0 0.0 -1.8398290089105194 -11.023318711629662
116.74689715519567 -1.0812984789726134 0.14064604920977733 -0.3508015759626564 2.1959342210925423 -0.5722070739731739 -2.311997146396584 0.023759200247339112 53.0 0.05 0.1 1.0 0.0 3.09e+19 6.0 0.0 0.0 -1.9091595524019516 -11.142051286962303
134.87904923031937 -1.2877541004679252 0.192426004441296 0.5849263029609495 2.4315683260181715 -0.3728696643921916 -2.316054529144864 0.03354929696958625 53.0 0.05 0.1 1.0 0.0 3.09e+19 6.0 0.0 0.0 -2.0156816783245 -10.849471315002317
198.29561801241732 0.16965806068415112 0.17613955243335452 0.42372715098490854 2.325491497381048 -0.49931956910995634 -1.147041730582673 0.026979448132913315 53.0 0.05 0.1 1.0 0.0 3.09e+19 6.0 0.0 0.0 -1.9776228734153904 -10.924785087388734
175.34526773299154 -0.49319216061875526 0.19534349008140262 0.26266059129367836 2.3026596862543482 -0.3477111538580253 -0.6483632799948524 0.09780062965580838 53.0 0.05 0.1 1.0 0.0 3.09e+19 6.0 0.0 0.0 -1.8491469526278514 -10.96158005843646
194.49037383302306 -0.822627687868005 0.19053798080215748 0.6329099329444468 2.3337850720037547 -0.36125187580213947 -1.0912528186403978 0.07406634753873202 53.0 0.05 0.1 1.0 0.0 3.09e+19 6.0 0.0 0.0 -2.0242554017049486 -10.937379356404971
141.3915481398705 -0.6538071674465873 0.17149974730791437 0.13987680385566215 2.218330358518596 -0.19131733584839417 -2.950557858623102 0.043567624629249 53.0 0.05 0.1 1.0 0.0 3.09e+19 6.0 0.0 0.0 -1.8760972029292848 -10.982096154703964
114.35514375880331 -0.0725790897484817 0.1765924260748424 -0.0844201274411982 2.359043529249236 -0.45998158216244267 -1.8954098997998376 0.21816970926519583 53.0 0.05 0.1 1.0 0.0 3.09e+19 6.0 0.0 0.0 -2.0721342445736113 -11.353853870677701
124.60497986577774 0.38787026238338207 0.18156676536480346 0.5132077708914284 2.119810656740609 -0.5727935174849357 -2.5536764725717696 0.1006053768052828 53.0 0.05 0.1 1.0 0.0 3.09e+19 6.0 0.0 0.0 -1.9607204519765404 -11.039775872164714
150.4804860983936 -0.8457846853966753 0.16564590901586376 -0.7283206656462058 2.3787682976172433 -0.5148195940910836 -1.8582857121683736 0.14413386767034803 53.0 0.05 0.1 1.0 0.0 3.09e+19 6.0 0.0 0.0 -1.9859515135271124 -11.227422662317313
140.54707646919016 -0.6966248500111394 0.16281505933623625 0.044710909724245074 2.17109108956889 -0.3806151951280645 -1.2749984406351031 0.15643479112428854 53.0 0.05 0.1 1.0 0.0 3.09e+19 6.0 0.0 0.0 -1.9075477506595355 -11.273648075447865
121.91429872391534 0.392849900456568 0.14673176997053863 -0.2861047058856583 2.308963032052764 -0.8067450816585184 -2.223058437766409 0.12480295420995895 53.0 0.05 0.1 1.0 0.0 3.09e+19 6.0 0.0 0.0 -1.896968269883012 -11.303533961885938
140.17372880617188 -1.1315065624563956 0.18513613948442303 -0.7069378029941094 2.457926849103193 -0.58234929795867 -1.441196737082056 0.0595436698532093 53.0 0.05 0.1 1.0 0.0 3.09e+19 6.0 0.0 0.0 -2.0630548084374825 -10.937074531225386
123.21599557783826 -0.5147796421710429 0.17973527228392647 -0.26367843682172154 2.5203301334972505 -0.6562066253741525 -0.9473416828175449 0.18379120356951284 53.0 0.05 0.1 1.0 0.0 3.09e+19 6.0 0.0 0.0 -1.8875268690306386 -11.243774322592847
101.93711966134897 -0.3431135106540222 0.19532615890849697 0.5816235313663087 2.364132876128674 -0.7476837628108921 -1.4251425877729151 0.04845357311690139 53.0 0.05 0.1 1.0 0.0 3.09e+19 6.0 0.0 0.0 -1.9315981820805237 -10.86274922952965
158.58339089458946 0.018560730967104977 0.13060373611851134 -0.6665091187569674 2.0774829352224 -0.5210695524125222 -1.8218844632397206 0.12583284047387552 53.0 0.05 0.1 1.0 0.0 3.09e+19 6.0 0.0 0.0 -2.0180123254641305 -11.421529498006054
178.501655355028 0.02132412275738993 0.13496313806415303 -0.8062995065941228 2.0871633931073923 -0.5817181388260932 -1.575399591738039 0.029939985148267532 53.0 0.05 0.1 1.0 0.0 3.09e+19 6.0 0.0 0.0 -2.031402886275954 -11.19436423629346
118.58627918428954 -1.6388659903035965 0.18427912779723518 -0.22763318947299904 2.5471235862641675 -0.5514105359144343 -1.2250573766095005 0.030849414797632445 53.0 0.05 0.1 1.0 0.0 3.09e+19 6.0 0.0 0.0 -1.9234769864632666 -10.887220750676143
120.57878686615068 -1.3278600621467724 0.15621668252080023 -0.8033214040835492 2.346884668866273 -0.4561221574262584 -2.032208376612932 0.048413298193781804 53.0 0.05 0.1 1.0 0.0 3.09e+19 6.0 0.0 0.0 -1.9571755028382078 -11.083802865803769
153.95809643003997 -0.5146566717446484 0.1835074637962125 0.5964710760881986 2.4532066652567637 -0.38427721237462453 -2.7316060716932453 0.06289655124371003 53.0 0.05 0.1 1.0 0.0 3.09e+19 6.0 0.0 0.0 -2.0269993303970635 -10.952369465478474
150.36379312422275 -1.3400744165758236 0.15864380761921687 -0.9006136179223758 2.3349207400776937 -0.47733454944579456 -1.2385261046374283 0.07331087372297321 53.0 0.05 0.1 1.0 0.0 3.09e+19 6.0 0.0 0.0 -1.8514308357573062 -11.117194609040352
136.59525497303989 -1.5272836452647514 0.14902520530884344 -0.27535189253092174 2.4993665542887085 -0.6423534199640843 -1.9735733845608427 0.02276856006095376 53.0 0.05 0.1 1.0 0.0 3.09e+19 6.0 0.0 0.0 -2.0029561369318793 -11.082783380004594
135.29020431608245 0.26638397262083124 0.13985011300187555 -1.0883660716408652 2.234313661728475 -0.837138811746577 -0.889484743463905 0.18164712971085173 53.0 0.05 0.1 1.0 0.0 3.09e+19 6.0 0.0 0.0 -1.9837660442800336 -11.487057877475529
111.1379447689203 -0.44605795271824555 0.18796770332083704 -0.1511387999247389 2.617252874331828 -0.5691107343694277 -1.6724034854783025 0.16480272965354476 53.0 0.05 0.1 1.0 0.0 3.09e+19 6.0 0.0 0.0 -1.8818859049003418 -11.151788448663657
137.41951185737986 -0.14127728104211923 0.18858453618287568 0.7024524406015633 2.3189570368311063 -0.6057169227770096 -0.5436141567184976 0.12014191874951712 53.0 0.05 0.1 1.0 0.0 3.09e+19 6.0 0.0 0.0 -1.986511526726033 -11.044577646473053
126.31051505636803 -1.2528451972486123 0.16503816868586046 -0.8092706630870539 2.6085892309575334 -0.34392799087329573 -2.502645027071626 0.059369407218442014 53.0 0.05 0.1 1.0 0.0 3.09e+19 6.0 0.0 0.0 -1.9810873516907992 -11.05047409387843
103.05430918271009 -1.5461142598037378 0.08652104044376828 -1.3998529885230901 2.476241844896244 -0.3241754635487748 -2.356477258972862 0.157259661879106 53.0 0.05 0.1 1.0 0.0 3.09e+19 6.0 0.0 0.0 -2.079657803771097 -11.904686322768434
138.80379419844124 -1.464743447743503 0.15534581031453687 -0.8054643746879218 2.59097933035716 -0.5161149825782454 -1.0960736769623867 0.3130342412556272 53.0 0.05 0.1 1.0 0.0 3.09e+19 6.0 0.0 0.0 -2.009443875387329 -11.79257498283992
121.2263977326165 -0.8136551285792339 0.14444240943912875 -1.846851009882136 2.730529883799563 -0.7676924188989735 -0.1766876482625559 0.28766534322252807 53.0 0.05 0.1 1.0 0.0 3.09e+19 6.0 0.0 0.0 -1.9765055611301832 -11.771483711089601
105.56389122079078 -1.1886116229858845 0.12203826974194301 -2.4619359666955387 2.7317322788139915 -0.823887241149869 -0.5206479880240669 0.1749294473796992 53.0 0.05 0.1 1.0 0.0 3.09e+19 6.0 0.0 0.0 -1.9376071274059243 -11.60547054140646
102.7057780936804 -1.2144363497954194 0.15139669636174855 -1.4756198033396062 2.738616066052628 -0.8290917722036308 -1.2107500070733594 0.0687866497554503 53.0 0.05 0.1 1.0 0.0 3.09e+19 6.0 0.0 0.0 -1.8972312754206375 -11.154553367901457
115.95947274671474 -1.0964340071328167 0.1121280996227436 -2.164528183560813 2.731889912502324 -0.6498728943752279 -1.2160328891956975 0.2076129213753899 53.0 0.05 0.1 1.0 0.0 3.09e+19 6.0 0.0 0.0 -1.9790115975324092 -11.775583145775098
116.83236777020892 -0.7446898763906862 0.1298332903580694 -0.6481793328347356 2.543565987481475 -0.8821876382942344 -0.773541747166699 0.08231456973208377 53.0 0.05 0.1 1.0 0.0 3.09e+19 6.0 0.0 0.0 -2.0751929294889724 -11.334422675056874
118.82500933542838 -0.5047172896878167 0.15740987000397252 -1.549413826859769 2.8819823285300235 -0.5998584620806984 -1.2874752920494485 0.1379177554242086 53.0 0.05 0.1 1.0 0.0 3.09e+19 6.0 0.0 0.0 -1.9109655126679093 -11.263567556926748
134.59051542220737 -1.8564638992952713 0.15649506562937987 -0.4171283309582239 2.537897129644367 -0.6590018871916024 -0.8742738693370464 0.05995136966587741 53.0 0.05 0.1 1.0 0.0 3.09e+19 6.0 0.0 0.0 -1.9401702832524448 -11.104302785776785
144.62244434784884 -1.6800675020122322 0.11067057406392705 -1.3476953268270895 2.353157971172567 -0.6152481475731713 -0.9539923720082291 0.2532055292011044 53.0 0.05 0.1 1.0 0.0 3.09e+19 6.0 0.0 0.0 -1.9550272681709155 -11.922126249167448
103.82021710505781 -1.6072324921954209 0.14651741638767188 -1.554291866597477 2.9132240857227316 -0.46989528916812606 -1.7032466712753065 0.1390838314133318 53.0 0.05 0.1 1.0 0.0 3.09e+19 6.0 0.0 0.0 -1.9446410247111718 -11.337411124933864
109.76490818630081 -0.14527177592914464 0.12507204368111713 -1.7320174514168452 2.895049005633603 -0.934386042096409 -0.7456638274926188 0.2825112427367879 53.0 0.05 0.1 1.0 0.0 3.09e+19 6.0 0.0 0.0 -2.069124523389495 -11.896663972284573
130.39571647098742 -1.6377385094699193 0.10783643119851417 -2.1039006573910086 2.1211461148513373 -0.3701082616286149 -1.5186649869433313 0.002131877969970456 53.0 0.05 0.1 1.0 0.0 3.09e+19 6.0 0.0 0.0 -1.8595111730801233 -11.367659291493911
136.97276325512635 -0.24630397224440337 0.14707179760234332 -2.0571990640897218 2.2621761807859238 -0.7065092928166807 -0.31066803679060007 0.018625524794305487 53.0 0.05 0.1 1.0 0.0 3.09e+19 6.0 0.0 0.0 -1.855784366036734 -11.088371832330294
113.0208034744553 -1.366120363515524 0.1244104929806809 -1.9661117013434675 2.869810499176758 -0.3661788131015866 -1.7929454630141988 0.27637113662695556 53.0 0.05 0.1 1.0 0.0 3.09e+19 6.0 0.0 0.0 -1.862321005327063 -11.880980124186694
150.2228428149299 -0.877619830529361 0.13559620449855037 -1.9490485374888182 2.5220216966153695 -0.6941664855319147 -0.3696778816363966 0.07100761370884663 53.0 0.05 0.1 1.0 0.0 3.09e+19 6.0 0.0 0.0 -1.9051998754624466 -11.268438499921787
112.32213669196867 -0.5503008207338196 0.13145036007012775 -1.3266002046940648 2.536782860804501 -1.089549365500643 -0.010115562149111135 0.07239300724640696 53.0 0.05 0.1 1.0 0.0 3.09e+19 6.0 0.0 0.0 -1.9293737023582458 -11.302072769105699
179.03760364310702 -1.661294728811376 0.11626758931286237 -1.3357078522183423 2.9136723900044017 -0.2496050617246044 -2.309163076042422 0.04678237648739341 53.0 0.05 0.1 1.0 0.0 3.09e+19 6.0 0.0 0.0 -1.9729334702969443 -11.374228322247054
185.757052082286 -0.7265789889114553 0.12528571456286078 -2.355676383798726 2.7893652950954944 -0.3033848534865098 -1.3085838312132443 0.15975767283226272 53.0 0.05 0.1 1.0 0.0 3.09e+19 6.0 0.0 0.0 -1.9181630225479558 -11.541882044425794
175.64883795391984 -0.08716939944258106 0.13827102229579544 -1.7804548562267466 2.5699706478055004 -0.4259102092408167 -1.3290626468875972 0.2254034977401439 53.0 0.05 0.1 1.0 0.0 3.09e+19 6.0 0.0 0.0 -1.8494628586450097 -11.617100740249992
163.02597522735596 -1.494437038898468 0.16835226871677478 -1.637256145477295 2.397878348827362 -0.2563167214393616 -0.425321102142334 0.04532962739467621 53.0 0.05 0.1 1.0 0.0 3.09e+19 6.0 0.0 0.0 -2.030210579926397 -11.003778139432589
175.37206782400582 -1.3314189210333902 0.15651143646269589 -2.608278121660442 2.9437520709794387 -0.4522132558329046 -0.2038745314843955 0.09887606255921128 53.0 0.05 0.1 1.0 0.0 3.09e+19 6.0 0.0 0.0 -1.84394501915969 -11.183197044302267
167.8050586083312 -1.3486449781902305 0.11453806850270941 -2.274495078772686 2.9331064332121146 -0.6848991674155043 -0.9172248888351024 0.10774298300290049 53.0 0.05 0.1 1.0 0.0 3.09e+19 6.0 0.0 0.0 -1.9009716819599447 -11.512423289075173
180.3431628468616 -1.3201200166541374 0.14721832142255398 -1.9795592725736095 2.7042616027593565 -0.29869549767223136 -1.1626089195097116 0.17431862407603904 53.0 0.05 0.1 1.0 0.0 3.09e+19 6.0 0.0 0.0 -1.8794322758054014 -11.417484324240933
150.33119116475513 -1.0180744963058956 0.1393356624495734 -1.4385520135237773 2.484384109403789 -0.4768248559942778 -1.6176329340578672 0.13281403938791186 53.0 0.05 0.1 1.0 0.0 3.09e+19 6.0 0.0 0.0 -1.8453015254787828 -11.372961305826415
174.3936637891415 -1.228641376476792 0.12192463153131305 -2.129227058386927 2.328524743412065 -0.650338638574917 -0.8522010958134545 0.0496742860064099 53.0 0.05 0.1 1.0 0.0 3.09e+19 6.0 0.0 0.0 -1.8534133471377308 -11.33246148951525
180.6264318368899 -1.5073964094952275 0.08318498675328967 -2.47820564263127 2.5039633762745157 -0.8391886386138605 -0.5115411875260953 0.03809430528929609 53.0 0.05 0.1 1.0 0.0 3.09e+19 6.0 0.0 0.0 -1.9527440666726004 -11.69156115201547
167.20354076778017 -0.1656670552925561 0.1605040809781439 -1.6363373354854538 2.6671278337877706 -0.5908926844894937 -1.004164092683228 0.0063271400436083055 53.0 0.05 0.1 1.0 0.0 3.09e+19 6.0 0.0 0.0 -1.8404395018083577 -10.9796977362927
185.72992514897436 -0.7703462160180441 0.13219796270340545 -2.382830412640341 2.7421738051993576 -0.496957842670386 -0.922216226225316 0.18744690731886765 53.0 0.05 0.1 1.0 0.0 3.09e+19 6.0 0.0 0.0 -1.8621774578889236 -11.557935025888261
176.89970086706398 -0.13828852996292218 0.09989721607264843 -1.278769731750553 2.1506899435201374 -0.6174303521824451 -1.748977421971445 0.12224894188685369 53.0 0.05 0.1 1.0 0.0 3.09e+19 6.0 0.0 0.0 -1.9593458753423123 -11.680381383251092
170.92317084845456 -1.2718974865471766 0.17203549473696209 -2.4444053327511375 2.899501461807544 -0.23875190195293117 -0.32233644631062397 0.050424443598961324 53.0 0.05 0.1 1.0 0.0 3.09e+19 6.0 0.0 0.0 -1.9937979010883353 -10.992058613726417
160.156646702353 -1.327304486413683 0.12531065521310575 -2.393150028108525 2.7001780175293515 -0.5356643020565421 -0.8695282409847196 0.1450712244261078 53.0 0.05 0.1 1.0 0.0 3.09e+19 6.0 0.0 0.0 -1.9144230480372335 -11.5067115354682
