

    0.489026378108774735E-42    0.193637380992692187E+03    0.172153596580028534E+03   -0.155356955528259277E+01   -0.435067772865295410E+01    0.301451361894607528E+00
    0.123023362400685766E-39    0.182566329745586557E+03    0.215450592339038849E+03   -0.187191736698150635E+01   -0.413024246692657471E+01    0.165004893136024483E+00
    0.209929559373875120E-35    0.163061228466951491E+03    0.180468954145908356E+03    0.490760803222656250E-01   -0.388320147991180420E+01    0.187134758377075189E+00
    0.298142071321691328E-35    0.162344007308144654E+03    0.294512605667114258E+03   -0.169725441932678223E+01   -0.453371405601501465E+01    0.174372794365882877E+00
    0.527335011679152882E-33    0.151977510096048292E+03    0.316646207869052887E+03   -0.547633171081542969E-01   -0.489956915378570557E+01    0.183913228797912609E+00
    0.890067747603646772E-32    0.146309791833312488E+03    0.127392289042472839E+03    0.623948037624359131E+00   -0.267389774322509766E+01    0.757583840131759723E-01
    0.165010948657250964E-31    0.145059568154393332E+03    0.270144455134868622E+03   -0.745544433593750000E-01   -0.472800970077514648E+01    0.286724320793151854E+00
    0.774096184698678969E-30    0.137347404351789663E+03    0.163520477712154388E+03    0.351837217807769775E+00   -0.426153063774108887E+01    0.496765906763076803E+00
    0.478527373053051588E-29    0.133688574606373834E+03    0.195900614559650421E+03    0.452427387237548828E+00   -0.462301254272460938E+01    0.481409632945060728E+00
    0.440528493068530558E-28    0.129233255997315666E+03    0.197904264926910400E+03   -0.100372135639190674E+00   -0.338347852230072021E+01    0.224641948056221008E+00
    0.708898259325492908E-28    0.128266157216025363E+03    0.186489748954772949E+03   -0.139641284942626953E+00   -0.283049464225769043E+01    0.103895795989036560E+00
    0.164673872871065940E-27    0.126564852084961927E+03    0.224864582717418671E+03    0.823709845542907715E+00   -0.409127712249755859E+01    0.183305114936828606E+00
    0.399072198542474466E-27    0.124778876366339006E+03    0.302488180994987488E+03   -0.188144940137863159E+01   -0.330179274082183838E+01    0.454155698776245106E-01
    0.933683873231026624E-27    0.123063260233946124E+03    0.263162410259246826E+03    0.279692411422729492E-01   -0.370931267738342285E+01    0.145159241938591005E+00
    0.297802516461144201E-26    0.120727879738076268E+03    0.345768144726753235E+03   -0.267052650451660156E+00   -0.383772790431976318E+01    0.494834230899810837E-01
    0.257523020497507262E-25    0.116397727460663731E+03    0.259889176487922668E+03    0.242750167846679688E+00   -0.310835540294647217E+01    0.237674124240875272E-02
    0.270686472509648158E-25    0.116282398246633704E+03    0.188436120748519897E+03   -0.130969166755676270E+01   -0.273754894733428955E+01    0.228670156502723709E+00
    0.735624105043486719E-25    0.114267257170019263E+03    0.140910877287387848E+03   -0.477226257324218750E+00   -0.173133969306945801E+01    0.100754067707061773E+00
    0.782342223084471694E-25    0.114128486152374194E+03    0.257064220309257507E+03   -0.169231057167053223E+01   -0.264418721199035645E+01    0.327693331003189106E-01
    0.897703139211629239E-25    0.113837766825447886E+03    0.213370861113071442E+03    0.348511993885040283E+00   -0.321447193622589111E+01    0.174252870655059816E+00
    0.101126878035914902E-24    0.113583898613598464E+03    0.141609632968902588E+03   -0.986450254917144775E+00   -0.140717446804046631E+01    0.394639420509338423E-01
    0.128352855938205080E-24    0.113091459190384455E+03    0.317829625308513641E+03   -0.157334208488464355E-01   -0.374810934066772461E+01    0.103311359810829173E+00
    0.134339339232455906E-24    0.112984662544460718E+03    0.148360350728034973E+03    0.259562969207763672E+00   -0.366691052913665771E+01    0.568897545289993256E+00
    0.137165390691961573E-24    0.112927400648794929E+03    0.272373732924461365E+03   -0.105665349960327148E+01   -0.406279981136322021E+01    0.367819156408309922E+00
    0.939424764094347755E-23    0.104458444851177461E+03    0.327308873832225800E+03   -0.195897936820983887E+00   -0.319956243038177490E+01    0.984223959445953457E-02
    0.229075918531918123E-22    0.102660078193722967E+03    0.295982201397418976E+03   -0.102343595027923584E+01   -0.374363780021667480E+01    0.297231650805473313E+00
    0.113234737110271765E-21    0.994484639816529068E+02    0.312197710573673248E+03   -0.122350817918777466E+01   -0.378302156925201416E+01    0.301596942114830013E+00
    0.221718120505778988E-21    0.980889512536398627E+02    0.282609806954860687E+03    0.441906332969665527E+00   -0.304324924945831299E+01    0.312344801902771016E-01
    0.239090106188260619E-21    0.979224589604680205E+02    0.294781228899955750E+03   -0.776798427104949951E+00   -0.272966206073760986E+01    0.353769829273223868E-01
    0.487328835443579592E-21    0.964826367049015374E+02    0.210961084067821503E+03   -0.192743855714797974E+01   -0.194626629352569580E+01    0.109761310744285592E+00
    0.640692341421299896E-21    0.959197911986709073E+02    0.274512647092342377E+03    0.628530323505401611E+00   -0.393319606781005859E+01    0.266973550915718061E+00
    0.664803451291339672E-21    0.958302820789059240E+02    0.242020997405052185E+03    0.181063294410705566E+00   -0.335590600967407227E+01    0.280300231075286899E+00
    0.185122262501844612E-20    0.937664367925541740E+02    0.322774854302406311E+03   -0.186920762062072754E+00   -0.301769673824310303E+01    0.477739899158477824E-01
    0.211963265920836792E-20    0.934800187915195551E+02    0.209587511420249939E+03   -0.583336949348449707E-01   -0.235492467880249023E+01    0.142331874132156366E+00
    0.314888050599852752E-20    0.926727854014460490E+02    0.323820620775222778E+03   -0.151184421777725220E+01   -0.434633135795593262E+01    0.505408329248428378E+00
    0.569856369204685529E-20    0.914708260724718230E+02    0.220696362853050232E+03    0.948727607727050781E+00   -0.449605584144592285E+01    0.547711239123344407E+00
    0.118465402005213579E-19    0.899915576734434808E+02    0.224754357337951660E+03   -0.183825796842575073E+01   -0.325003981590270996E+01    0.486457789993286149E+00
    0.145343710528845471E-19    0.895669718672249644E+02    0.173101489245891571E+03   -0.154396545886993408E+01   -0.116417348384857178E+01    0.481771587610244773E-01
    0.177880046591759247E-19    0.891473307217905244E+02    0.252018448710441589E+03    0.364786386489868164E-02   -0.406003057956695557E+01    0.529146843981742832E+00
    0.206285408472136632E-19    0.888354032010904007E+02    0.275330613553524017E+03    0.840737044811248779E+00   -0.459367632865905762E+01    0.459830325007438701E+00
    0.264665739868848895E-19    0.883213642352957038E+02    0.169677166640758514E+03   -0.165610986948013306E+01   -0.167072236537933350E+01    0.227618921971321109E+00
    0.231683427531478363E-18    0.839667605842707303E+02    0.166688635945320129E+03    0.351289868354797363E+00   -0.215037465095520020E+01    0.264398074078559864E+00
    0.119670170382018629E-17    0.806672304482555091E+02    0.311580252647399902E+03   -0.153060555458068848E-01   -0.399480164051055908E+01    0.429928140950202931E+00
    0.100228073207289439E-16    0.764010173766884009E+02    0.342930461466312408E+03    0.411484181880950928E+00   -0.434832990169525146E+01    0.453323875164985679E+00
    0.186709979265635021E-16    0.751411760191151359E+02    0.334929338097572327E+03   -0.104040521383285522E+01   -0.392245233058929443E+01    0.479496141815185573E+00
    0.590862170263984492E-16    0.728214984674391843E+02    0.289259231090545654E+03   -0.411978662014007568E+00   -0.288606286048889160E+01    0.275710138249397274E+00
    0.106462477114325475E-14    0.670231134559860351E+02    0.185730294883251190E+03   -0.131601202487945557E+01   -0.224932372570037842E+01    0.494627921175956720E+00
    0.149197151037046840E-14    0.663325364616682975E+02    0.253724843263626099E+03   -0.876918315887451172E+00   -0.256363749504089355E+01    0.359856017303466835E+00
    0.156703083248160593E-14    0.662187429964122742E+02    0.130095352232456207E+03    0.732440352439880371E+00   -0.152410924434661865E+01    0.320996402049064655E+00
    0.267723649894512133E-14    0.651319130642059179E+02    0.198420523107051849E+03   -0.793279170989990234E+00   -0.161855340003967285E+01    0.265784446763992321E+00
    0.311691732050015543E-14    0.648121693248377539E+02    0.215932504832744598E+03   -0.100384777784347534E+01   -0.186342120170593262E+01    0.294348807621002184E+00
    0.455090703010321078E-14    0.640395801542723575E+02    0.309259162843227386E+03    0.812873899936676025E+00   -0.366017758846282959E+01    0.342153025817871104E+00
    0.464647402173779511E-14    0.639823909608781918E+02    0.155503877997398376E+03    0.360984086990356445E+00   -0.182013809680938721E+01    0.394795133686065669E+00
    0.500747815556266155E-14    0.638171184226061285E+02    0.132383893430233002E+03    0.692331850528717041E+00   -0.509061813354492188E+00    0.439254452705383283E-01
    0.740351868862015555E-14    0.630194475036974069E+02    0.284087918698787689E+03   -0.686721622943878174E+00   -0.209200084209442139E+01    0.170061101961135858E+00
    0.137449195150551321E-13    0.617663947429744340E+02    0.244500270485877991E+03   -0.187748348712921143E+01   -0.183471679687500000E+01    0.275311336469650281E+00
    0.528904821295683818E-13    0.590556614735348191E+02    0.221397358179092407E+03   -0.190446794033050537E+01   -0.118336141109466553E+01    0.186201809906959531E+00
    0.552562635448247459E-13    0.589525198724160617E+02    0.210843053460121155E+03   -0.114203929901123047E+00   -0.196011543273925781E+01    0.339265133213996872E+00
    0.865308447822273023E-13    0.580398564001078228E+02    0.202552962303161621E+03   -0.156185668706893921E+01   -0.163573324680328369E+01    0.370896265769004807E+00
    0.944138286590556013E-13    0.578498581701044827E+02    0.309178227186203003E+03   -0.112767124176025391E+01   -0.340805709362030029E+01    0.554605811905860890E+00
    0.113032068675003101E-12    0.574742651309455752E+02    0.152717424929141998E+03   -0.171999830007553101E+01   -0.107049942016601562E-02    0.985446737766265957E-01
    0.154809701985361381E-12    0.568295900079834837E+02    0.161877182126045227E+03   -0.170956397056579590E+01   -0.760673880577087402E+00    0.287232538032531737E+00
    0.182507446348373991E-12    0.564847763268167498E+02    0.185841593146324158E+03   -0.188394117355346680E+01   -0.107997536659240723E+01    0.291051912045478811E+00
    0.262742589591288060E-12    0.557403836628325351E+02    0.349412073194980621E+03   -0.138405734300613403E+01   -0.183482050895690918E+01    0.759610772609710660E-01
    0.851214211888519024E-12    0.533737806455236949E+02    0.133816246688365936E+03   -0.944782495498657227E+00   -0.383684039115905762E+00    0.302531528234481817E+00
    0.158470766076309750E-11    0.521151728187327095E+02    0.193763819336891174E+03   -0.177407431602478027E+01   -0.827165246009826660E+00    0.240370548319816607E+00
    0.198201754711579798E-11    0.516521171388393157E+02    0.340295673906803131E+03    0.928085505962371826E+00   -0.300949871540069580E+01    0.209886213970184338E+00
    0.268819500803641401E-11    0.510269827817265238E+02    0.330265499651432037E+03   -0.194584155082702637E+01   -0.207193255424499512E+01    0.251065866851806652E+00
    0.362547069725252878E-11    0.504131294622603718E+02    0.145892289280891418E+03    0.835478305816650391E-03   -0.474688410758972168E+00    0.234729800963401791E+00
    0.487589942061254025E-11    0.498048635491139535E+02    0.223200942575931549E+03   -0.627201616764068604E+00   -0.475124120712280273E+00    0.603736560344696107E-02
    0.695188685157793302E-11    0.490798214927190202E+02    0.317254774272441864E+03   -0.166233491897583008E+01   -0.305144786834716797E+01    0.559729642009735073E+00
    0.705738090804881923E-11    0.490340747040917790E+02    0.255883136391639709E+03   -0.427946746349334717E+00   -0.178526401519775391E+01    0.281522190570831332E+00
    0.764320964594567793E-11    0.488589624656855932E+02    0.348419991135597229E+03    0.663328588008880615E+00   -0.303868234157562256E+01    0.286946085834503206E+00
    0.260893507827448288E-10    0.463879182868892244E+02    0.222613324224948883E+03   -0.136207771301269531E+01   -0.192075192928314209E+01    0.504162657952308635E+00
    0.276456195269302131E-10    0.462564131377935794E+02    0.138272508978843689E+03   -0.130486565828323364E+01   -0.115305185317993164E-01    0.273318453454971300E+00
    0.386954259710187277E-10    0.455682799148762427E+02    0.247706167399883270E+03    0.199441432952880859E+00   -0.256538927555084229E+01    0.508265618276596109E+00
    0.578815466393026975E-10    0.447473004712766596E+02    0.339138488471508026E+03   -0.174103826284408569E+01   -0.168740034103393555E+01    0.187971324348449709E+00
    0.764256676655590344E-10    0.441758355091345578E+02    0.226050508022308350E+03   -0.191951370239257812E+01   -0.448948144912719727E+00    0.124952045488357547E+00
    0.575259433710909535E-09    0.401232054608413833E+02    0.235523614287376404E+03   -0.114728552103042603E+01   -0.576993227005004883E+00    0.141386029171943678E+00
    0.588993091539098531E-09    0.400603938081563484E+02    0.133461149036884308E+03   -0.953080356121063232E+00   -0.303468704223632812E+00    0.440627007722854624E+00
    0.619499476485437522E-09    0.399437740050326084E+02    0.329909785091876984E+03    0.739494740962982178E+00   -0.240239441394805908E+01    0.231324922871589678E+00
    0.939767132319071972E-09    0.390947084910544831E+02    0.317743687331676483E+03   -0.169203162193298340E+00   -0.177663505077362061E+01    0.231101997828483591E+00
    0.141346571683532262E-08    0.382627478715635618E+02    0.337038560211658478E+03    0.829187631607055664E+00   -0.205607175827026367E+01    0.127138546442985528E+00
    0.170892702666069463E-08    0.378674807515184426E+02    0.254507552087306976E+03   -0.154448956251144409E+01   -0.569626092910766602E+00    0.140085906028747570E+00
    0.205490367552952747E-08    0.374831292118303878E+02    0.342011067271232605E+03   -0.237548172473907471E+00    0.455853462219238281E+01    0.410275425338745114E+00
    0.468755925406266662E-08    0.358181380949196750E+02    0.237555213272571564E+03   -0.125937342643737793E+01    0.153553485870361328E-01    0.291232087612152100E-01
    0.131684948939038143E-07    0.337366827064835917E+02    0.219282127916812897E+03    0.471400797367095947E+00   -0.161737501621246338E+01    0.434368627667427065E+00
    0.168572308805857029E-07    0.332271527648335834E+02    0.335811489820480347E+03   -0.192535877227783203E+00   -0.162279427051544189E+01    0.230437248587608334E+00
    0.206133233721373024E-07    0.328092118943452959E+02    0.274277886748313904E+03   -0.150019913911819458E+01   -0.109274148941040039E+01    0.301105135488510145E+00
    0.250490239443118545E-07    0.324037924341407049E+02    0.299252940714359283E+03    0.494830608367919922E+00    0.391436517238616943E+01    0.556218555521965086E+00
    0.348165405477379902E-07    0.317296520051751116E+02    0.278518646955490112E+03    0.286836743354797363E+00    0.441541790962219238E+01    0.460381257605552707E+00
    0.838795472872858803E-07    0.299554485413425908E+02    0.242990589141845703E+03   -0.118091773986816406E+01   -0.124794423580169678E+01    0.456375566840171831E+00
    0.857897151809904807E-07    0.298947888998392557E+02    0.172736386954784393E+03   -0.418756783008575439E+00   -0.416243076324462891E+00    0.405239243602752708E+00
    0.139042706089442737E-06    0.289133999110937552E+02    0.304175665974617004E+03   -0.197950309514999390E+01   -0.182146191596984863E+01    0.517282721328735318E+00
    0.180258803356953369E-06    0.283785499297300525E+02    0.257035480439662933E+03    0.167410671710968018E+00   -0.761472582817077637E+00    0.202616073560714732E+00
    0.320990246413664537E-06    0.272088906837578968E+02    0.177990311384201050E+03   -0.538053929805755615E+00   -0.630041956901550293E+00    0.490287842845916755E+00
    0.428486601280980045E-06    0.266155682217668073E+02    0.224378177523612976E+03    0.403063833713531494E+00   -0.423200726509094238E+00    0.201088828897476202E+00
    0.453524434886410230E-06    0.264863638615276571E+02    0.246005915105342865E+03    0.848750948905944824E+00   -0.135262012481689453E+01    0.318495438265800512E+00
    0.100788756334576225E-05    0.248736133628664398E+02    0.260606077313423157E+03   -0.141762071847915649E+01   -0.303713083267211914E+00    0.232644117808341988E+00
    0.203626483478884306E-05    0.234514672686119070E+02    0.272672195732593536E+03   -0.170528709888458252E+00   -0.437142848968505859E+00    0.186206586384773248E+00
    0.251112757044951428E-05    0.230166128340734062E+02    0.188975660502910614E+03   -0.137733966112136841E+01    0.782680511474609375E-01    0.370177235269546545E+00
    0.425243166970251699E-05    0.219474696473347635E+02    0.162585432827472687E+03    0.698036193847656250E+00    0.684873461723327637E+00    0.117642362666130068E+00
    0.426451366528659901E-05    0.219261703107206891E+02    0.209451282024383545E+03   -0.144727772474288940E+01    0.473685383796691895E+01    0.431009706115722646E+00
    0.523362521692449427E-05    0.215009932089911437E+02    0.222636632621288300E+03    0.451293349266052246E+00    0.430069386959075928E+01    0.425835620641708379E+00
    0.695404401068024117E-05    0.209169298763318174E+02    0.151915471255779266E+03   -0.119657182693481445E+01    0.727231502532958984E+00    0.363701661944389354E+00
    0.931719382491862498E-05    0.203162286178953728E+02    0.194850516319274902E+03    0.483321249485015869E+00    0.446262776851654053E+01    0.440076928067207329E+00
    0.103883339209268653E-04    0.200829597248110048E+02    0.289665612578392029E+03    0.710868775844573975E+00    0.358856916427612305E+01    0.399893034338951125E+00
    0.118958063669188199E-04    0.197963297373889269E+02    0.178045725822448730E+03   -0.136259233951568604E+01    0.488908827304840088E+01    0.432008160567283639E+00
    0.127681336615850404E-04    0.196391715828516773E+02    0.258921864628791809E+03    0.897809088230133057E+00   -0.919882059097290039E+00    0.283207980179786711E+00
    0.145829897244510598E-04    0.193577400769100585E+02    0.349658219516277313E+03    0.561800003051757812E-01   -0.104342639446258545E+01    0.250161986660957347E+00
    0.146432173879045917E-04    0.193338720984794143E+02    0.324478016793727875E+03    0.356013774871826172E-01    0.279461383819580078E+01    0.553297636985778829E+00
    0.167750425210845956E-04    0.190464171658351056E+02    0.227300631999969482E+03   -0.179464346170425415E+01    0.446893930435180664E+01    0.388178210735321050E+00
    0.172593085447958312E-04    0.189738733536880595E+02    0.298781917989253998E+03   -0.128209370374679565E+01    0.361626863479614258E+01    0.423246701431274408E+00
    0.176956995625859288E-04    0.189083083061343942E+02    0.156332921981811523E+03    0.772443711757659912E+00    0.843881368637084961E+00    0.148239319539070130E+00
    0.181370410259804807E-04    0.188434139758470742E+02    0.303534068167209625E+03    0.195546865463256836E+00    0.310391485691070557E+01    0.490120154356956494E+00
    0.181979354177650451E-04    0.188210853029945326E+02    0.307066081464290619E+03   -0.127036654949188232E+01   -0.433887839317321777E+00    0.259457319545745857E+00
    0.202358868498946097E-04    0.185931613913444878E+02    0.216984504959946293E+03    0.896135920726548463E-02   -0.442104653035493733E+00    0.425162538107131172E+00
    0.226808148754603688E-04    0.183494127861876315E+02    0.214315655827522278E+03   -0.142280828952789307E+01    0.178599357604980469E-01    0.401768654823303262E+00
    0.225545064851605656E-04    0.183449568208944669E+02    0.285269324481487274E+03    0.583582222461700439E+00   -0.288847684860229492E+00    0.114047994875907902E+00
    0.234357508032205679E-04    0.182526762640229201E+02    0.214884082973003387E+03    0.693317651748657227E+00    0.403800070285797119E+01    0.431142526316642793E+00
    0.235126527916247797E-04    0.182304992152805596E+02    0.215721750259399414E+03   -0.133694005012512207E+01   -0.268982052803039551E+00    0.477573438906669645E+00
    0.275471271680401489E-04    0.178981550948429451E+02    0.308788743615150452E+03   -0.128495150804519653E+01   -0.118309199810028076E+01    0.485956771588325509E+00
    0.273725265603136841E-04    0.178952469409353583E+02    0.262989836931228638E+03    0.254334986209869385E+00   -0.147442877292633057E+01    0.567428607773780791E+00
    0.285274782340642505E-04    0.177969660584309111E+02    0.236376744508743286E+03   -0.118342381715774536E+01    0.494387447834014893E+01    0.169233816003799442E+00
    0.299488331700908199E-04    0.176840958720418229E+02    0.254583968222141266E+03    0.674565792083740234E+00    0.391900539398193359E+01    0.331153548002243059E+00
    0.308477278145422067E-04    0.176093254112223860E+02    0.282098537683486938E+03    0.813546061515808105E+00    0.361395597457885742E+01    0.338001618361473077E+00
    0.335788139765291603E-04    0.174240359377527625E+02    0.266478143632411957E+03   -0.109389257431030273E+01    0.217177271842956543E+00    0.192797886943817137E+00
    0.343201497074628741E-04    0.173647363276904478E+02    0.288025618411988773E+03    0.751267468687652151E+00    0.320719216191239731E+01    0.438221937571145970E+00
    0.373910558760433772E-04    0.171777135448805787E+02    0.256092501308180090E+03   -0.133754231764838361E+01    0.669504701979884764E+00    0.112209419276394620E+00
    0.440558211592108505E-04    0.168340366160119359E+02    0.316560465905494539E+03    0.345233918287628505E-01   -0.101429617797988314E+00    0.100450736246917124E+00
    0.450064917324225511E-04    0.167757131209495753E+02    0.133505687117576599E+03   -0.117504870891571045E+01    0.154073476791381836E+01    0.301624372744560276E+00
    0.483759590543512990E-04    0.166156956479893196E+02    0.185573922097682953E+03   -0.788888752460479736E+00    0.137714207172393799E+01    0.978564856767654423E-01
    0.601866731564769809E-04    0.161631746977836492E+02    0.175336198508739471E+03   -0.288242638111114502E+00    0.556029081344604492E+00    0.356153018760681173E+00
    0.609526921346207096E-04    0.161222555521004054E+02    0.311007480323314667E+03   -0.697330832481384277E+00   -0.520704984664916992E+00    0.299550289607048048E+00
    0.708485893126987071E-04    0.158057364910461491E+02    0.148310180008411407E+03   -0.809545159339904785E+00    0.456778466701507568E+01    0.527243895220756542E+00
    0.754064624415312380E-04    0.156654156408925633E+02    0.346434405446052551E+03   -0.167247366905212402E+01    0.305166482925415039E+01    0.408460875535011314E+00
    0.859771413981312343E-04    0.153874136746682666E+02    0.204064789414405823E+03   -0.635315299034118652E+00    0.463771581649780273E+01    0.271560095500946064E+00
    0.896950639676083922E-04    0.152871201224843514E+02    0.158891235464909130E+03   -0.146583230784815277E+01    0.108190818215776030E+01    0.366983994075879005E+00
    0.120005589381809552E-03    0.146892499613639274E+02    0.189880736355063249E+03    0.225918252939503184E-01    0.399626301266207662E+01    0.451845281906858964E+00
    0.131862061835496120E-03    0.144851888208960418E+02    0.143053452670574188E+03   -0.110574847459793091E+01    0.442369818687438965E+01    0.564625395298004151E+00
    0.152471949528100621E-03    0.141791153179055982E+02    0.249979366362094879E+03   -0.176583886146545410E+01    0.406800210475921631E+01    0.298941322803497334E+00
    0.154795147549457893E-03    0.141332463729529074E+02    0.345929305255413055E+03    0.415662527084350586E-01    0.286090910434722900E+01    0.350438884234428427E+00
    0.154179437753479870E-03    0.141255923924512636E+02    0.211680678822720182E+03    0.560170918615965796E+00    0.359076850122246327E+00    0.235517159626660449E+00
    0.167305556364260894E-03    0.139465579622794458E+02    0.194466825214761286E+03   -0.181588910636423662E+01    0.386014455305616444E+01    0.525574273030128603E+00
    0.173291081024530650E-03    0.138606311413775902E+02    0.345955644547939301E+03   -0.145308792591094971E+00   -0.942962765693664551E+00    0.373008970141410823E+00
    0.173265051743034881E-03    0.138453065750341580E+02    0.185395026212303833E+03   -0.142864769333681152E+01    0.432690210853735735E+01    0.397014583834348733E+00
    0.176392115123269276E-03    0.137939077136700892E+02    0.191089831292629242E+03    0.990242838859558105E+00    0.189995765686035156E+00    0.305591612863540640E+00
    0.198358997536283570E-03    0.135435445854245557E+02    0.224573348462581635E+03    0.991149425506591797E+00   -0.154256820678710938E-01    0.264295482158660888E+00
    0.216246907484849923E-03    0.133552349109987816E+02    0.196176399290561676E+03   -0.570239365100860596E+00    0.810378789901733398E+00    0.302532347059249862E+00
    0.236897975232628152E-03    0.131571924727227199E+02    0.203410182695367041E+03    0.559940170585568886E+00    0.385332433262143326E+01    0.375831992807260207E+00
    0.260891283722004515E-03    0.129486190349554811E+02    0.177357417345046997E+03   -0.485429704189300537E+00    0.441786110401153564E+01    0.336542779684066762E+00
    0.301191620336922967E-03    0.126457082518976964E+02    0.332639493384610205E+03   -0.771396290149012120E+00    0.312771268148628501E+01    0.280973885094978060E+00
    0.307252857683456421E-03    0.125902345026338924E+02    0.299851663410663605E+03   -0.521772563457489014E+00    0.313157975673675537E+01    0.339636845541000376E+00
    0.311448488153780341E-03    0.125474836861814545E+02    0.323486567789064225E+03   -0.761503317525725532E+00    0.315309487943956590E+01    0.290970856310103887E+00
    0.332892740623146467E-03    0.123986859253935897E+02    0.210625325143337250E+03    0.571359932422637939E+00   -0.564771890640258789E-01    0.404128473687171974E+00
    0.376567673540599177E-03    0.121365060513466645E+02    0.321736005628212411E+03   -0.633124610730698922E+00   -0.961906001060606641E+00    0.501274041290209693E+00
    0.374073607574345267E-03    0.121341714216305334E+02    0.276826642453670502E+03    0.277164340019226074E+00    0.872455835342407227E+00    0.392592358589172359E-02
    0.384708483771539799E-03    0.120624798761831755E+02    0.210657954216003418E+03   -0.490715086460113525E+00    0.108837187290191650E+01    0.204911921739578257E+00
    0.389819346697643809E-03    0.120204597646993747E+02    0.275355061888694763E+03   -0.852156162261962891E+00    0.105935692787170410E+01    0.512381304502487200E-01
    0.402117703272410860E-03    0.119427119211757784E+02    0.143904705345630646E+03   -0.861845552921295166E+00    0.210082948207855225E+01    0.193767000174522419E+00
    0.426739344374999093E-03    0.118082298168850102E+02    0.269688093526546709E+03   -0.159568228911569321E+01    0.387579424870901512E+01    0.212750540546175482E+00
    0.456732550347109794E-03    0.116567556199598421E+02    0.210600206255912781E+03   -0.449279785156250000E+00    0.673264861106872559E+00    0.333824588513374321E+00
    0.467795572102561088E-03    0.115932638236401750E+02    0.180353739857673645E+03    0.224246144294738770E+00    0.127238929271697998E+01    0.192019150471687328E+00
    0.493275361482563117E-03    0.114715664797683985E+02    0.296074295043945312E+03    0.180451214313507080E+00    0.832400918006896973E+00    0.502683348655700701E-02
    0.553340400330391488E-03    0.112261298725573564E+02    0.312274274230003357E+03    0.572749853134155273E+00    0.332242250442504883E+01    0.158981379318237304E+00
    0.589176650560825220E-03    0.110849994916255081E+02    0.285599571466445923E+03   -0.757393717765808105E+00    0.427852869033813477E+01    0.740975003242492700E-02
    0.615339533471371256E-03    0.109824781963062623E+02    0.225401850245021592E+03   -0.640689897660573049E+00    0.436777958837463132E+01    0.131318923687185229E+00
    0.616050741076901490E-03    0.109645429370836052E+02    0.251731278002262115E+03   -0.103341788053512573E+01    0.340747177600860596E+01    0.344586334204673772E+00
    0.625938875858200131E-03    0.109170711532546143E+02    0.318309070169925690E+03   -0.699851036071777344E+00    0.256301164627075195E+01    0.405038256239891092E+00
    0.627967616466524096E-03    0.108949744031170486E+02    0.260470860985896081E+03   -0.182272254840049230E+01    0.406082055539645737E+01    0.159264209862025025E+00
    0.637264115834513113E-03    0.108499582127557801E+02    0.346764612197875977E+03   -0.674247741699218750E-01    0.228216409683227539E+01    0.403450657367706300E+00
    0.644231195146349918E-03    0.108125862804136528E+02    0.202949115316719940E+03   -0.649193025753685093E+00    0.326366487031687313E+01    0.515883158053962787E+00
    0.686530605744436898E-03    0.106697749881066830E+02    0.297987876832485199E+03   -0.133656847476959229E+01    0.367974400520324707E+01    0.152168313717842119E+00
    0.685391232892740721E-03    0.106574719648594698E+02    0.251964160799980164E+03   -0.104772067070007324E+01    0.273590743541717529E+01    0.523895277214050270E+00
    0.702963105913691254E-03    0.105912177820938105E+02    0.128547650575637817E+03   -0.153673386573791504E+01    0.182334959506988525E+01    0.436587983965873727E+00
    0.702434151129265505E-03    0.105770982775876927E+02    0.149349576234817505E+03   -0.717883527278900146E+00    0.393261313438415527E+01    0.523907218408584563E+00
    0.716815676094348787E-03    0.105209391391763543E+02    0.192590647935867310E+03    0.883223235607147217E+00    0.423136413097381592E+01    0.189646981000900272E+00
    0.842998324264024237E-03    0.101810216607711137E+02    0.180476450920104980E+03   -0.522017002105712891E+00    0.354942798614501953E+01    0.470864056992530866E+00
    0.959762892383910870E-03    0.990595406741114992E+01    0.185387052595615387E+03   -0.667017757892608643E+00    0.155088841915130615E+01    0.228080909729003911E+00
    0.102613715548276001E-02    0.975658820791381487E+01    0.264298094604160838E+03    0.482552326923917807E+00    0.322188824083134229E+01    0.249325188184704755E+00
    0.101864805944627866E-02    0.975561341071988863E+01    0.202671846240133732E+03   -0.167717254308828467E+01    0.837935478310631865E+00    0.449072429085203895E+00
    0.105544357979562480E-02    0.966901877646924568E+01    0.159104899937433828E+03   -0.230675619119153907E+00    0.421737252818342689E+01    0.338816914048080786E+00
    0.106516527375773900E-02    0.963505609566144017E+01    0.256341311335563660E+03   -0.802284955978393555E+00    0.363928079605102539E-01    0.467344509315490764E+00
    0.121684292372151431E-02    0.935317156866574351E+01    0.264158109782331849E+03   -0.164717779230847872E+01    0.428577641044195268E+00    0.392524579329736334E+00
    0.122937507067289223E-02    0.931705410786172195E+01    0.317210987210273743E+03   -0.924512147903442383E+00    0.110844016075134277E+01    0.368354463100433391E-01
    0.125944628448136252E-02    0.925309670793151540E+01    0.335147879063572759E+03   -0.521968799874924727E+00    0.332951077485544111E+01    0.810228531976245614E-01
    0.128305849019687301E-02    0.920032269673308711E+01    0.253354483842849731E+03   -0.132449084520339966E+01    0.347156286239624023E+01    0.259255786299705526E+00
    0.152089859456170881E-02    0.884458836153286754E+01    0.290865954756736755E+03   -0.130158746242523193E+01    0.263152956962585449E+01    0.388726072740554818E+00
    0.158633998915033887E-02    0.874470710478544788E+01    0.184703062474727631E+03   -0.123495727777481079E+01    0.438230812549591064E+01    0.177644101667404186E+00
    0.162392488215599637E-02    0.868224907147849123E+01    0.331885551069785151E+03   -0.889606370630906973E+00    0.719007726841681460E+00    0.138442988957976076E+00
    0.167572996181964274E-02    0.860381830626599609E+01    0.294498643733005110E+03    0.556810906045503984E-01    0.120832613061276906E+01    0.159924544324707187E-01
    0.176997570540145320E-02    0.847875940169849684E+01    0.238495783507823944E+03   -0.992922782897949219E-01    0.399277389049530029E+01    0.686277849912643456E-01
    0.176224754955180444E-02    0.847188602086094100E+01    0.313978683948516846E+03    0.624395966529846191E+00    0.286212980747222900E+01    0.169143165278434759E+00
    0.176751065627524218E-02    0.845029674759688554E+01    0.267141819749404021E+03    0.944650503740526837E+00    0.270751533692354052E+01    0.306864011164023787E+00
    0.176299416572652076E-02    0.843978885491184627E+01    0.233637900650501251E+03    0.529459714889526367E+00    0.394502043724060059E+01    0.658840396642684928E-01
    0.175936388379646430E-02    0.842828641504276277E+01    0.132267420448769030E+03   -0.236730561498191827E+00    0.297011415670386558E+01    0.788845991920220507E-01
    0.178528528578893002E-02    0.838340959029279098E+01    0.166031268467532584E+03   -0.401649608385576951E-01    0.222915535927924324E+01    0.127582141467078747E+00
    0.183308051693670780E-02    0.831494525474068347E+01    0.261065082315839447E+03   -0.120292703885271979E+01    0.270765000667807776E+01    0.408439996700360741E+00
    0.201472739438878640E-02    0.811034824695407330E+01    0.320344979038919860E+03    0.402328762321507938E+00    0.162368123602197834E+01    0.498930672005505338E+00
    0.205257515672210844E-02    0.805750068548850251E+01    0.170454779267311096E+03    0.851292788982391357E+00    0.932247042655944824E+00    0.383657752132415764E+00
    0.204814517504690874E-02    0.804619686132114431E+01    0.173096768558025360E+03    0.467616915702819824E+00    0.553585290908813477E+00    0.531750433802604672E+00
    0.217829641712951466E-02    0.790735482061857997E+01    0.152255552806728105E+03   -0.214041125672590926E+00    0.387694032464096061E+01    0.383699627098093132E+00
    0.226944720119131227E-02    0.780974348689312592E+01    0.234635816514492035E+03   -0.142505043745040894E+01    0.976019501686096191E+00    0.370047690367698690E+00
    0.226860874877764154E-02    0.779485752795603126E+01    0.197167448922091580E+03    0.527427898456940270E+00    0.307771562818637001E+01    0.403351905835177549E+00
    0.233381768434647637E-02    0.772255520745518975E+01    0.186779473767582658E+03   -0.144051397092615918E+01    0.284635329594149233E+01    0.571618622295700374E+00
    0.233288670795744803E-02    0.770772818077694666E+01    0.340802078580676266E+03   -0.515414498233990326E-01    0.728846898409014621E+00    0.104567569733125712E+00
    0.236426842294594529E-02    0.766537876479097768E+01    0.225754137337207794E+03   -0.113499635457992554E+01    0.290286719799041748E+01    0.417841468548774742E+00
    0.239613572957226260E-02    0.762297638905541319E+01    0.189353331168639613E+03    0.593050742994459590E+00    0.120309060289078573E+01    0.277093763857673092E+00
    0.247319263870262067E-02    0.754404627861459165E+01    0.296976241469383240E+03    0.881761610507965088E+00    0.306841909885406494E+01    0.945739536523819008E-01
    0.245491600654899195E-02    0.754325594827207180E+01    0.213484103977680206E+03    0.632042586803436279E+00    0.177896142005920410E+01    0.342614024162292488E-01
    0.244761648555725207E-02    0.753358666719703240E+01    0.196292410255916820E+03   -0.170740262224088735E+01    0.282434367890162896E+01    0.550383022197825977E+00
    0.243466264672484488E-02    0.752857463616372691E+01    0.340413208305835724E+03   -0.182422035932540894E+01    0.238216698169708252E+01    0.301323147583007822E+00
    0.253038627240477704E-02    0.743582210730711868E+01    0.320691784503443785E+03   -0.168494366757222735E+00    0.326817313478117200E+01    0.262398284731426568E-01
    0.251411145485066524E-02    0.743310215744369351E+01    0.289794211089611053E+03   -0.373421370983123779E+00    0.249379873275756836E-01    0.451785132837295544E+00
    0.250638112121030331E-02    0.742363618636955991E+01    0.249939431931588842E+03   -0.186952256850379439E+01    0.190219241451626253E+01    0.109076087359562798E+00
    0.252621435184496304E-02    0.739224728607654846E+01    0.148661153178391828E+03   -0.624580389889367371E+00    0.269148858871483654E+01    0.156893886558556822E+00
    0.256512582413799019E-02    0.734605097982889532E+01    0.248909473419189453E+03    0.452733159065246582E+00    0.970449447631835938E+00    0.199588161921501167E+00
    0.257472881747527419E-02    0.732295261322177726E+01    0.248598055541515350E+03   -0.121117126941680908E+01    0.335278630256652832E+01    0.207086754441261289E+00
    0.260414694671423034E-02    0.728460573534976863E+01    0.153595808148384094E+03    0.829081594944000244E+00    0.344328761100769043E+01    0.422429753136634833E+00
    0.267898193828284854E-02    0.721231734600300989E+01    0.241795648342108393E+03   -0.124724647355725793E+01    0.896680494129684647E+00    0.393194250204523366E+00
    0.268065098382255914E-02    0.719544670428245148E+01    0.211213999437231678E+03    0.884091164781646732E+00    0.358894420738682385E+00    0.442607235895121298E+00
    0.269656644326328465E-02    0.716798249105964924E+01    0.326648790697068023E+03    0.505737160019532617E+00    0.260792352651954307E+01    0.156437439774484655E+00
    0.270330429443130325E-02    0.714736636812937665E+01    0.348774619400501251E+03    0.550628602504730225E+00    0.292952120304107666E+01    0.259383898258209247E-01
    0.269992478582237443E-02    0.713424321211890788E+01    0.185715931653976440E+03   -0.866280853748321533E+00    0.159394145011901855E+01    0.346323641538619997E+00
    0.268421244634357110E-02    0.713029130543359813E+01    0.295322512090206146E+03   -0.194317150115966797E+01    0.184036910533905029E+01    0.354429665565490701E-01
    0.279096637889694093E-02    0.703666522670836692E+01    0.279808181824226494E+03    0.245625159344318611E+00   -0.273746952897816698E+00    0.513701510620615864E+00
    0.293256540928115610E-02    0.692206083065387112E+01    0.342678789794445038E+03   -0.101669269800186157E+01    0.284800767898559570E+01    0.105670325732231146E+00
    0.300900976347813097E-02    0.685496895835561659E+01    0.230780206804835331E+03    0.843295873167130061E+00    0.238925633352844002E+00    0.433434327326587654E+00
    0.299959727736611240E-02    0.684560996559970647E+01    0.254733781563652570E+03    0.164362029409633958E+00    0.830203374061748711E+00    0.286407739872348577E+00
    0.310510416569303007E-02    0.676084651805787118E+01    0.304607890546321869E+03   -0.240663826465606689E+00    0.264683604240417480E+01    0.195368519067764285E+00
    0.313704964371413738E-02    0.672475053455178085E+01    0.285457452185268039E+03    0.467389670375930155E+00   -0.169076030089225782E-01    0.415725008531861173E+00
    0.318542414173895614E-02    0.667852014580008735E+01    0.148562300094675663E+03   -0.143414269768611646E+01    0.379903909836556863E+01    0.393620908242636403E+00
    0.344728823243284138E-02    0.650489023839133917E+01    0.236396104627460033E+03   -0.895899129770477476E+00    0.143475130928589323E+01    0.271841349911432162E+00
    0.348266858981113999E-02    0.646884337101699458E+01    0.236436718702316284E+03   -0.778353214263916016E+00    0.966634750366210938E+00    0.400144822955131541E+00
    0.355688840218340184E-02    0.641104380648984495E+01    0.187099951505661011E+03   -0.183267450332641602E+01    0.265960395336151123E+01    0.553575662112236078E+00
    0.355119698968548846E-02    0.639862158946186987E+01    0.205887797890133811E+03   -0.304377022888872251E+00    0.297131240391712037E+01    0.355075736060520564E+00
    0.354323763667772776E-02    0.638748425156120714E+01    0.184265500307083130E+03   -0.101917552947998047E+01    0.285804152488708496E+01    0.476400643014907865E+00
    0.361328156539349058E-02    0.633270828251751983E+01    0.266090364086666682E+03    0.678665350400682765E+00    0.144904739928719639E+01    0.348820785413984369E-01
    0.358934339095097737E-02    0.633037747052682853E+01    0.235226054822568074E+03   -0.149226729095786359E+01    0.629579380326504179E+00    0.554208673222129855E+00
    0.358430904563340844E-02    0.631755960186670862E+01    0.209615441681318401E+03    0.182592552380331341E+00    0.384008988909776861E+01    0.686986082070194515E-01
    0.358877636945797822E-02    0.629944344268282830E+01    0.165851947665214539E+03   -0.103532528877258301E+01    0.324502527713775635E+01    0.440808343291282656E+00
    0.358207659788481632E-02    0.628755566811646283E+01    0.128444170951843262E+03   -0.789509415626525879E-01    0.356698274612426758E+01    0.222120547771453881E-01
    0.355741919320117211E-02    0.628574537069035078E+01    0.160399150848388672E+03   -0.999983429908752441E+00    0.358663320541381836E+01    0.359955402159690852E+00
    0.353093755717193321E-02    0.628506417793149019E+01    0.186659433840477476E+03    0.195395435857375066E+00    0.157494427452690733E+01    0.306609060576642722E+00
    0.352981833544883158E-02    0.627007323000723460E+01    0.154015727534112273E+03   -0.181821429304074123E+01    0.364616356160848198E+01    0.394222316807618767E+00
    0.354851039981257319E-02    0.624388522367454257E+01    0.246559968889650349E+03    0.741512673269373757E+00    0.920083556334790664E+00    0.239523309672640933E+00
    0.353503753845043570E-02    0.623586820641198880E+01    0.207067585192286913E+03    0.296831472936596175E+00    0.170444847270298983E+01    0.199330212066759077E+00
    0.358546780398505145E-02    0.619191313356732476E+01    0.246194350708299112E+03    0.698407438849767637E+00    0.283761200531776048E+01    0.214690850535320665E+00
    0.356536892509548608E-02    0.618753097553320863E+01    0.218761111740175352E+03   -0.508956243644203887E+00    0.140500591945491582E+01    0.332394635548887929E+00
    0.364657262364548231E-02    0.612686560469675623E+01    0.322280677135927590E+03   -0.268752946673953552E+00    0.422334349958992661E+00    0.329465803138490942E+00
    0.368519619609501388E-02    0.609016851107611323E+01    0.216503708064556122E+03    0.389004051685333252E+00    0.951006412506103516E+00    0.384989127087593086E+00
    0.366810898309028301E-02    0.608383851153876964E+01    0.314890447258949280E+03   -0.577814280986785889E+00   -0.155594348907470703E+00    0.530038339447975182E+00
    0.369854885599170836E-02    0.605168495988600252E+01    0.283466050554866229E+03   -0.137327134535350837E+00    0.192300931821964927E+01    0.400455559030781671E+00
    0.374486903195866278E-02    0.601116775332166409E+01    0.256645494528556128E+03   -0.193062230394994438E+01    0.338762948315716095E+01    0.106447221462314612E+00
    0.371688066291913808E-02    0.601054647306270784E+01    0.151887893149491049E+03   -0.103509907486109221E+01    0.208445378372778212E+01    0.431601548039177441E+00
    0.372499620057025523E-02    0.599055937945807226E+01    0.229203869972558522E+03    0.827418316586185920E+00    0.292667940682901229E+01    0.216386103330624135E+00
    0.375814622651871651E-02    0.595721442123172551E+01    0.306605742512080383E+03    0.791593620464321024E+00    0.865850918571238637E+00    0.116540643302984762E+00
    0.376115218769034962E-02    0.593999035644338136E+01    0.229367119432230936E+03   -0.115980774957528965E+01    0.211157615218660055E+01    0.517360703709568881E+00
    0.376618554124895973E-02    0.592169065019794427E+01    0.267373263835906982E+03    0.443569302558898926E+00    0.567036867141723633E-01    0.488572916722297690E+00
    0.377405303634020936E-02    0.590189204329392947E+01    0.199230965578109931E+03   -0.193912374454787839E+01    0.314095637448275156E+01    0.340084513500407248E+00
    0.375258824329024543E-02    0.589767444292616894E+01    0.152216973592725196E+03   -0.106194768775709081E+01    0.337505010867817923E+01    0.428110252179430995E+00
    0.377381166683976891E-02    0.587076995735174822E+01    0.272446029467422704E+03   -0.184227627772722391E+00    0.244478981230854320E+01    0.263251621589026263E+00
    0.380183553491121422E-02    0.584034807193540306E+01    0.183002170238288244E+03   -0.161326951636440397E+01    0.364418781930277724E+01    0.225614482457487414E+00
    0.382129215005699852E-02    0.581451379395987544E+01    0.231056328117847443E+03   -0.763472497463226318E+00    0.299042940139770508E+01    0.237119370460510265E+00
    0.387563527994413742E-02    0.577064685799883392E+01    0.302709020674228668E+03   -0.440738737583160400E+00    0.235049664974212646E+01    0.219402049541473410E+00
    0.392074861374287764E-02    0.573187582623185587E+01    0.263469986990397615E+03   -0.220665760407944056E+00    0.198326159420683101E+01    0.408350975557282114E+00
    0.390246635372990067E-02    0.572559853986120970E+01    0.210405572090106205E+03   -0.175119694229545297E+01    0.144343257635304312E+01    0.466325397515996332E+00
    0.391688240856774041E-02    0.570259897627054713E+01    0.150039299907254275E+03   -0.134879204077725245E+01    0.344317758987187794E+01    0.898205189041183238E-01
    0.394277415154321159E-02    0.567379689330854475E+01    0.223616832494735718E+03   -0.432872712612152100E+00    0.189563035964965820E+01    0.208673500370979315E+00
    0.391768620503444437E-02    0.567093859172525505E+01    0.160164204153775501E+03   -0.258709529311982322E-01    0.283325146803332473E+01    0.497451150847898427E+00
    0.394677220656950659E-02    0.564051987923851605E+01    0.193414732704815719E+03   -0.129423792076278055E+01    0.217222919986227225E+01    0.291385423271515120E+00
    0.395740909844672067E-02    0.561951195701653639E+01    0.134559359262936567E+03   -0.149149142398703871E+01    0.386850242041500891E+01    0.570097842476903344E-01
    0.397504956073740489E-02    0.559499161088057484E+01    0.334318505227565765E+03    0.862719893455505371E+00    0.144457638263702393E+01    0.344713081455230719E+00
    0.394518664689831513E-02    0.559444851226397244E+01    0.150810170930026686E+03   -0.145364304415118539E+01    0.225828854939655166E+01    0.450063797118297138E+00
    0.391934731687759719E-02    0.559196576487170205E+01    0.289021993604742306E+03    0.998432116159055916E+00    0.836029277944842164E+00    0.182530435384213374E+00
    0.392539733519676765E-02    0.557325588714171971E+01    0.290242421627044678E+03   -0.189096552133560181E+01    0.280527412891387939E+01    0.148499432873725884E+00
    0.390549193575393189E-02    0.556779854071252078E+01    0.268262998579575196E+03    0.311286186481369853E+00    0.147896051669797135E+01    0.506713884098929368E+00
    0.388599442135013559E-02    0.556218321240215019E+01    0.247728726459409984E+03   -0.109872794364391324E+01    0.183143161599101045E+01    0.508641357609217915E+00
    0.388638381544519594E-02    0.554635781345936074E+01    0.214522628486156464E+03    0.743683278560638428E+00    0.358226299285888672E+01    0.453296273946762127E-01
    0.388000477920084951E-02    0.553401827238334310E+01    0.272437906335321202E+03   -0.146052550267492265E+01    0.239840546643266528E+01    0.122959033233240381E-01
    0.387950003896068377E-02    0.551865346436864002E+01    0.204144813193037919E+03   -0.136388642047449693E+01    0.212959093530053689E+01    0.284981416879616367E+00
    0.388614602715708739E-02    0.549960518714875946E+01    0.273048038579768786E+03   -0.199559332272130363E+01    0.203765775655555004E+01    0.395319847873537800E+00
    0.386887467177376727E-02    0.549288867862006569E+01    0.287665912833779998E+03   -0.115133709872848078E+01    0.645813002603930819E+00    0.461650346558302727E+00
    0.385547887132312375E-02    0.548420060288456312E+01    0.308943640035643284E+03   -0.114100577941055592E+01    0.206362461174939060E+01    0.648783248755013461E-02
    0.384891523528010189E-02    0.547198334010056087E+01    0.236524130777904702E+03   -0.116429400496563273E+01    0.312286235226056874E+01    0.160527566069194577E+00
    0.386151583170475047E-02    0.544982142535083458E+01    0.184807440638542175E+03   -0.197531545162200928E+01    0.290153324604034424E+01    0.401756986570358299E+00
    0.387233347416086763E-02    0.542860146269610055E+01    0.127998991310596466E+03   -0.190142560005187988E+01    0.426002204418182373E+01    0.251008003234863275E-01
    0.388012535320427041E-02    0.540895612187742891E+01    0.286192286014556885E+03   -0.187844532728195190E+01    0.181463479995727539E+01    0.190799067449569704E+00
    0.385505826959775793E-02    0.540629379869536209E+01    0.309179635345935822E+03   -0.176100963354110718E+01    0.292992413043975830E+01    0.426650351285934454E-01
    0.385787986076770390E-02    0.538920549573707408E+01    0.315358452498912811E+03    0.505239009857177734E+00    0.903194546699523926E+00    0.163855809044837958E+00
    0.382967387725897555E-02    0.538825674310500347E+01    0.172530460357666016E+03    0.389511704444885254E+00    0.141462981700897217E+01    0.456354277396202102E+00
    0.380213236630556070E-02    0.538706692640803642E+01    0.196233352811956195E+03    0.217360554640677162E+00    0.128682501126404336E+01    0.428707594027137040E+00
    0.381259615963972474E-02    0.536594531552572196E+01    0.262019402060700031E+03   -0.113462925605013343E+01    0.827310745245953605E+00    0.483029593464159079E+00
    0.380896961229178210E-02    0.535222362396923756E+01    0.206696423722426800E+03    0.339497548068746102E+00    0.309411232553406812E+01    0.209353788031756360E+00
    0.378812084754182044E-02    0.534757588806759099E+01    0.247794224321842194E+03   -0.180348438024520874E+01    0.216843187808990479E+01    0.403868257999420166E+00
    0.376796701511528847E-02    0.534261983770679372E+01    0.144053292360669502E+03   -0.155821007247677690E+01    0.454916716746858008E+01    0.753321001693455783E-01
    0.373945739510985094E-02    0.534218500439847332E+01    0.210045019682967222E+03    0.579389443100171153E+00    0.333104990538317836E+01    0.120961921454561097E+00
    0.372754308163251438E-02    0.533294239241381440E+01    0.134848837203385131E+03    0.689779448547088059E+00    0.346584838115108695E+01    0.375290612369400867E+00
    0.372328907636540214E-02    0.531960116724010490E+01    0.166453902423381805E+03   -0.169883406162261963E+01    0.334341824054718018E+01    0.117413808202743539E+00
    0.369981949166050530E-02    0.531662297831300101E+01    0.198684701672265277E+03   -0.158742249725144191E+01    0.186388775938629969E+01    0.420020365215567959E+00
    0.368895346279830838E-02    0.530688043634088391E+01    0.282629127822062685E+03   -0.641519181299403662E-01    0.156116072271372808E+01    0.435962850323448559E+00
    0.370799445089261409E-02    0.528095874079887295E+01    0.296655959443893039E+03    0.699056450740113355E+00    0.287609365415228879E+01    0.662098772802892539E-02
    0.370157350822965638E-02    0.526880003967386923E+01    0.125748744964901078E+03   -0.353305490147360679E+00    0.223661929942994053E+01    0.535961753677956509E+00
    0.370210142782101317E-02    0.525288981937621813E+01    0.217123748053697028E+03   -0.176882254461988331E+01    0.281281680296788661E+01    0.295503884165727537E+00
    0.368168984009320998E-02    0.524832235823726023E+01    0.264161928355066607E+03    0.522810497261706253E+00    0.298672361243067730E+01    0.537697363315146198E-01
    0.369678005625156698E-02    0.522451667177528112E+01    0.182957837087233059E+03   -0.191033879675284202E+01    0.257352847073731539E+01    0.467761950161370121E+00
    0.368214627002368036E-02    0.521682442771612465E+01    0.190667847423625403E+03   -0.162400071743712870E+01    0.321999457088558572E+01    0.687178149128033489E-01
    0.366198749326439267E-02    0.521217898121403334E+01    0.183223410696287914E+03   -0.806664375242054810E+00    0.228863840786456585E+01    0.526804253023150704E+00
    0.364811522841342875E-02    0.520414472625904878E+01    0.275653457906494509E+03   -0.173676425042691562E+01    0.123857063530924805E+01    0.393050037867061830E+00
    0.364669467011830570E-02    0.518929866818231922E+01    0.141954943271095175E+03   -0.185082911532374506E+01    0.382286949126318909E+01    0.114993181273865250E+00
    0.362699801693598016E-02    0.518450541605752591E+01    0.229024446983663978E+03   -0.130275213510927790E+01    0.335328508368224121E+01    0.825358833513595430E-01
    0.361332985643249239E-02    0.517643155295579227E+01    0.140273246359052024E+03   -0.150570763075212888E+00    0.240771006106686869E+01    0.402170055415490224E+00
    0.361465539978960033E-02    0.516007299120933993E+01    0.248601046204566956E+03   -0.151083928346633911E+01    0.115839838981628418E+01    0.482648412466049226E+00
    0.359359733288852059E-02    0.515613355640183890E+01    0.227697201219913637E+03   -0.969744368985667071E+00    0.148089143720724792E+01    0.409586314865438783E+00
    0.357488957440295352E-02    0.515094746837773254E+01    0.247573761766018947E+03   -0.237024710623171764E+00    0.226899661668400654E+01    0.313710202133490212E+00
    0.354728869178773040E-02    0.515082391737690859E+01    0.165386792118036482E+03   -0.136221017463663419E+01    0.295967459725054649E+01    0.413911511872455118E+00
    0.352154007146466587E-02    0.514976921470105609E+01    0.269510903954505920E+03    0.354690551757812500E+00    0.164973139762878418E+00    0.528911909508705147E+00
    0.349765982267774599E-02    0.514775279760606619E+01    0.245483329073246409E+03   -0.182224044722996359E+01    0.225361959168915682E+01    0.203904292031748313E+00
    0.347493030051188295E-02    0.514516720033988673E+01    0.227155939571267140E+03    0.802006310534699285E+00    0.723701212099262747E+00    0.429254313847438340E+00
    0.344899114736139066E-02    0.514452750870734121E+01    0.158513034880161285E+03   -0.181857573986053467E+01    0.382261931896209717E+01    0.450410940170288127E-01
    0.342593636419275373E-02    0.514231639244806793E+01    0.127046229878246834E+03   -0.190558274626281676E+01    0.301701611862736030E+01    0.441872279320713823E+00
    0.340544792499955984E-02    0.513868808287403667E+01    0.241472060846401973E+03   -0.158010593822216716E+00    0.160476760690658438E+01    0.267850292724837291E+00
    0.339197337984172270E-02    0.513099230320810751E+01    0.297090292389984256E+03    0.902959140120200399E+00    0.607121399312023691E+00    0.271662108713268013E+00
    0.336793958516756406E-02    0.512958872651063569E+01    0.192081188042370115E+03    0.540181612028737490E+00    0.101639865207853042E+01    0.491681679098851743E+00
    0.334777819041036590E-02    0.512597224503448423E+01    0.217400496723000799E+03   -0.175009763976798860E+01    0.234095715601792431E+01    0.406949428558653681E+00
    0.332922320879380307E-02    0.512146303086171084E+01    0.238923442772975989E+03   -0.199104349509869882E+01    0.260455835777737210E+01    0.138458600205888516E+00
    0.330891008205490842E-02    0.511807833352108776E+01    0.167206405448415609E+03   -0.120762844480118692E+01    0.315331309863599074E+01    0.342821487720407603E+00
    0.329273109598021436E-02    0.511225636160445340E+01    0.336770680671578361E+03   -0.714099621534996176E+00    0.139525674774929698E+01    0.353639486023233862E+00
    0.326836942210820183E-02    0.511148361741831536E+01    0.290875177574468808E+03   -0.189354608419646731E+01    0.259188602393518508E+01    0.893846083359447173E-02
    0.325760315037536491E-02    0.510245765312115740E+01    0.174618910384754400E+03   -0.195060435322252257E+01    0.330473224656861397E+01    0.148482125118028135E+00
    0.323586865582498051E-02    0.510022122328238314E+01    0.293487734865838888E+03   -0.105000557186756649E+01    0.165857129738396392E+01    0.382513596656051336E+00
    0.321086771636619559E-02    0.510010860868190274E+01    0.257790488513020023E+03   -0.195544596848469454E+01    0.263948817538345004E+01    0.793839225101910656E-01
    0.318636108994733210E-02    0.509980696011519097E+01    0.146678591744432055E+03   -0.111392345453762887E+01    0.254247693027931554E+01    0.424805106480507344E+00
    0.316199815983576491E-02    0.509953272950781056E+01    0.310518702558229279E+03    0.787543320405115654E+00    0.138129200116185658E+01    0.305931937699207186E-01
    0.315603124026091588E-02    0.508768543991152100E+01    0.217733174681633898E+03   -0.139718681841554293E+01    0.222237466299534248E+01    0.429101290078640452E+00
    0.316737288281640581E-02    0.506488604175713952E+01    0.308082841374192526E+03   -0.177041687000176040E+01    0.208234033495314286E+01    0.227762263945473858E+00
    0.314952580724880103E-02    0.506056223490916235E+01    0.230845934032613371E+03   -0.172015822642039273E+01    0.256520550405200076E+01    0.282749321801532394E+00
    0.314665034025357442E-02    0.504676403716359268E+01    0.282952606678009033E+03   -0.526978194713592529E+00    0.143050849437713623E+01    0.254347341227531443E+00
    0.312714994057872522E-02    0.504357198791153039E+01    0.261856651810276560E+03   -0.163066931031651574E+01    0.132806051541196624E+01    0.427687733906502943E+00
    0.312547450813471317E-02    0.502901881462867273E+01    0.253824019302158490E+03   -0.177890234710374018E+01    0.331251890812762539E+01    0.136732807665693960E-02
    0.310623330269181380E-02    0.502574437224299864E+01    0.184732258319854736E+03    0.292967379093170166E+00    0.379017651081085205E+01    0.387783127784728995E-01
    0.308545874443140423E-02    0.502354034735603605E+01    0.217467335828686430E+03   -0.198437788372508805E+00    0.204389681117920663E+01    0.234746987636208493E+00
    0.306369321920530813E-02    0.502207379798715703E+01    0.212202081380186883E+03   -0.381946883650626789E+00    0.233513933994078293E+01    0.388270356960031648E+00
    0.304038724734147572E-02    0.502172126055903156E+01    0.148508542776107788E+03   -0.992337524890899658E+00    0.287431478500366211E+01    0.321878344559669516E+00
    0.302427497692922629E-02    0.501672327174284050E+01    0.239386918666984343E+03   -0.170280656755619431E+01    0.290537509287983831E+01    0.537097419681367913E-01
    0.301099275449744118E-02    0.500990135685291449E+01    0.262445706910839192E+03   -0.134122507558936244E+01    0.106057970803200430E+01    0.484439835890280335E+00
    0.299824836374070185E-02    0.500275956437492031E+01    0.209315083309192801E+03   -0.151258363007457941E+01    0.233942511072234893E+01    0.404087263694945742E+00
    0.297876221482252894E-02    0.500017534300534106E+01    0.285643551768191173E+03   -0.163505144199513630E+01    0.253375834933887933E+01    0.426859982950317240E-01
    0.296012687503058487E-02    0.499710178195103527E+01    0.241237719538973579E+03   -0.173698152198855871E+01    0.257314655653941848E+01    0.153757756957240699E+00
    0.294851969848473850E-02    0.498933454858660319E+01    0.260720773065994877E+03   -0.174244964419897208E+01    0.302858498331473314E+01    0.509940476367772427E-01
    0.292846053157971549E-02    0.498736230494459321E+01    0.134382064202421162E+03   -0.158873365034183700E+01    0.309059785728145187E+01    0.480952729679822555E+00
    0.292375648541669036E-02    0.497495252896137163E+01    0.234183160400346139E+03   -0.833832542576202318E+00    0.265100830777391305E+01    0.708359145718832905E-01
    0.290170248466964029E-02    0.497447078632349271E+01    0.174968056857722161E+03   -0.175028279290586242E+01    0.267792752518064958E+01    0.407068136739247355E+00
    0.287968766311003143E-02    0.497407736724243410E+01    0.250856030260854538E+03   -0.194640478509336678E+01    0.257862282034496548E+01    0.171359422317633209E+00
    0.286986979690769710E-02    0.496528271953518008E+01    0.272264014818075509E+03   -0.174258612448169981E+01    0.180783211301256763E+01    0.298033825051511658E+00
    0.284912981499410838E-02    0.496416380398537171E+01    0.266808444261550903E+03   -0.149443703889846802E+01    0.235779881477355957E+01    0.130005763721466078E+00
    0.283020111079596839E-02    0.496187049712633410E+01    0.168256888768801645E+03   -0.398910103772136759E+00    0.402548089524775676E+01    0.465066095502758362E-01
    0.280927771104539769E-02    0.496108622721375703E+01    0.278900539967544660E+03   -0.393193359586872848E+00    0.148924255039470133E+01    0.426374866346920678E+00
    0.278873070986424909E-02    0.496014294392886423E+01    0.303249566538686736E+03   -0.178727652119922342E+01    0.206772524065063479E+01    0.158177955091376249E+00
    0.277267154522975413E-02    0.495606841881520932E+01    0.211211110682127099E+03   -0.173913658442208563E+01    0.184315797492304068E+01    0.479064120295719542E+00
    0.275451684275813437E-02    0.495358193806680180E+01    0.288257101948960440E+03    0.373932042313902535E-01    0.157528294884774134E+01    0.377581826586956104E+00
    0.273578473057930821E-02    0.495160441051574907E+01    0.313429801499615337E+03   -0.186270721513939064E+01    0.190268165535728340E+01    0.219665274779109521E+00
    0.272236382824569750E-02    0.494581492835623582E+01    0.226379384629474345E+03    0.118350731189535985E-01    0.185223499946702841E+01    0.243193004732179280E+00
    0.270432051321973848E-02    0.494348967485438440E+01    0.138795437989818112E+03   -0.446674225366486599E+00    0.225516724153872694E+01    0.513368591031812427E+00
    0.268715010908144106E-02    0.494060365714103433E+01    0.209038149210388724E+03   -0.164086376300522163E+01    0.200906297007591572E+01    0.470650652875665820E+00
    0.268006795100854704E-02    0.493025674504723455E+01    0.160791985035654534E+03   -0.276021042831519958E+00    0.314336593896326377E+01    0.324209661443494501E+00
    0.266080798257143985E-02    0.492905638412486979E+01    0.193659977614879608E+03   -0.161502933502197266E+01    0.186616837978363037E+01    0.539040908360481241E+00
    0.264048071430496084E-02    0.492876906448986674E+01    0.245078289570523992E+03    0.343226350750696518E+00    0.130155409059574190E+01    0.300313157178556056E+00
    0.262149768621529767E-02    0.492757446233490537E+01    0.306889894724332521E+03   -0.323758310112911563E+00    0.108336393195045932E+01    0.292024109206803439E+00
    0.260541999970965435E-02    0.492425326214800041E+01    0.151977936497514264E+03   -0.117357192160212520E+01    0.421998621836936216E+01    0.513309012740020137E-01
    0.258784156766658042E-02    0.492216772974376049E+01    0.283068072979701128E+03    0.166702319531721876E-01    0.195123651249261520E+01    0.662140323133868502E-01
    0.257126572720292774E-02    0.491939448610667629E+01    0.340990267766376178E+03   -0.107628031496387355E+01    0.148542132609675015E+01    0.291271787432853091E+00
    0.255242393654753381E-02    0.491847910111165643E+01    0.157338011226384197E+03   -0.155962750881884959E+01    0.235272979457784803E+01    0.539263967050356952E+00
    0.253570226814503431E-02    0.491599978809418925E+01    0.320105305314064026E+03   -0.614661574363708496E+00    0.133229434490203857E+01    0.227355021572113042E+00
    0.252109810508230163E-02    0.491192691796917735E+01    0.141927295547626926E+03   -0.140348857441006802E+01    0.412920399586847608E+01    0.110797836045946299E+00
    0.251122400783154471E-02    0.490415046955305733E+01    0.142041090775353155E+03   -0.146730276643446400E+01    0.326990026074953022E+01    0.337502471262876413E+00
    0.249260895257996705E-02    0.490340617502380205E+01    0.262541792418980833E+03   -0.149970664498304007E+01    0.111876131464383555E+01    0.524703235132819468E+00
    0.248121221613169891E-02    0.489694656799392902E+01    0.148039927096682192E+03   -0.128992090588234243E+01    0.400906196884101185E+01    0.117122948947796804E+00
    0.246230706770468426E-02    0.489661855744878682E+01    0.260197129644294193E+03    0.866408273803576101E+00    0.252678614285261283E+00    0.488003804049959744E+00
    0.244589525027887750E-02    0.489436862027470987E+01    0.340911227464675903E+03   -0.907011806964874268E+00    0.994227528572082520E+00    0.422139377403259297E+00
    0.243540224144492539E-02    0.488734217425694428E+01    0.229841360790139106E+03   -0.122033233554577403E+01    0.282007238462077403E+01    0.162415966367328996E+00
    0.241656275359271484E-02    0.488724868163648818E+01    0.221508675788794505E+03    0.379179772866389264E+00    0.290895653790143882E+01    0.162884034307014813E+00
    0.240482881788392543E-02    0.488135859629892810E+01    0.233322166443413039E+03   -0.996914380479674733E+00    0.309967059766005981E+01    0.755011535048740606E-01
    0.239085418239254202E-02    0.487738964199300895E+01    0.234235844107813421E+03   -0.134955044331515817E+01    0.186127516548907224E+01    0.391729856341453686E+00
    0.237335335153923081E-02    0.487645830044275730E+01    0.155178432378001389E+03   -0.131707452645301881E+01    0.292289846747123150E+01    0.384613461027424108E+00
    0.235490775530505011E-02    0.487643792919903785E+01    0.335064111202352535E+03   -0.458349283862476753E+00    0.115254098235619651E+01    0.238035185715170350E+00
    0.233687225849435161E-02    0.487618925596133224E+01    0.276046480405836292E+03    0.427405221332409990E+00    0.121066339525662237E+01    0.488296845657556600E+00
    0.231904758412181155E-02    0.487587788854837623E+01    0.274180077698777268E+03   -0.376492417564655346E+00    0.199676563115386063E+01    0.125410810519462179E+00
    0.230161189283989388E-02    0.487534664226334247E+01    0.236415663361549377E+03   -0.112515854835510254E+01    0.196592688560485840E+01    0.385711978769302355E+00
    0.229308621608401457E-02    0.486714383744445911E+01    0.242677608663141484E+03   -0.418466175873354995E+00    0.228555754760226826E+01    0.134515377382144696E+00
    0.228004795878460585E-02    0.486292308855822508E+01    0.220697930347519986E+03   -0.123465957568543572E+01    0.265646150441402362E+01    0.198960403405856773E+00
    0.227107504964640548E-02    0.485518442408279149E+01    0.137480192807787546E+03   -0.119595894195181485E+01    0.373215463888356425E+01    0.203662877342076887E+00
    0.225382047781021774E-02    0.485481251036030503E+01    0.152952307866975445E+03   -0.980467345863519135E+00    0.291129479387260748E+01    0.408664533463143631E+00
    0.224165394055762758E-02    0.485001312369975235E+01    0.172311845343784853E+03   -0.585831584405967831E+00    0.292391339375195347E+01    0.327315965589742353E+00
    0.223233128033489955E-02    0.484272312996866461E+01    0.152071388065814972E+03   -0.102014309167861938E+01    0.322724759578704834E+01    0.254545872116088867E+00
    0.221501914814823493E-02    0.484266894671395320E+01    0.318268233537673950E+03   -0.958755373954772949E+00    0.136471569538116455E+01    0.345152005648612981E+00
    0.220015046082812447E-02    0.484051454453537922E+01    0.236917992901317973E+03   -0.376615239630637699E+00    0.296210355542104509E+01    0.958980509502332101E-01
    0.218709734832986174E-02    0.483679053721403829E+01    0.298722098504264409E+03   -0.788048302805633316E+00    0.263475311251720257E+01    0.334172369386830856E-01
    0.217226287503168242E-02    0.483477719562101527E+01    0.248028590150651780E+03   -0.490728699410825087E-02    0.244925476966027134E+01    0.303514921335213857E-01
    0.215955322325808979E-02    0.483088832472320284E+01    0.211199076029913044E+03   -0.303873822765969193E+00    0.210117730041960549E+01    0.279748297858711026E+00
    0.214756001862409897E-02    0.482640139791243428E+01    0.296106314319350190E+03   -0.964116416931466214E+00    0.110949747144387967E+01    0.407937424465815046E+00
    0.213264915826387198E-02    0.482471115676539242E+01    0.162840675150090846E+03   -0.934596719962261124E+00    0.214831956609667785E+01    0.519448029561117797E+00
    0.212984055209963254E-02    0.481172180565752505E+01    0.319735259653858975E+03    0.786646404514506958E+00    0.113572878139830280E+01    0.114024939353889923E+00
    0.211671573289457004E-02    0.480845963343201355E+01    0.212087187390116526E+03   -0.543039284640793873E+00    0.271362357548758659E+01    0.238545536536793085E+00
    0.210136502620431346E-02    0.480739175107576244E+01    0.169801781744133109E+03   -0.375820958457605769E+00    0.218580187637075696E+01    0.416271808314904734E+00
    0.208928720046569179E-02    0.480329513236506145E+01    0.222024506993254818E+03   -0.860176783236394460E+00    0.196087917917735233E+01    0.410685580467160749E+00
    0.207339651349897763E-02    0.480293986242298665E+01    0.167252135734012199E+03   -0.256078306121853672E+00    0.310934743137785752E+01    0.284425394031044332E+00
    0.205804430541093111E-02    0.480217871203278612E+01    0.302902527524740663E+03   -0.936628322149930970E+00    0.178577868897004599E+01    0.208532748817828684E+00
    0.205224109384697468E-02    0.479220121808775179E+01    0.287512549757957458E+03   -0.848244607448577881E+00    0.198097407817840576E+01    0.223888185739517215E+00
    0.203658604957535506E-02    0.479189124141363010E+01    0.213789766608935963E+03   -0.748430780349147007E+00    0.310017825085276932E+01    0.111264083879482514E+00
    0.210601223970498935E-02    0.472482824710584914E+01    0.271567960844002982E+03   -0.444578307094500857E+00    0.140899906740883551E+01    0.407323294485074761E+00
    0.205211202105633943E-02    0.477668166419401885E+01    0.313066022474605120E+03   -0.250915393424681277E+00    0.749609284034111312E+00    0.394819619348650952E+00
    0.217146453850148875E-02    0.466361701326045885E+01    0.305105238091651813E+03   -0.259685800461126437E+00    0.117426103030929507E+01    0.338346958819365662E+00
    0.212743315596409036E-02    0.470458837431010402E+01    0.301996936325127649E+03   -0.254813645002193390E+00    0.113519637893379510E+01    0.410411398455373999E+00
    0.237871705751651263E-02    0.448129811638857856E+01    0.343731395900249481E+03    0.446379184722900391E+00    0.301253199577331543E+00    0.532640462207794263E+00
    0.238950290824763330E-02    0.447224998588715650E+01    0.340984867841766800E+03    0.622829879165927025E+00    0.252527461409998821E+00    0.550034382343151829E+00
    0.245001830151801020E-02    0.442222970907492829E+01    0.329941875142051231E+03    0.478207908648967006E+00    0.467269214271812672E+00    0.496104408840285949E+00
    0.230201848987680608E-02    0.454684801342734524E+01    0.321161684697774945E+03    0.540407595276430897E-01    0.270625815705193062E+00    0.571864229910828525E+00
    0.221905966679080639E-02    0.462025363287923607E+01    0.294194341679525905E+03    0.211876610812137489E+00    0.507730640573407221E+00    0.467198330079137136E+00
    0.208798850943174574E-02    0.474201836442803071E+01    0.294121784900942316E+03   -0.157898601287566498E+00    0.586401853340564827E+00    0.488676569741462397E+00
    0.211327391108097123E-02    0.471794397494573392E+01    0.308553906008550371E+03    0.449529356334286589E+00    0.739490080680539563E+00    0.520188264698848157E+00
    0.219017431816290447E-02    0.464645842215636051E+01    0.322990964582388642E+03   -0.207793956772697186E+00    0.294846476976799998E+00    0.564055368711738891E+00
    0.228789819271372173E-02    0.455915354547507867E+01    0.326760235914184022E+03    0.301692788550500524E-01    0.343562192735754834E+00    0.540819937136797768E+00
    0.226414024842238378E-02    0.458003048693645809E+01    0.295346754737700621E+03   -0.310902959018344305E-02    0.649548400085802058E+00    0.532994885631189352E+00
    0.208658553079326889E-02    0.474336267278407497E+01    0.323971916975020235E+03   -0.655068327808913775E+00    0.453493282686481258E+00    0.536028594876178266E+00
    0.227264533167528598E-02    0.457253170343311233E+01    0.316077217251667150E+03   -0.106565864672605315E-01    0.634331125104335314E+00    0.473978115111157283E+00
    0.204957244176869318E-02    0.477915828533363207E+01    0.315497748309397878E+03   -0.578080882457718159E+00    0.671375039506846960E+00    0.451357759681911941E+00
    0.213149953661596588E-02    0.470076921849707485E+01    0.294996199803608647E+03   -0.382700689528285398E+00    0.594674957320843411E+00    0.529301843948288497E+00
    0.250502583851536145E-02    0.437782259962665510E+01    0.240619009737847080E+03    0.663389164235166806E+00    0.107179528398706481E+01    0.407818664636495742E+00
    0.222631906561557031E-02    0.461372154127149692E+01    0.280260585466832595E+03    0.495772379241325556E+00    0.111308836031281899E+01    0.468925766022606716E+00
    0.220281647180208201E-02    0.463494718605916578E+01    0.197239698580969616E+03    0.849019579392204626E+00    0.132522562931318610E+01    0.410277130005931079E+00
    0.269563600508623954E-02    0.423115235617753171E+01    0.280757725040704884E+03    0.808518346648575026E+00    0.668097953487909457E+00    0.464806463776680390E+00
    0.248143719724334402E-02    0.439674488346632586E+01    0.290603321631709434E+03    0.494770198327137312E+00    0.102650109186931715E+01    0.425592201293466033E+00
    0.243705000405664788E-02    0.443284411189449035E+01    0.302172613337800442E+03    0.718982972938936982E+00    0.107182728848960096E+01    0.389473165301989888E+00
    0.265941683029717602E-02    0.425820697409242310E+01    0.259682721963712879E+03    0.911298267167412135E+00    0.858379438947070028E+00    0.501410578775665083E+00
    0.259273719719084863E-02    0.430899239704923609E+01    0.253819814434685355E+03    0.817450367677462708E+00    0.108800924732358695E+01    0.369777034058272946E+00
    0.271206676557809740E-02    0.421899872144487542E+01    0.260742400050129220E+03    0.905536419041413243E+00    0.670779668910364002E+00    0.514180623133511316E+00
    0.212200779635788759E-02    0.470969526965459462E+01    0.191582033289412180E+03    0.551616398694874555E+00    0.130153836537003365E+01    0.456432736455851584E+00
    0.261474007513278969E-02    0.429209130830340513E+01    0.281129642968109806E+03    0.861381435666105144E+00    0.103819058244708451E+01    0.409790781386881076E+00
    0.253693268621124970E-02    0.435250920327605684E+01    0.247800622706987355E+03    0.756761615756826878E+00    0.119187922401399682E+01    0.350700841226407212E+00
    0.230043344100909876E-02    0.454822558256151321E+01    0.226827038302207541E+03    0.627074021924434621E+00    0.123653904379818069E+01    0.373090871575834038E+00
    0.251070306494417415E-02    0.437329505919329264E+01    0.228330296868650436E+03    0.569622160442175396E+00    0.905437154681136391E+00    0.509422534552037121E+00
    0.222929619330576286E-02    0.461104884359879108E+01    0.217586846493718724E+03    0.603705631831910505E+00    0.125430536049366737E+01    0.391846089109379458E+00
    0.272261381450607590E-02    0.421123593795563522E+01    0.270346346346083237E+03    0.988224876220299642E+00    0.659633909760612092E+00    0.477232407936514391E+00
    0.238832987543298719E-02    0.447323204858489110E+01    0.244601157666589046E+03    0.937775033833813332E+00    0.602184939368743066E+00    0.485236972624887020E+00
    0.209734638548363019E-02    0.473307485870566857E+01    0.294018900953482785E+03   -0.535774881643011902E+00    0.143751416967892975E+01    0.304376826105609510E+00
    0.216006697190800068E-02    0.467414224469034689E+01    0.283580580556044254E+03   -0.312160339145624688E+00    0.656596571022918241E+00    0.572219857656874997E+00
    0.212112951340498066E-02    0.471052322585901084E+01    0.332139479453689773E+03    0.387239135811392465E+00    0.667842723907624780E+00    0.489948768524538447E+00
    0.242435395974882834E-02    0.444329053705622279E+01    0.297920340732182694E+03    0.255149954261772116E+00    0.883127509808952382E+00    0.405773619408170250E+00
    0.224636775679033741E-02    0.459579153521571815E+01    0.304509948048322030E+03    0.330447146039650974E+00    0.999322903940297103E+00    0.435459336736252700E+00
    0.209088831822366525E-02    0.473924268150943284E+01    0.326921913695477429E+03   -0.435535117348186063E+00    0.247028992921900503E+00    0.543356087633935614E+00
    0.245787044649489576E-02    0.441583009239269586E+01    0.295984656216912413E+03    0.931276198395113664E+00    0.697292885285591524E+00    0.339000783828300789E+00
    0.216789495722325993E-02    0.466690743627049009E+01    0.309633967156646690E+03    0.838467250043573920E+00    0.116022870204805351E+01    0.138925915959034113E+00
    0.227016446656855405E-02    0.457471613594386195E+01    0.343939255618446168E+03    0.535775454529943573E+00    0.128431746106151756E+01    0.909121900087884460E-01
    0.215144975777070832E-02    0.468213685647243061E+01    0.321368582092881979E+03    0.793392679719734151E+00    0.950871882485445852E+00    0.178617777559139518E+00
    0.251876677587040826E-02    0.436688188397534915E+01    0.255282143256912548E+03    0.621003843695640878E+00    0.151412943139685563E+01    0.251182213671277244E+00
    0.237097736436594911E-02    0.448781617781616049E+01    0.311525582421281001E+03    0.437410578350953649E+00    0.145678158495199472E+01    0.139899966922013369E+00
    0.253959504176846018E-02    0.435041142625683808E+01    0.296322544563812357E+03    0.865013416028367566E+00    0.174556385447226070E+01    0.193250660561608029E+00
    0.213131750315648976E-02    0.470094002898027341E+01    0.281897170501023425E+03    0.569169067425278730E+00    0.114661748618205372E+01    0.234170841337651342E+00
    0.218502680148071173E-02    0.465116450895465849E+01    0.266951982676982880E+03    0.581465959548950195E-01    0.187775850296020508E+01    0.284859140324592586E+00
    0.267914467310792319E-02    0.424342551463193818E+01    0.310225865901143152E+03    0.720350208208352605E+00    0.206055780121378795E+01    0.141453818436963336E-01
    0.218055878488544264E-02    0.465525836355164113E+01    0.283100356161594391E+03    0.145952641963958740E+00    0.222978770732879639E+01    0.952688970565795934E-02
    0.236122159771907838E-02    0.449606247561216765E+01    0.292275123829291033E+03    0.210841170450080995E+00    0.230540413285830414E+01    0.692649993205992076E-01
    0.229843873563061836E-02    0.454996053446011395E+01    0.279091574167611952E+03    0.257837432947780609E+00    0.206216505305858178E+01    0.185088146885468985E+00
    0.262561701847333767E-02    0.428378885198894022E+01    0.267507639810167632E+03    0.576300201754349040E+00    0.248714381784406235E+01    0.170458965896583825E-01
    0.218159968002387293E-02    0.465430388638942283E+01    0.275306436333856709E+03    0.403297798403304153E+00    0.196837477630378643E+01    0.576948287674138860E-01
    0.233135800628209112E-02    0.452151883192854687E+01    0.298255657181093909E+03    0.138389955681923027E+00    0.183912558067415866E+01    0.125444732352539362E+00
    0.262115912726561826E-02    0.428718742830064503E+01    0.292852797489280988E+03    0.882430837929141454E+00    0.203170104584219224E+01    0.102613011692875858E+00
    0.224081437063441144E-02    0.460074198191795958E+01    0.270220639453557737E+03    0.290771813486362163E+00    0.258145736941645154E+01    0.710408948535142665E-01
    0.236093888782567662E-02    0.449630195065296956E+01    0.265540108084678650E+03    0.680938363075256348E+00    0.247224092483520508E+01    0.952996712207794250E-01
    0.251263101275485488E-02    0.437175986533557026E+01    0.232152040440100052E+03    0.525219955756084378E+00    0.180288111220249547E+01    0.250155772272300958E+00
    0.214792890815973699E-02    0.468541253946908043E+01    0.240994766561668968E+03    0.531942733589097827E+00    0.173666023153540650E+01    0.180740791124211736E+00
    0.247125114200168498E-02    0.440497158291193891E+01    0.247352951185068434E+03    0.342723594039624047E+00    0.219028310998570852E+01    0.169300246583944686E+00
    0.209126954825443207E-02    0.473887805631450210E+01    0.210486651579950802E+03   -0.149646154990571212E+00    0.254529460340160973E+01    0.158831781534133243E+00
    0.227767320395863082E-02    0.456811190355302177E+01    0.245982720528181403E+03    0.139348357464320394E+00    0.213055376031564592E+01    0.253936098475850469E+00
    0.227542275594113785E-02    0.457008897429396388E+01    0.272531392459276901E+03    0.615476261436997962E+00    0.191986785528263404E+01    0.248357466538800142E+00
    0.232313463280927083E-02    0.452858588105010362E+01    0.235973753368706269E+03    0.116359969933316876E+00    0.223733914379807697E+01    0.230986975737048350E+00
    0.250207709531934065E-02    0.438017824805320188E+01    0.203316526933647481E+03    0.501528083361534538E+00    0.215747171959024353E+01    0.246565730753559365E+00
    0.262787168888065298E-02    0.428207214853998153E+01    0.178549920259621871E+03    0.631621570034562652E+00    0.213265358268837435E+01    0.339091430915367864E+00
    0.229501521131569939E-02    0.455294175511747490E+01    0.227032810871505205E+03    0.506223307014766810E+00    0.223880508211632367E+01    0.104750491675460758E+00
    0.226515521515386177E-02    0.457913412964943234E+01    0.224691687335581719E+03    0.209063631275101081E+00    0.201772249022409333E+01    0.232083891912981122E+00
    0.240245736221184145E-02    0.446143646925412352E+01    0.198755005682353953E+03    0.265897720570900553E+00    0.258401943352988628E+01    0.180918475525927297E+00
    0.256373995321589271E-02    0.433148647492282102E+01    0.196841268091176573E+03    0.551302898625055882E+00    0.191983419793383092E+01    0.341404181202240475E+00
    0.261535913282479006E-02    0.429161785059617884E+01    0.267622201851305476E+03    0.934884850104920950E+00    0.132654744368456434E+01    0.256424220226651900E+00
    0.254854191338114121E-02    0.434337790423296699E+01    0.284116850447775846E+03    0.573873312173610817E+00    0.246892780017602576E+01    0.179908952937708373E-01
    0.219416328659556136E-02    0.464281913167016391E+01    0.210623221000557407E+03    0.630385521824039508E+00    0.161683000228317919E+01    0.301255032220876851E+00
    0.226448694720990168E-02    0.457972425833938601E+01    0.275454818588395710E+03    0.562953960590949709E+00    0.174594433418835848E+01    0.961116494455529907E-01
    0.252071333618454803E-02    0.436533683538488582E+01    0.229754214637865175E+03    0.657032675669507960E+00    0.138297709444843697E+01    0.355018965657622532E+00
    0.239267034330402535E-02    0.446960061677988296E+01    0.334279183537854692E+03    0.186454015525756578E+00    0.944204920616894761E+00    0.323044672131626520E+00
    0.232912303317369057E-02    0.452343706591410122E+01    0.335017435130942886E+03    0.601298806273343533E+00    0.109100603752229119E+01    0.334455162982315590E+00
    0.232521501835371465E-02    0.452679566659596944E+01    0.321016128655218608E+03    0.100074275928859979E+00    0.144615957205544987E+01    0.241493791079589876E+00
    0.209003601703159009E-02    0.474005810043169706E+01    0.339985474680896914E+03   -0.123342159748462965E+00    0.133051349188053614E+01    0.177061150087507946E+00
    0.213578476567224257E-02    0.469675239637493469E+01    0.320426291297820057E+03    0.463656247216270856E-01    0.168912222063592043E+01    0.225780219956199513E+00
    0.208374217498107995E-02    0.474608989851152963E+01    0.231348091746341709E+03   -0.531537829114449245E+00    0.282718566584628128E+01    0.120328947107216977E+00
    0.206294728496373390E-02    0.476614933584359601E+01    0.178814911787441929E+03   -0.789486950889995320E+00    0.335076268023854595E+01    0.120026493772269482E+00
    0.205263244814432371E-02    0.477617451731101372E+01    0.271832842858362540E+03   -0.237643605376144817E+00    0.177442479958352362E+01    0.323356743807103442E+00
    0.231802054272316638E-02    0.453299348386664835E+01    0.143228018281846261E+03    0.698197988696667160E-01    0.290492657538892995E+01    0.374870233510048556E+00
    0.206559011790899590E-02    0.476358878420183185E+01    0.214716994762420654E+03   -0.375367581844329834E+00    0.239548504352569580E+01    0.310476857900619518E+00
    0.213352186955101039E-02    0.469887254985791269E+01    0.183123942814559001E+03   -0.210507775386398643E+00    0.252546365711501863E+01    0.350545540562352986E+00
    0.222599531228557124E-02    0.461401240422778347E+01    0.147217799939876272E+03   -0.756625938015074162E-01    0.293124876412399704E+01    0.361656437090716931E+00
    0.224653557732100786E-02    0.459564212578642906E+01    0.208068847272961875E+03   -0.601906646899454945E-01    0.180504487794959267E+01    0.423527332978399174E+00
    0.212792728819534470E-02    0.470412389451812540E+01    0.144447744755764631E+03    0.129095885742742222E+00    0.223938280573510173E+01    0.455955207443914490E+00
    0.216380195642260943E-02    0.467068701928413343E+01    0.196552627566702711E+03   -0.315921721029960523E+00    0.204692232224941328E+01    0.431025856969147081E+00
    0.210398826217715346E-02    0.472675126605357665E+01    0.192210391975664493E+03   -0.586179226591684976E+00    0.242070837339524125E+01    0.334791874553420965E+00
    0.220217387708286595E-02    0.463553070127520872E+01    0.146067611873149872E+03   -0.182760834693908691E+00    0.235112607479095459E+01    0.512093487596511854E+00
    0.212705564214087312E-02    0.470494330656365989E+01    0.154629380358625326E+03   -0.447925661166111100E+00    0.249803115701456946E+01    0.434745612236349666E+00
    0.210029776274051408E-02    0.473026244522895745E+01    0.165845222855820509E+03   -0.550201299373711983E+00    0.218878159769859693E+01    0.524285371724035443E+00
    0.221593639419980729E-02    0.462307056715775389E+01    0.129085812432253306E+03   -0.127067633124144486E+00    0.275462042372622662E+01    0.498894096965955824E+00
    0.207252892813999728E-02    0.475688156610877311E+01    0.208714481496966755E+03   -0.544634571764109898E+00    0.193112317984453608E+01    0.456646243781842542E+00
    0.221210965429977265E-02    0.462652738834776667E+01    0.196259761678831893E+03   -0.144551487363767661E+00    0.257553033985606827E+01    0.252706982328309460E+00
    0.205476959131695213E-02    0.477409325685006269E+01    0.171231597004962765E+03   -0.630863765039879842E+00    0.188194368132929490E+01    0.541458455776757108E+00
    0.233510411955228448E-02    0.451830773626429316E+01    0.183528228111926154E+03    0.285035841131104029E+00    0.254660903884979994E+01    0.316132048772999441E+00
    0.235667480767122505E-02    0.449991740676353036E+01    0.191759348402263868E+03    0.353129098626929760E+00    0.233231478155278538E+01    0.355177064914384777E+00
    0.215174700187347693E-02    0.468186055574081728E+01    0.150336580079477585E+03   -0.149474868281648909E+00    0.225383612715221560E+01    0.571476522582780810E+00
    0.218365565034237723E-02    0.465241994575829576E+01    0.290809400379657745E+03   -0.216480851173400879E+00    0.258577585220336914E+01    0.562863557338714581E-02
    0.212320411984596742E-02    0.470856804816991037E+01    0.334849309562317160E+03   -0.268757062472542607E+00    0.192505649933281830E+01    0.449168203078992440E-01
    0.208866815769084705E-02    0.474136746269560039E+01    0.265618904379522064E+03   -0.376623277560470981E+00    0.253030301162048410E+01    0.290895621390312338E-01
    0.218189114278950986E-02    0.465403670327580343E+01    0.255059356290642967E+03   -0.703703296647506527E-02    0.287325695574858919E+01    0.321896390887754028E-01
    0.205964792527300617E-02    0.476935058188099159E+01    0.211948210306188827E+03   -0.583011959178549644E+00    0.344606797813426802E+01    0.137748628597089418E-01
    0.213592556541985492E-02    0.469662055246535104E+01    0.342951096760298242E+03   -0.344619970622739968E+00    0.193600837897364819E+01    0.969978138775360876E-01
    0.208600602454178490E-02    0.474391820883166027E+01    0.277557345815526958E+03   -0.342808863708568445E+00    0.279073371891526989E+01    0.123905008836208003E-01
    0.221650486304625100E-02    0.462255755970513960E+01    0.149082905898190518E+03    0.534652507976984825E+00    0.326473134527928011E+01    0.286106315296283942E+00
    0.270788584506344342E-02    0.422208429923072703E+01    0.142838556565453132E+03    0.852684382361815096E+00    0.315221742547864636E+01    0.213888585827133215E+00
    0.214345621254715801E-02    0.468958154048513087E+01    0.143928469717502594E+03    0.711362123489379883E+00    0.234721302986145020E+01    0.330757305049896255E+00
    0.233685529619291534E-02    0.451680842810100991E+01    0.180406721996805857E+03    0.563033420761804404E+00    0.282153374970969928E+01    0.255729362667923676E+00
    0.223057968638875085E-02    0.460989769665834181E+01    0.253795583454093531E+03    0.869611674111032684E+00    0.250154463224968637E+01    0.132481330427500904E+00
    0.229498136759703720E-02    0.455297124857619817E+01    0.209470278512833033E+03    0.214636464759259127E+00    0.298693519550207576E+01    0.119142643296379191E+00
    0.270294924005485583E-02    0.422573372213913867E+01    0.191799445748233069E+03    0.850978216071211158E+00    0.295178268235729746E+01    0.660647494076171682E-01
    0.270669199962597640E-02    0.422296624828829614E+01    0.215891922755369649E+03    0.859397394360770672E+00    0.285577854536073428E+01    0.273815475939801385E-01
    0.263243270848614094E-02    0.427860389240578520E+01    0.201574398549005707E+03    0.988229963618352691E+00    0.316942615578907194E+01    0.237665549132168273E-01
    0.252823084321131914E-02    0.435938112479283824E+01    0.192768893208527857E+03    0.967028679200622854E+00    0.231027802841239716E+01    0.178682215836082570E+00
    0.241920259445959013E-02    0.444754473925156013E+01    0.210945525216598242E+03    0.402386530742509407E+00    0.284257259980525134E+01    0.131033280486375525E+00
    0.266897554514607203E-02    0.425103128249225826E+01    0.219615268948487625E+03    0.873469017891748578E+00    0.274335922429609980E+01    0.782592823275565924E-01
    0.235045099195073945E-02    0.450520625572346312E+01    0.175398282677580312E+03    0.854418928993189830E+00    0.347847143391431501E+01    0.792537043993702256E-01
    0.240564333115224219E-02    0.445878596785253212E+01    0.200691856431919234E+03    0.438595456141151363E+00    0.320142914736264217E+01    0.702526258760440142E-01
    0.260584503349878174E-02    0.429890667482388444E+01    0.206211601683869361E+03    0.600374088835551767E+00    0.288456223264193401E+01    0.986836144607214083E-01
    0.216929700124543707E-02    0.466561439313618909E+01    0.199323237169682386E+03    0.587889340819848449E+00    0.301265959652259063E+01    0.170773968912567853E+00
    0.265923747838419646E-02    0.425834185927400632E+01    0.179256923904900788E+03    0.706539556929680401E+00    0.320488504630490212E+01    0.708196132917534860E-01
