    0.299252940714359283E+03    0.494830608367919922E+00    0.391436517238616943E+01    0.556218555521965086E+00   -0.125356300931599222E+03   -0.485202009141426682E+01    1
    0.172153596580028534E+03   -0.155356955528259277E+01   -0.435067772865295410E+01    0.301451361894607528E+00   -0.954146829027732366E+02   -0.485983259141427482E+01    1
    0.289665612578392029E+03    0.710868775844573975E+00    0.358856916427612305E+01    0.399893034338951125E+00   -0.952908367038560300E+02   -0.486764509141427837E+01    1
    0.209451282024383545E+03   -0.144727772474288940E+01    0.473685383796691895E+01    0.431009706115722646E+00   -0.919256992473402761E+02   -0.487545759141427837E+01    1
    0.194850516319274902E+03    0.483321249485015869E+00    0.446262776851654053E+01    0.440076928067207329E+00   -0.916346933575174347E+02   -0.488327009141427215E+01    1
    0.282098537683486938E+03    0.813546061515808105E+00    0.361395597457885742E+01    0.338001618361473077E+00   -0.898777269517750739E+02   -0.489108259141427038E+01    1
    0.214884082973003387E+03    0.693317651748657227E+00    0.403800070285797119E+01    0.431142526316642793E+00   -0.896099848825915188E+02   -0.489889509141427659E+01    1
    0.215450592339038849E+03   -0.187191736698150635E+01   -0.413024246692657471E+01    0.165004893136024483E+00   -0.878625454403238280E+02   -0.490670759141427038E+01    1
    0.254583968222141266E+03    0.674565792083740234E+00    0.391900539398193359E+01    0.331153548002243059E+00   -0.869838957490352840E+02   -0.491452009141427393E+01    1
    0.303534068167209625E+03    0.195546865463256836E+00    0.310391485691070557E+01    0.490120154356956494E+00   -0.834827741958898031E+02   -0.492233259141426949E+01    1
    0.180468954145908356E+03    0.490760803222656250E-01   -0.388320147991180420E+01    0.187134758377075189E+00   -0.800307710842627671E+02   -0.493014509141426949E+01    1
    0.294512605667114258E+03   -0.169725441932678223E+01   -0.453371405601501465E+01    0.174372794365882877E+00   -0.759273341261136778E+02   -0.493795759141427482E+01    1
    0.148310180008411407E+03   -0.809545159339904785E+00    0.456778466701507568E+01    0.527243895220756542E+00   -0.738363304676420711E+02   -0.494577009141427482E+01    1
    0.127392289042472839E+03    0.623948037624359131E+00   -0.267389774322509766E+01    0.757583840131759723E-01   -0.733409924881908921E+02   -0.495358259141427215E+01    1
    0.316646207869052887E+03   -0.547633171081542969E-01   -0.489956915378570557E+01    0.183913228797912609E+00   -0.731007737785086533E+02   -0.496139509141427393E+01    1
    0.204064789414405823E+03   -0.635315299034118652E+00    0.463771581649780273E+01    0.271560095500946064E+00   -0.723108898707615140E+02   -0.496920759141427215E+01    1
    0.197935070097446442E+03   -0.829560160636901855E-01   -0.466736555099487305E+01    0.462301606392860442E+00   -0.704573544753634451E+02   -0.497702009141426860E+01    1
    0.270144455134868622E+03   -0.745544433593750000E-01   -0.472800970077514648E+01    0.286724320793151854E+00   -0.683149045858599351E+02   -0.498483259141426771E+01    1
    0.345929305255413055E+03    0.415662527084350586E-01    0.286090910434722900E+01    0.350438884234428427E+00   -0.683111017267754050E+02   -0.499264509141426949E+01    1
    0.249979366362094879E+03   -0.176583886146545410E+01    0.406800210475921631E+01    0.298941322803497334E+00   -0.680221406193768985E+02   -0.500045759141427038E+01    1
    0.192590647935867310E+03    0.883223235607147217E+00    0.423136413097381592E+01    0.189646981000900272E+00   -0.670480937178099481E+02   -0.500827009141427038E+01    1
    0.163520477712154388E+03    0.351837217807769775E+00   -0.426153063774108887E+01    0.496765906763076803E+00   -0.645445094878734551E+02   -0.501608259141426771E+01    1
    0.195900614559650421E+03    0.452427387237548828E+00   -0.462301254272460938E+01    0.481409632945060728E+00   -0.632091834511325672E+02   -0.502389509141427126E+01    1
    0.224864582717418671E+03    0.823709845542907715E+00   -0.409127712249755859E+01    0.183305114936828606E+00   -0.627682307855774866E+02   -0.503170759141427926E+01    1
    0.260751238465309143E+03   -0.367305040359497070E+00   -0.407623350620269775E+01    0.245730302309989934E+00   -0.579802138962838072E+02   -0.503952009141427748E+01    1
    0.197904264926910400E+03   -0.100372135639190674E+00   -0.338347852230072021E+01    0.224641948056221008E+00   -0.575586947870757939E+02   -0.504733259141427748E+01    1
    0.186489748954772949E+03   -0.139641284942626953E+00   -0.283049464225769043E+01    0.103895795989036560E+00   -0.570317515038137515E+02   -0.505514509141427215E+01    1
    0.251731278002262115E+03   -0.103341788053512573E+01    0.340747177600860596E+01    0.344586334204673772E+00   -0.570168629764859318E+02   -0.506295759141426593E+01    1
    0.346764612197875977E+03   -0.674247741699218750E-01    0.228216409683227539E+01    0.403450657367706300E+00   -0.566942414997993467E+02   -0.507077009141427304E+01    1
    0.318309070169925690E+03   -0.699851036071777344E+00    0.256301164627075195E+01    0.405038256239891092E+00   -0.564394281575799539E+02   -0.507858259141427304E+01    1
    0.149349576234817505E+03   -0.717883527278900146E+00    0.393261313438415527E+01    0.523907218408584563E+00   -0.562073162234178909E+02   -0.508639509141426860E+01    1
    0.251964160799980164E+03   -0.104772067070007324E+01    0.273590743541717529E+01    0.523895277214050270E+00   -0.559034074628274595E+02   -0.509420759141426771E+01    1
    0.263162410259246826E+03    0.279692411422729492E-01   -0.370931267738342285E+01    0.145159241938591005E+00   -0.549359256484021898E+02   -0.510202009141427126E+01    1
    0.264377236366271973E+03   -0.758976221084594727E+00   -0.365611135959625244E+01    0.168376950001716624E+00   -0.547477481876068168E+02   -0.510983259141427748E+01    1
    0.180476450920104980E+03   -0.522017002105712891E+00    0.354942798614501953E+01    0.470864056992530866E+00   -0.545281843336930905E+02   -0.511764509141427038E+01    1
    0.302488180994987488E+03   -0.188144940137863159E+01   -0.330179274082183838E+01    0.454155698776245106E-01   -0.527218162387426901E+02   -0.512545759141426505E+01    1
    0.345768144726753235E+03   -0.267052650451660156E+00   -0.383772790431976318E+01    0.494834230899810837E-01   -0.526703405374974949E+02   -0.513327009141426593E+01    1
    0.153595808148384094E+03    0.829081594944000244E+00    0.344328761100769043E+01    0.422429753136634833E+00   -0.520623684739458028E+02   -0.514108259141427038E+01    1
    0.259889176487922668E+03    0.242750167846679688E+00   -0.310835540294647217E+01    0.237674124240875272E-02   -0.517034988164223606E+02   -0.514889509141427304E+01    1
    0.253354483842849731E+03   -0.132449084520339966E+01    0.347156286239624023E+01    0.259255786299705526E+00   -0.503902957914398115E+02   -0.515670759141427038E+01    1
    0.213370861113071442E+03    0.348511993885040283E+00   -0.321447193622589111E+01    0.174252870655059816E+00   -0.501566939051499716E+02   -0.516452009141426771E+01    1
    0.148360350728034973E+03    0.259562969207763672E+00   -0.366691052913665771E+01    0.568897545289993256E+00   -0.490526785037665434E+02   -0.517233259141426593E+01    1
    0.317829625308513641E+03   -0.157334208488464355E-01   -0.374810934066772461E+01    0.103311359810829173E+00   -0.488800005175147447E+02   -0.518014509141426593E+01    1
    0.184703062474727631E+03   -0.123495727777481079E+01    0.438230812549591064E+01    0.177644101667404186E+00   -0.488651196410259274E+02   -0.518795759141426949E+01    1
    0.329428006708621979E+03   -0.135392898321151733E+01   -0.328661561012268066E+01    0.195786802053451552E-01   -0.481406459387992385E+02   -0.519577009141427038E+01    1
    0.238495783507823944E+03   -0.992922782897949219E-01    0.399277389049530029E+01    0.686277849912643456E-01   -0.479826101869089712E+02   -0.520358259141426593E+01    1
    0.188436120748519897E+03   -0.130969166755676270E+01   -0.273754894733428955E+01    0.228670156502723709E+00   -0.476764624565375570E+02   -0.521139509141426771E+01    1
    0.140910877287387848E+03   -0.477226257324218750E+00   -0.173133969306945801E+01    0.100754067707061773E+00   -0.475046706860396668E+02   -0.521920759141426860E+01    1
    0.272373732924461365E+03   -0.105665349960327148E+01   -0.406279981136322021E+01    0.367819156408309922E+00   -0.466073028072548823E+02   -0.522702009141426593E+01    1
    0.257064220309257507E+03   -0.169231057167053223E+01   -0.264418721199035645E+01    0.327693331003189106E-01   -0.463341364185105817E+02   -0.523483259141426860E+01    1
    0.141609632968902588E+03   -0.986450254917144775E+00   -0.140717446804046631E+01    0.394639420509338423E-01   -0.462473509799759839E+02   -0.524264509141427393E+01    1
    0.348774619400501251E+03    0.550628602504730225E+00    0.292952120304107666E+01    0.259383898258209247E-01   -0.460057087827386866E+02   -0.525045759141427482E+01    1
    0.327308873832225800E+03   -0.195897936820983887E+00   -0.319956243038177490E+01    0.984223959445953457E-02   -0.432517169289315575E+02   -0.525827009141427659E+01    1
    0.334318505227565765E+03    0.862719893455505371E+00    0.144457638263702393E+01    0.344713081455230719E+00   -0.429605020012699370E+02   -0.526608259141428015E+01    1
    0.274512647092342377E+03    0.628530323505401611E+00   -0.393319606781005859E+01    0.266973550915718061E+00   -0.421235700297112174E+02   -0.527389509141427659E+01    1
    0.220696362853050232E+03    0.948727607727050781E+00   -0.449605584144592285E+01    0.547711239123344407E+00   -0.417876058928597445E+02   -0.528170759141427126E+01    1
    0.282609806954860687E+03    0.441906332969665527E+00   -0.304324924945831299E+01    0.312344801902771016E-01   -0.416394639097458139E+02   -0.528952009141427393E+01    1
    0.214522628486156464E+03    0.743683278560638428E+00    0.358226299285888672E+01    0.453296273946762127E-01   -0.410399410749071762E+02   -0.529733259141427126E+01    1
    0.295982201397418976E+03   -0.102343595027923584E+01   -0.374363780021667480E+01    0.297231650805473313E+00   -0.407343507388870663E+02   -0.530514509141426416E+01    1
    0.342678789794445038E+03   -0.101669269800186157E+01    0.284800767898559570E+01    0.105670325732231146E+00   -0.403869248627874384E+02   -0.531295759141427038E+01    1
    0.275330613553524017E+03    0.840737044811248779E+00   -0.459367632865905762E+01    0.459830325007438701E+00   -0.397605928818498882E+02   -0.532077009141427038E+01    1
    0.242020997405052185E+03    0.181063294410705566E+00   -0.335590600967407227E+01    0.280300231075286899E+00   -0.389410940183225591E+02   -0.532858259141426416E+01    1
    0.312197710573673248E+03   -0.122350817918777466E+01   -0.378302156925201416E+01    0.301596942114830013E+00   -0.389008577857033089E+02   -0.533639509141427304E+01    1
    0.294781228899955750E+03   -0.776798427104949951E+00   -0.272966206073760986E+01    0.353769829273223868E-01   -0.383636326245526504E+02   -0.534420759141427837E+01    1
    0.187099951505661011E+03   -0.183267450332641602E+01    0.265960395336151123E+01    0.553575662112236078E+00   -0.381568173450941828E+02   -0.535202009141427126E+01    1
    0.165851947665214539E+03   -0.103532528877258301E+01    0.324502527713775635E+01    0.440808343291282656E+00   -0.380134422935372172E+02   -0.535983259141427126E+01    1
    0.160399150848388672E+03   -0.999983429908752441E+00    0.358663320541381836E+01    0.359955402159690852E+00   -0.379161409721020135E+02   -0.536764509141427837E+01    1
    0.322774854302406311E+03   -0.186920762062072754E+00   -0.301769673824310303E+01    0.477739899158477824E-01   -0.370264116201715083E+02   -0.537545759141427215E+01    1
    0.209587511420249939E+03   -0.583336949348449707E-01   -0.235492467880249023E+01    0.142331874132156366E+00   -0.366596490994150628E+02   -0.538327009141427126E+01    1
    0.210961084067821503E+03   -0.192743855714797974E+01   -0.194626629352569580E+01    0.109761310744285592E+00   -0.357690983480936850E+02   -0.539108259141427482E+01    1
    0.231056328117847443E+03   -0.763472497463226318E+00    0.299042940139770508E+01    0.237119370460510265E+00   -0.351140757969192094E+02   -0.539889509141427748E+01    1
    0.252018448710441589E+03    0.364786386489868164E-02   -0.406003057956695557E+01    0.529146843981742832E+00   -0.346399800285724098E+02   -0.540670759141427926E+01    1
    0.323820620775222778E+03   -0.151184421777725220E+01   -0.434633135795593262E+01    0.505408329248428378E+00   -0.346202729829555409E+02   -0.541452009141427926E+01    1
    0.182083469629287720E+03    0.357845187187194824E+00   -0.315821349620819092E+01    0.456177445363998402E+00   -0.345172498925658857E+02   -0.542233259141428015E+01    1
    0.335138295590877533E+03    0.441492915153503418E+00   -0.458088040351867676E+01    0.458112737703323392E+00   -0.336936782311508978E+02   -0.543014509141427837E+01    1
    0.239240780472755432E+03    0.777775228023529053E+00   -0.401049196720123291E+01    0.496149468183517461E+00   -0.328111539388017377E+02   -0.543795759141427748E+01    1
    0.290242421627044678E+03   -0.189096552133560181E+01    0.280527412891387939E+01    0.148499432873725884E+00   -0.325493730480023657E+02   -0.544577009141427748E+01    1
    0.166688635945320129E+03    0.351289868354797363E+00   -0.215037465095520020E+01    0.264398074078559864E+00   -0.324166905131945100E+02   -0.545358259141427038E+01    1
    0.201245224475860596E+03    0.578020572662353516E+00   -0.236289978027343750E+01    0.173455676507949824E+00   -0.322845610963582885E+02   -0.546139509141426327E+01    1
    0.173101489245891571E+03   -0.154396545886993408E+01   -0.116417348384857178E+01    0.481771587610244773E-01   -0.322564740403250667E+02   -0.546920759141426149E+01    1
    0.224754357337951660E+03   -0.183825796842575073E+01   -0.325003981590270996E+01    0.486457789993286149E+00   -0.321715721660048004E+02   -0.547702009141426238E+01    1
    0.184732258319854736E+03    0.292967379093170166E+00    0.379017651081085205E+01    0.387783127784728995E-01   -0.318200573796436252E+02   -0.548483259141427393E+01    1
    0.184807440638542175E+03   -0.197531545162200928E+01    0.290153324604034424E+01    0.401756986570358299E+00   -0.317827118895456664E+02   -0.549264509141427659E+01    1
    0.169677166640758514E+03   -0.165610986948013306E+01   -0.167072236537933350E+01    0.227618921971321109E+00   -0.314149375183022848E+02   -0.550045759141427482E+01    1
    0.265540108084678650E+03    0.680938363075256348E+00    0.247224092483520508E+01    0.952996712207794250E-01   -0.313098222118354172E+02   -0.550827009141427482E+01    1
    0.309179635345935822E+03   -0.176100963354110718E+01    0.292992413043975830E+01    0.426650351285934454E-01   -0.310420972679391767E+02   -0.551608259141426771E+01    1
    0.247794224321842194E+03   -0.180348438024520874E+01    0.216843187808990479E+01    0.403868257999420166E+00   -0.308995071359788369E+02   -0.552389509141426327E+01    1
    0.311580252647399902E+03   -0.153060555458068848E-01   -0.399480164051055908E+01    0.429928140950202931E+00   -0.302957553010272633E+02   -0.553170759141427304E+01    1
    0.319234083592891693E+03    0.433629751205444336E-02   -0.310919463634490967E+01    0.170942055058479314E+00   -0.298927434029424575E+02   -0.553952009141427837E+01    1
    0.329701055586338043E+03   -0.109415256977081299E+01   -0.245995640754699707E+01    0.245224029779434229E-01   -0.295961443073121906E+02   -0.554733259141427215E+01    1
    0.340840604901313782E+03    0.575102686882019043E+00   -0.406253755092620850E+01    0.353187133097648653E+00   -0.291932529838250829E+02   -0.555514509141427126E+01    1
    0.342930461466312408E+03    0.411484181880950928E+00   -0.434832990169525146E+01    0.453323875164985679E+00   -0.291092859735909961E+02   -0.556295759141427038E+01    1
    0.321604137122631073E+03   -0.138009786605834961E-01   -0.428684115409851074E+01    0.516452774190902741E+00   -0.287135346016468631E+02   -0.557077009141426682E+01    1
    0.215848203003406525E+03   -0.106023728847503662E+01   -0.261808037757873535E+01    0.362783008790016182E+00   -0.286739781620719469E+02   -0.557858259141426949E+01    1
    0.256262145936489105E+03   -0.177906054258346558E+01   -0.314915478229522705E+01    0.434829898953437821E+00   -0.281210359459655983E+02   -0.558639509141427038E+01    1
    0.343731395900249481E+03    0.446379184722900391E+00    0.301253199577331543E+00    0.532640462207794263E+00   -0.273021439034116753E+02   -0.559420759141427038E+01    1
    0.340911227464675903E+03   -0.907011806964874268E+00    0.994227528572082520E+00    0.422139377403259297E+00   -0.266128234473726550E+02   -0.560202009141427748E+01    1
    0.266951982676982880E+03    0.581465959548950195E-01    0.187775850296020508E+01    0.284859140324592586E+00   -0.265393797762854753E+02   -0.560983259141427482E+01    1
    0.214716994762420654E+03   -0.375367581844329834E+00    0.239548504352569580E+01    0.310476857900619518E+00   -0.264747591117158834E+02   -0.561764509141427304E+01    1
    0.334929338097572327E+03   -0.104040521383285522E+01   -0.392245233058929443E+01    0.479496141815185573E+00   -0.259970951408212940E+02   -0.562545759141427126E+01    1
    0.236415663361549377E+03   -0.112515854835510254E+01    0.196592688560485840E+01    0.385711978769302355E+00   -0.259327987941163016E+02   -0.563327009141427126E+01    1
    0.309259162843227386E+03    0.812873899936676025E+00   -0.366017758846282959E+01    0.342153025817871104E+00   -0.255367745867713225E+02   -0.564108259141427304E+01    1
    0.318268233537673950E+03   -0.958755373954772949E+00    0.136471569538116455E+01    0.345152005648612981E+00   -0.254926355454037790E+02   -0.564889509141427038E+01    1
    0.130095352232456207E+03    0.732440352439880371E+00   -0.152410924434661865E+01    0.320996402049064655E+00   -0.254746580686068640E+02   -0.565670759141426860E+01    1
    0.289259231090545654E+03   -0.411978662014007568E+00   -0.288606286048889160E+01    0.275710138249397274E+00   -0.252113501780990852E+02   -0.566452009141426682E+01    1
    0.287512549757957458E+03   -0.848244607448577881E+00    0.198097407817840576E+01    0.223888185739517215E+00   -0.247125180700613960E+02   -0.567233259141426682E+01    1
    0.193659977614879608E+03   -0.161502933502197266E+01    0.186616837978363037E+01    0.539040908360481241E+00   -0.242511449876923635E+02   -0.568014509141426771E+01    1
    0.290809400379657745E+03   -0.216480851173400879E+00    0.258577585220336914E+01    0.562863557338714581E-02   -0.239495119612199368E+02   -0.568795759141426771E+01    1
    0.132383893430233002E+03    0.692331850528717041E+00   -0.509061813354492188E+00    0.439254452705383283E-01   -0.239133982348249567E+02   -0.569577009141426771E+01    1
    0.139306795597076416E+03    0.636200726032257080E+00   -0.465127229690551758E+00    0.869967198371887195E-03   -0.238799233069073189E+02   -0.570358259141427038E+01    1
    0.146067611873149872E+03   -0.182760834693908691E+00    0.235112607479095459E+01    0.512093487596511854E+00   -0.230968253634432088E+02   -0.571139509141427126E+01    1
    0.152071388065814972E+03   -0.102014309167861938E+01    0.322724759578704834E+01    0.254545872116088867E+00   -0.225949573243596582E+02   -0.571920759141427038E+01    1
    0.169931936264038086E+03    0.129081726074218750E+00   -0.246889650821685791E+01    0.531801439762115469E+00   -0.224393802871593913E+02   -0.572702009141427482E+01    1
    0.306257489323616028E+03    0.129699707031250000E+00   -0.273724496364593506E+01    0.215957219624519359E+00   -0.221367109510464708E+02   -0.573483259141427482E+01    1
    0.155503877997398376E+03    0.360984086990356445E+00   -0.182013809680938721E+01    0.394795133686065669E+00   -0.219454237005057031E+02   -0.574264509141427038E+01    1
    0.254141376912593842E+03   -0.788016676902770996E+00    0.266185283660888672E+01    0.520201422214508075E-01   -0.216887796040174301E+02   -0.575045759141426860E+01    1
    0.266808444261550903E+03   -0.149443703889846802E+01    0.235779881477355957E+01    0.130005763721466078E+00   -0.216336275867316310E+02   -0.575827009141427304E+01    1
    0.253724843263626099E+03   -0.876918315887451172E+00   -0.256363749504089355E+01    0.359856017303466835E+00   -0.214425769371613377E+02   -0.576608259141427304E+01    1
    0.185730294883251190E+03   -0.131601202487945557E+01   -0.224932372570037842E+01    0.494627921175956720E+00   -0.212146581270674375E+02   -0.577389509141427215E+01    1
    0.158513034880161285E+03   -0.181857573986053467E+01    0.382261931896209717E+01    0.450410940170288127E-01   -0.209124801476224143E+02   -0.578170759141427126E+01    1
    0.231238315999507904E+03   -0.174423849582672119E+01   -0.266970515251159668E+01    0.494550917530059808E+00   -0.207892040424968947E+02   -0.578952009141427215E+01    1
    0.198420523107051849E+03   -0.793279170989990234E+00   -0.161855340003967285E+01    0.265784446763992321E+00   -0.206852549280187041E+02   -0.579733259141427038E+01    1
    0.215932504832744598E+03   -0.100384777784347534E+01   -0.186342120170593262E+01    0.294348807621002184E+00   -0.203838558477128906E+02   -0.580514509141426771E+01    1
    0.143928469717502594E+03    0.711362123489379883E+00    0.234721302986145020E+01    0.330757305049896255E+00   -0.202696169692592747E+02   -0.581295759141427393E+01    1
    0.148508542776107788E+03   -0.992337524890899658E+00    0.287431478500366211E+01    0.321878344559669516E+00   -0.200991588697440200E+02   -0.582077009141427482E+01    1
    0.284087918698787689E+03   -0.686721622943878174E+00   -0.209200084209442139E+01    0.170061101961135858E+00   -0.200910600124333492E+02   -0.582858259141427570E+01    1
    0.340295673906803131E+03    0.928085505962371826E+00   -0.300949871540069580E+01    0.209886213970184338E+00   -0.199299034232562633E+02   -0.583639509141427126E+01    1
    0.248601046204566956E+03   -0.151083928346633911E+01    0.115839838981628418E+01    0.482648412466049226E+00   -0.197883239561275452E+02   -0.584420759141426860E+01    1
    0.320105305314064026E+03   -0.614661574363708496E+00    0.133229434490203857E+01    0.227355021572113042E+00   -0.196480009949554031E+02   -0.585202009141427393E+01    1
    0.283100356161594391E+03    0.145952641963958740E+00    0.222978770732879639E+01    0.952688970565795934E-02   -0.195597522930009582E+02   -0.585983259141427748E+01    1
    0.166453902423381805E+03   -0.169883406162261963E+01    0.334341824054718018E+01    0.117413808202743539E+00   -0.193943606421485093E+02   -0.586764509141427215E+01    1
    0.127998991310596466E+03   -0.190142560005187988E+01    0.426002204418182373E+01    0.251008003234863275E-01   -0.190226761329930412E+02   -0.587545759141427215E+01    1
    0.286192286014556885E+03   -0.187844532728195190E+01    0.181463479995727539E+01    0.190799067449569704E+00   -0.186274083569068765E+02   -0.588327009141427304E+01    1
    0.210843053460121155E+03   -0.114203929901123047E+00   -0.196011543273925781E+01    0.339265133213996872E+00   -0.185639295217799578E+02   -0.589108259141427215E+01    1
    0.282952606678009033E+03   -0.526978194713592529E+00    0.143050849437713623E+01    0.254347341227531443E+00   -0.185249960751007308E+02   -0.589889509141427570E+01    1
    0.244500270485877991E+03   -0.187748348712921143E+01   -0.183471679687500000E+01    0.275311336469650281E+00   -0.184727895235943897E+02   -0.590670759141427304E+01    1
    0.309178227186203003E+03   -0.112767124176025391E+01   -0.340805709362030029E+01    0.554605811905860890E+00   -0.175659422429982044E+02   -0.591452009141427748E+01    1
    0.309457418322563171E+03    0.767002403736114502E+00   -0.203395485877990723E+01    0.651281961679458649E-01   -0.171192324536831464E+02   -0.592233259141427659E+01    1
    0.221397358179092407E+03   -0.190446794033050537E+01   -0.118336141109466553E+01    0.186201809906959531E+00   -0.170839310165793421E+02   -0.593014509141427659E+01    1
    0.227112225763733989E+03    0.636261784938713770E+00    0.500354243269955035E+00    0.499276315867381693E+00   -0.169252461050813459E+02   -0.593795759141427748E+01    1
    0.202552962303161621E+03   -0.156185668706893921E+01   -0.163573324680328369E+01    0.370896265769004807E+00   -0.169066048879925788E+02   -0.594577009141426949E+01    1
    0.348419991135597229E+03    0.663328588008880615E+00   -0.303868234157562256E+01    0.286946085834503206E+00   -0.167424641614167307E+02   -0.595358259141426593E+01    1
    0.152717424929141998E+03   -0.171999830007553101E+01   -0.107049942016601562E-02    0.985446737766265957E-01   -0.165305107765595132E+02   -0.596139509141426860E+01    1
    0.244737534575124357E+03   -0.105831973931788093E+01    0.674815966809384271E+00    0.538075322195159411E+00   -0.163872191598478096E+02   -0.596920759141426593E+01    1
    0.349412073194980621E+03   -0.138405734300613403E+01   -0.183482050895690918E+01    0.759610772609710660E-01   -0.163217267981632759E+02   -0.597702009141426682E+01    1
    0.161877182126045227E+03   -0.170956397056579590E+01   -0.760673880577087402E+00    0.287232538032531737E+00   -0.162136783119969436E+02   -0.598483259141427570E+01    1
    0.269510903954505920E+03    0.354690551757812500E+00    0.164973139762878418E+00    0.528911909508705147E+00   -0.161641290397252106E+02   -0.599264509141427126E+01    1
    0.185841593146324158E+03   -0.188394117355346680E+01   -0.107997536659240723E+01    0.291051912045478811E+00   -0.161081729996112770E+02   -0.600045759141427215E+01    1
    0.223616832494735718E+03   -0.432872712612152100E+00    0.189563035964965820E+01    0.208673500370979315E+00   -0.158278795521881221E+02   -0.600827009141427126E+01    1
    0.172530460357666016E+03    0.389511704444885254E+00    0.141462981700897217E+01    0.456354277396202102E+00   -0.155361773237195351E+02   -0.601608259141427038E+01    1
    0.315358452498912811E+03    0.505239009857177734E+00    0.903194546699523926E+00    0.163855809044837958E+00   -0.154127104140583224E+02   -0.602389509141427926E+01    1
    0.133816246688365936E+03   -0.944782495498657227E+00   -0.383684039115905762E+00    0.302531528234481817E+00   -0.152586338603551468E+02   -0.603170759141427570E+01    1
    0.341209100186824799E+03   -0.115978068113327026E+01   -0.201780676841735840E+01    0.160678871297836312E+00   -0.151810379303375189E+02   -0.603952009141427215E+01    1
    0.145892289280891418E+03    0.835478305816650391E-03   -0.474688410758972168E+00    0.234729800963401791E+00   -0.148449669957829578E+02   -0.604733259141427837E+01    1
    0.141972951591014862E+03   -0.168415594100952148E+01   -0.505436062812805176E+00    0.346529030084610001E+00   -0.144752771805924123E+02   -0.605514509141427748E+01    1
    0.314890447258949280E+03   -0.577814280986785889E+00   -0.155594348907470703E+00    0.530038339447975182E+00   -0.143526680574110941E+02   -0.606295759141427126E+01    1
    0.193763819336891174E+03   -0.177407431602478027E+01   -0.827165246009826660E+00    0.240370548319816607E+00   -0.143072791915496129E+02   -0.607077009141427482E+01    1
    0.330265499651432037E+03   -0.194584155082702637E+01   -0.207193255424499512E+01    0.251065866851806652E+00   -0.141735353645422979E+02   -0.607858259141427482E+01    1
    0.255883136391639709E+03   -0.427946746349334717E+00   -0.178526401519775391E+01    0.281522190570831332E+00   -0.141070751638262397E+02   -0.608639509141426860E+01    1
    0.325061397254467010E+03   -0.228271484375000000E-01   -0.231830120086669922E+01    0.252495569014549281E+00   -0.140697185323496061E+02   -0.609420759141427393E+01    1
    0.223200942575931549E+03   -0.627201616764068604E+00   -0.475124120712280273E+00    0.603736560344696107E-02   -0.140215269132256708E+02   -0.610202009141427393E+01    1
    0.294125752454337260E+03    0.974892470250535936E+00   -0.230897429987871616E+01    0.283661949849915884E+00   -0.139373750807425481E+02   -0.610983259141426860E+01    1
    0.236436718702316284E+03   -0.778353214263916016E+00    0.966634750366210938E+00    0.400144822955131541E+00   -0.138995851604342704E+02   -0.611764509141427482E+01    1
    0.327339874338407299E+03   -0.208023095756990406E+00   -0.247129076981489249E+01    0.307461947321885865E+00   -0.138582685326547690E+02   -0.612545759141427215E+01    1
    0.267373263835906982E+03    0.443569302558898926E+00    0.567036867141723633E-01    0.488572916722297690E+00   -0.138444685053669883E+02   -0.613327009141427215E+01    1
    0.128444170951843262E+03   -0.789509415626525879E-01    0.356698274612426758E+01    0.222120547771453881E-01   -0.137250016286936862E+02   -0.614108259141427126E+01    1
    0.262967787382068877E+03    0.934528263692611993E+00   -0.393681601984496865E+00    0.438868913085998180E+00   -0.136305836643965677E+02   -0.614889509141426327E+01    1
    0.216503708064556122E+03    0.389004051685333252E+00    0.951006412506103516E+00    0.384989127087593086E+00   -0.135833643106786344E+02   -0.615670759141427038E+01    1
    0.317254774272441864E+03   -0.166233491897583008E+01   -0.305144786834716797E+01    0.559729642009735073E+00   -0.135053331611780845E+02   -0.616452009141426771E+01    1
    0.329909785091876984E+03    0.739494740962982178E+00   -0.240239441394805908E+01    0.231324922871589678E+00   -0.134802249965456831E+02   -0.617233259141426593E+01    1
    0.156945451190135515E+03    0.707523701230422297E+00    0.128433294742087689E+01    0.401638114396949131E+00   -0.134196461382137944E+02   -0.618014509141427659E+01    1
    0.337038560211658478E+03    0.829187631607055664E+00   -0.205607175827026367E+01    0.127138546442985528E+00   -0.133973235748010637E+02   -0.618795759141427215E+01    1
    0.247706167399883270E+03    0.199441432952880859E+00   -0.256538927555084229E+01    0.508265618276596109E+00   -0.133948268537295050E+02   -0.619577009141426949E+01    1
    0.295322512090206146E+03   -0.194317150115966797E+01    0.184036910533905029E+01    0.354429665565490701E-01   -0.133716716470454529E+02   -0.620358259141426771E+01    1
    0.170454779267311096E+03    0.851292788982391357E+00    0.932247042655944824E+00    0.383657752132415764E+00   -0.132691807371938211E+02   -0.621139509141426327E+01    1
    0.206541840021095766E+03    0.145288450843637396E+00    0.881975270526518251E+00    0.451121300102457268E+00   -0.132463024147148207E+02   -0.621920759141426949E+01    1
    0.291404800227895976E+03    0.592748868801628248E+00    0.939010113763205645E+00    0.117650401450010475E+00   -0.130585913609887445E+02   -0.622702009141427304E+01    1
    0.217578013241291046E+03   -0.129861342906951904E+01   -0.208146512508392334E+01    0.544709461641311621E+00   -0.129664334050640999E+02   -0.623483259141427393E+01    1
    0.169272390168254475E+03   -0.909311789240937252E+00    0.292748244775194166E+01    0.354586031369536689E-01   -0.129076704679242251E+02   -0.624264509141427482E+01    1
    0.185715931653976440E+03   -0.866280853748321533E+00    0.159394145011901855E+01    0.346323641538619997E+00   -0.127110988335455932E+02   -0.625045759141427126E+01    1
    0.222613324224948883E+03   -0.136207771301269531E+01   -0.192075192928314209E+01    0.504162657952308635E+00   -0.122879455036047549E+02   -0.625827009141426860E+01    1
    0.178839771441150106E+03   -0.105658209180621920E+01   -0.114446289071931417E+01    0.411464475130276675E+00   -0.122709864118752581E+02   -0.626608259141427304E+01    1
    0.138272508978843689E+03   -0.130486565828323364E+01   -0.115305185317993164E-01    0.273318453454971300E+00   -0.122215513240534719E+02   -0.627389509141427126E+01    1
    0.167431693529514604E+03   -0.270930702615051588E+00   -0.324376376722518067E+00    0.193808170767283766E+00   -0.121747694001762934E+02   -0.628170759141427304E+01    1
    0.234635816514492035E+03   -0.142505043745040894E+01    0.976019501686096191E+00    0.370047690367698690E+00   -0.120614402399306879E+02   -0.628952009141427304E+01    1
    0.213484103977680206E+03    0.632042586803436279E+00    0.177896142005920410E+01    0.342614024162292488E-01   -0.119945745524412484E+02   -0.629733259141426682E+01    1
    0.184604088466371962E+03   -0.873382172047390881E+00    0.137016120271634012E+01    0.390151025508328753E+00   -0.119471779025848157E+02   -0.630514509141426771E+01    1
    0.339138488471508026E+03   -0.174103826284408569E+01   -0.168740034103393555E+01    0.187971324348449709E+00   -0.118626449113106638E+02   -0.631295759141427393E+01    1
    0.289794211089611053E+03   -0.373421370983123779E+00    0.249379873275756836E-01    0.451785132837295544E+00   -0.116890083230538355E+02   -0.632077009141427393E+01    1
    0.125276067073701896E+03   -0.170964988934921225E+01    0.690181292389802081E-02    0.373665263309861218E+00   -0.116190568437496040E+02   -0.632858259141427215E+01    1
    0.248909473419189453E+03    0.452733159065246582E+00    0.970449447631835938E+00    0.199588161921501167E+00   -0.113973222755164727E+02   -0.633639509141427126E+01    1
    0.226050508022308350E+03   -0.191951370239257812E+01   -0.448948144912719727E+00    0.124952045488357547E+00   -0.112879444446128741E+02   -0.634420759141426949E+01    1
    0.274716085836765899E+03   -0.314563800088208723E+00    0.115349889874426559E+01    0.145935149018268900E+00   -0.112492690113290514E+02   -0.635202009141426949E+01    1
    0.240392910505866496E+03   -0.951859667178462487E+00   -0.161950309025320927E+01    0.386868359422327057E+00   -0.111754791071274706E+02   -0.635983259141426771E+01    1
    0.342184887826442719E+03   -0.182545489072799683E+01   -0.281393766403198242E+01    0.524834571576118458E+00   -0.111205411900193116E+02   -0.636764509141426682E+01    1
    0.301545746841925848E+03    0.984559303551881371E+00    0.782556812686250325E-01    0.537919926271653720E-01   -0.110345447763501561E+02   -0.637545759141426593E+01    1
    0.239091278404599450E+03   -0.133585767079317463E+00    0.111615991827349159E+01    0.230437094257489344E+00   -0.109668852059378565E+02   -0.638327009141426771E+01    1
    0.181794749928947226E+03   -0.114050770198741858E+01    0.238692617287248154E+01    0.767460573915636629E-01   -0.108610259846464370E+02   -0.639108259141427304E+01    1
    0.224573348462581635E+03    0.991149425506591797E+00   -0.154256820678710938E-01    0.264295482158660888E+00   -0.108517224496086495E+02   -0.639889509141427215E+01    1
    0.327775918274199000E+03    0.196860836057446420E-01   -0.242613795362898532E+01    0.376806900417014423E+00   -0.107549437546370985E+02   -0.640670759141427126E+01    1
    0.191089831292629242E+03    0.990242838859558105E+00    0.189995765686035156E+00    0.305591612863540640E+00   -0.107483619917901656E+02   -0.641452009141427126E+01    1
    0.173096768558025360E+03    0.467616915702819824E+00    0.553585290908813477E+00    0.531750433802604672E+00   -0.106631369213434510E+02   -0.642233259141426949E+01    1
    0.317743687331676483E+03   -0.169203162193298340E+00   -0.177663505077362061E+01    0.231101997828483591E+00   -0.106382649164045997E+02   -0.643014509141427215E+01    1
    0.191338249427840822E+03    0.844489461185774282E+00   -0.720050308642504078E+00    0.238173642577851619E+00   -0.106110253521071147E+02   -0.643795759141427748E+01    1
    0.233314737820395152E+03    0.552348945578991390E+00   -0.578014221315907406E+00    0.461508692137007834E-01   -0.105573555493143374E+02   -0.644577009141427570E+01    1
    0.183945766197914054E+03    0.487105023918243507E+00    0.814595458874308953E+00    0.393460779544953509E+00   -0.104716938748793300E+02   -0.645358259141426771E+01    1
    0.235523614287376404E+03   -0.114728552103042603E+01   -0.576993227005004883E+00    0.141386029171943678E+00   -0.103099390415884269E+02   -0.646139509141426860E+01    1
    0.133461149036884308E+03   -0.953080356121063232E+00   -0.303468704223632812E+00    0.440627007722854624E+00   -0.102761959608464792E+02   -0.646920759141426949E+01    1
    0.235639257729053497E+03    0.438801407814025879E+00    0.160570383071899414E+01    0.232157292366027852E-02   -0.100218402717119517E+02   -0.647702009141426327E+01    1
    0.136095683200144919E+03   -0.482225392424098676E+00    0.204861351318605678E+01    0.316943820371063667E+00   -0.996310429132647180E+01   -0.648483259141426416E+01    1
    0.278100450336933136E+03   -0.370758652687072754E+00   -0.227407157421112061E+01    0.495864585399627689E+00   -0.993606357934412188E+01   -0.649264509141426593E+01    1
    0.179070997001585766E+03   -0.172416842325335162E+01   -0.416901867138465221E+00    0.315533554359743229E+00   -0.983144768473361630E+01   -0.650045759141426771E+01    1
    0.317210987210273743E+03   -0.924512147903442383E+00    0.110844016075134277E+01    0.368354463100433391E-01   -0.979037928349430864E+01   -0.650827009141426682E+01    1
    0.231158191964830024E+03   -0.144774954028225267E+00   -0.272172075474061081E+00    0.435436348619390526E-01   -0.978333262373706347E+01   -0.651608259141426682E+01    1
    0.202823379009428891E+03   -0.193135907847649957E+01    0.110551666555661487E+01    0.361458688681526918E+00   -0.967151080110603978E+01   -0.652389509141426860E+01    1
    0.246005915105342865E+03    0.848750948905944824E+00   -0.135262012481689453E+01    0.318495438265800512E+00   -0.965477207362697420E+01   -0.653170759141427215E+01    1
    0.219282127916812897E+03    0.471400797367095947E+00   -0.161737501621246338E+01    0.434368627667427065E+00   -0.959011903061856508E+01   -0.653952009141427570E+01    1
    0.256341311335563660E+03   -0.802284955978393555E+00    0.363928079605102539E-01    0.467344509315490764E+00   -0.954387849753918260E+01   -0.654733259141427926E+01    1
    0.254507552087306976E+03   -0.154448956251144409E+01   -0.569626092910766602E+00    0.140085906028747570E+00   -0.952968196979825422E+01   -0.655514509141427837E+01    1
    0.297583127825946349E+03   -0.608185148479832405E+00   -0.159988268480060025E+01    0.291442329825358837E+00   -0.950548949427926892E+01   -0.656295759141427215E+01    1
    0.149526604152511737E+03   -0.158340716932160674E+00   -0.646308967625678576E+00    0.459561534414924810E+00   -0.950042357951793548E+01   -0.657077009141427215E+01    1
    0.128547650575637817E+03   -0.153673386573791504E+01    0.182334959506988525E+01    0.436587983965873727E+00   -0.938348004609246722E+01   -0.657858259141427482E+01    1
    0.185387052595615387E+03   -0.667017757892608643E+00    0.155088841915130615E+01    0.228080909729003911E+00   -0.935104269875050775E+01   -0.658639509141427038E+01    1
    0.142528551556701530E+03    0.673235911054135716E+00    0.433892823997514832E+00    0.144164592727184487E+00   -0.932787165134973506E+01   -0.659420759141426860E+01    1
    0.234963839324815183E+03    0.401638629205656184E+00    0.183320493592109557E-01    0.437848601696802064E+00   -0.931249536537320211E+01   -0.660202009141426860E+01    1
    0.317479207888250244E+03   -0.164730985424047449E+01   -0.223520264008841885E+01    0.478021730877794204E+00   -0.925308250205483951E+01   -0.660983259141427215E+01    1
    0.340750389402250676E+03   -0.108861620320594144E+01   -0.209111015134912037E+01    0.371629282772001246E+00   -0.923093116278014136E+01   -0.661764509141427659E+01    1
    0.254545303573455243E+03   -0.107572062811675906E+01    0.137427715590461119E+01    0.870195099659443888E-01   -0.921986810068983154E+01   -0.662545759141427837E+01    1
    0.304746468444690493E+03   -0.102069962136607240E+00   -0.175485716461753816E+01    0.307747645851272456E+00   -0.920103383189711543E+01   -0.663327009141427837E+01    1
    0.258921864628791809E+03    0.897809088230133057E+00   -0.919882059097290039E+00    0.283207980179786711E+00   -0.916208565213212900E+01   -0.664108259141427570E+01    1
    0.172820969615058175E+03   -0.179967049355353614E+01    0.123373973136823523E+01    0.400763495291311278E+00   -0.914774897413590971E+01   -0.664889509141427126E+01    1
    0.315337275248248488E+03   -0.157203956458753047E+01   -0.137584946846955836E+01    0.244603686830323075E+00   -0.911408143900859180E+01   -0.665670759141426949E+01    1
    0.160072367246085662E+03   -0.183587655113505388E+01    0.475266750902019197E-01    0.300357550133520390E+00   -0.908696175495822800E+01   -0.666452009141427482E+01    1
    0.154083843833247897E+03    0.839584626321488336E+00    0.869346505312122986E+00    0.408084489334039763E-01   -0.903432292860239272E+01   -0.667233259141427837E+01    1
    0.237555213272571564E+03   -0.125937342643737793E+01    0.153553485870361328E-01    0.291232087612152100E-01   -0.897387699354951529E+01   -0.668014509141427837E+01    1
    0.152517904529165492E+03    0.402252453557876422E+00    0.189350079297668294E+01    0.169801543023791995E+00   -0.890608235023841566E+01   -0.668795759141427659E+01    1
    0.128799568163301217E+03    0.519662575489874712E+00    0.638209232323005970E+00    0.172566011987332180E+00   -0.889491439549784602E+01   -0.669577009141427304E+01    1
    0.335811489820480347E+03   -0.192535877227783203E+00   -0.162279427051544189E+01    0.230437248587608334E+00   -0.880959948234217372E+01   -0.670358259141426682E+01    1
    0.190496794048018842E+03   -0.185491384480045274E+01    0.752998037337175852E+00    0.454503096938940365E+00   -0.872608515209408253E+01   -0.671139509141426149E+01    1
    0.212317230042853737E+03   -0.156593966579533372E+01    0.355753918573030958E+00    0.491636344535257452E+00   -0.872002091493815357E+01   -0.671920759141426238E+01    1
    0.199956691265106201E+03   -0.137780886888504028E+01    0.332951545715332031E+00    0.531850023365020741E+00   -0.871568114058341692E+01   -0.672702009141426149E+01    1
    0.145544944008140391E+03   -0.100792289919149058E+01    0.939901712970570458E+00    0.553971375156933732E+00   -0.864718623521069141E+01   -0.673483259141427038E+01    1
    0.265309055350773178E+03   -0.116815084466769714E+01    0.101232576141835828E+01    0.135144583912473248E+00   -0.861328085492576889E+01   -0.674264509141428192E+01    1
    0.135816533433355573E+03   -0.505689713344140479E+00    0.593463154491688627E+00    0.223336838689594835E+00   -0.857286360189440977E+01   -0.675045759141427837E+01    1
    0.327666348720053293E+03    0.333108665629617828E+00   -0.181288752355208693E+00    0.241855473038590535E+00   -0.853974946893376163E+01   -0.675827009141426771E+01    1
    0.210341881283630556E+03   -0.109649489661461441E+01    0.193871543164344384E+01    0.176968004143382360E-01   -0.853476428725747560E+01   -0.676608259141426949E+01    1
    0.238452154002766349E+03    0.250191833556984378E+00   -0.170252109475032709E+01    0.466010272989130170E+00   -0.853309232034742138E+01   -0.677389509141427126E+01    1
    0.167493510741962950E+03    0.808932004632200385E+00    0.689559707835021740E+00    0.930491740244562687E-01   -0.851271925686223518E+01   -0.678170759141426238E+01    1
    0.192796967388445694E+03    0.111001583780738322E+00   -0.117665150826557952E+01    0.470963341073885822E+00   -0.850849973981860686E+01   -0.678952009141426061E+01    1
    0.215678253311117828E+03   -0.328905329192439311E+00   -0.378996040243499976E-01    0.951946103701872132E-01   -0.850168869186552456E+01   -0.679733259141426327E+01    1
    0.241400481760501862E+03    0.337888479232788086E+00   -0.489748120307922363E+00    0.110394330525398252E+00   -0.847919620981986810E+01   -0.680514509141427482E+01    1
    0.234960508366746751E+03    0.673881500588839888E+00   -0.177900315852901292E+01    0.506989976260553310E+00   -0.847233884752765043E+01   -0.681295759141427570E+01    1
    0.344363561647263509E+03   -0.297256650873966688E+00   -0.703291617428440041E+00    0.405972951948635086E+00   -0.846416458383053083E+01   -0.682077009141426860E+01    1
    0.147003681446134379E+03   -0.878644926915973068E+00    0.111233540394802599E+01    0.476931482064083478E+00   -0.836460171864338164E+01   -0.682858259141427482E+01    1
    0.266172542932808824E+03   -0.150950656571430186E+01    0.131312813409957041E+01    0.434388273980492873E-01   -0.833142670351586290E+01   -0.683639509141427926E+01    1
    0.248758198933083293E+03   -0.141910601700001404E+01    0.915902970650250836E-03    0.458703551572610835E+00   -0.831931262294120799E+01   -0.684420759141426682E+01    1
    0.143904705345630646E+03   -0.861845552921295166E+00    0.210082948207855225E+01    0.193767000174522419E+00   -0.824555513141476659E+01   -0.685202009141426238E+01    1
    0.299512325691517276E+03    0.739974504614808737E+00   -0.106452706821652754E+01    0.204579212187039478E+00   -0.824184746442751148E+01   -0.685983259141427304E+01    1
    0.257876527912777419E+03    0.177128795532638605E+00   -0.190506422062140901E+01    0.494511513789211488E+00   -0.823086396565912892E+01   -0.686764509141426860E+01    1
    0.274277886748313904E+03   -0.150019913911819458E+01   -0.109274148941040039E+01    0.301105135488510145E+00   -0.819438948459296412E+01   -0.687545759141427038E+01    1
    0.215528939761025697E+03   -0.114505838978680097E+01   -0.380600127600419391E+00    0.248447196942614162E+00   -0.818189422038083869E+01   -0.688327009141427482E+01    1
    0.345959968535046755E+03    0.444605007693732457E+00   -0.748550065056522662E+00    0.324386308642131582E+00   -0.817914350670774049E+01   -0.689108259141427215E+01    1
    0.156332921981811523E+03    0.772443711757659912E+00    0.843881368637084961E+00    0.148239319539070130E+00   -0.817671038157955010E+01   -0.689889509141426771E+01    1
    0.205522612250148427E+03   -0.121010470812153925E+01    0.584521874294747334E+00    0.405149356316606812E+00   -0.815908173247911073E+01   -0.690670759141425794E+01    1
    0.206536330595066914E+03    0.347957826005903748E+00   -0.842338272136542443E-01    0.505225629785834185E+00   -0.814910444256319977E+01   -0.691452009141426860E+01    1
    0.210600206255912781E+03   -0.449279785156250000E+00    0.673264861106872559E+00    0.333824588513374321E+00   -0.813379510032910957E+01   -0.692233259141427748E+01    1
    0.202621205614344234E+03    0.590548901108595814E+00   -0.306973956546746862E+00    0.494110718783539404E+00   -0.811156041641038428E+01   -0.693014509141427659E+01    1
    0.210625325143337250E+03    0.571359932422637939E+00   -0.564771890640258789E-01    0.404128473687171974E+00   -0.809187541184511971E+01   -0.693795759141427570E+01    1
    0.195801575674719061E+03   -0.335267467249797058E+00    0.909385616623383797E-01    0.540604963207680145E+00   -0.806250436377375301E+01   -0.694577009141427482E+01    1
    0.236559051338606650E+03   -0.166075782328255617E+01    0.107466417092829403E+01    0.173912244064986149E+00   -0.805797357261443992E+01   -0.695358259141427304E+01    1
    0.327559761844299828E+03    0.181229990704943944E+00   -0.104655533591214045E+01    0.102883712488477205E+00   -0.804879763065726372E+01   -0.696139509141427038E+01    1
    0.275355061888694763E+03   -0.852156162261962891E+00    0.105935692787170410E+01    0.512381304502487200E-01   -0.801595793735498141E+01   -0.696920759141427393E+01    1
    0.210446070261363985E+03   -0.397637878075052242E+00    0.939653713651782851E+00    0.247630530615969874E+00   -0.800555101583110407E+01   -0.697702009141427038E+01    1
    0.288765050357146606E+03    0.720781901827699301E+00   -0.141528627753608749E+01    0.359554010890467179E+00   -0.798468695603022116E+01   -0.698483259141426505E+01    1
    0.210657954216003418E+03   -0.490715086460113525E+00    0.108837187290191650E+01    0.204911921739578257E+00   -0.795286019210481321E+01   -0.699264509141427038E+01    1
    0.129570409537759446E+03   -0.529216661392160947E+00    0.209947996873878306E+01    0.235742943481365513E+00   -0.792702840267009368E+01   -0.700045759141427126E+01    1
    0.180945997078161923E+03    0.660777589848215552E+00   -0.417014985821857920E+00    0.338263994938762691E+00   -0.790741103564764281E+01   -0.700827009141426593E+01    1
    0.180353739857673645E+03    0.224246144294738770E+00    0.127238929271697998E+01    0.192019150471687328E+00   -0.790464976415240628E+01   -0.701608259141426682E+01    1
    0.162585432827472687E+03    0.698036193847656250E+00    0.684873461723327637E+00    0.117642362666130068E+00   -0.790330485103146074E+01   -0.702389509141426949E+01    1
    0.296074295043945312E+03    0.180451214313507080E+00    0.832400918006896973E+00    0.502683348655700701E-02   -0.789813641052478221E+01   -0.703170759141427393E+01    1
    0.270472614576081241E+03   -0.815656524519277948E+00   -0.999823027684939802E+00    0.280478636670799197E+00   -0.779107142435240174E+01   -0.703952009141427126E+01    1
    0.176887024206127506E+03   -0.123160004992384442E+00    0.133157446704797788E+01    0.213512326211652087E+00   -0.775240440735526093E+01   -0.704733259141426593E+01    1
    0.150215712268258159E+03    0.558535555797446293E+00    0.132009718136272092E+01    0.208811964526999433E+00   -0.774581226914217069E+01   -0.705514509141426505E+01    1
    0.257035480439662933E+03    0.167410671710968018E+00   -0.761472582817077637E+00    0.202616073560714732E+00   -0.774269997020401757E+01   -0.706295759141427038E+01    1
    0.204002281388021771E+03   -0.786497552898641317E+00    0.105737146605477683E+01    0.230550745471393065E+00   -0.771450592764015219E+01   -0.707077009141427748E+01    1
    0.253410121126871417E+03   -0.938876709466669901E+00    0.701962606121522725E+00    0.192927480872138291E+00   -0.770225150973925388E+01   -0.707858259141427659E+01    1
    0.172736386954784393E+03   -0.418756783008575439E+00   -0.416243076324462891E+00    0.405239243602752708E+00   -0.766702508541112060E+01   -0.708639509141427038E+01    1
    0.258675406612304528E+03    0.664045835280102636E+00    0.364392175672263008E+00    0.159854635430392890E-01   -0.766266568323851072E+01   -0.709420759141427215E+01    1
    0.276826642453670502E+03    0.277164340019226074E+00    0.872455835342407227E+00    0.392592358589172359E-02   -0.762237179488292860E+01   -0.710202009141427038E+01    1
    0.251806529268683477E+03    0.208441567363826685E+00   -0.143316261548426072E+01    0.415425957059429973E+00   -0.760347658017064632E+01   -0.710983259141426949E+01    1
    0.255136230395309013E+03    0.405361064297274254E+00   -0.263049335740372037E+00    0.363340213146572777E+00   -0.758594008030929068E+01   -0.711764509141427482E+01    1
    0.232024426979626895E+03    0.845942919372522084E-01   -0.158450410752077842E+01    0.518658049525444365E+00   -0.757871963824349937E+01   -0.712545759141426949E+01    1
    0.220449942163518870E+03    0.665397214505174972E+00   -0.643916922970537264E+00    0.360626544553411199E+00   -0.756165394910512845E+01   -0.713327009141426505E+01    1
    0.242990589141845703E+03   -0.118091773986816406E+01   -0.124794423580169678E+01    0.456375566840171831E+00   -0.755836087446199567E+01   -0.714108259141426771E+01    1
    0.223283449020984335E+03   -0.185561268731941009E+00    0.820030568033756069E+00    0.197208190645072029E+00   -0.752992627347860299E+01   -0.714889509141426682E+01    1
    0.214555056976287517E+03   -0.262227760327649051E+00   -0.678920930213534390E+00    0.341288197496867118E+00   -0.752122244484210878E+01   -0.715670759141426238E+01    1
    0.179384427715115294E+03   -0.470072954443119251E+00    0.104983793341620490E+01    0.281021938849774833E+00   -0.749807125713028011E+01   -0.716452009141426149E+01    1
    0.273062689756161831E+03   -0.691532106089445264E-01    0.181690885029848204E+00    0.235523093097375041E+00   -0.749465882268945460E+01   -0.717233259141426416E+01    1
    0.224378177523612976E+03    0.403063833713531494E+00   -0.423200726509094238E+00    0.201088828897476202E+00   -0.748802097575772940E+01   -0.718014509141426682E+01    1
    0.196176399290561676E+03   -0.570239365100860596E+00    0.810378789901733398E+00    0.302532347059249862E+00   -0.748460291558191315E+01   -0.718795759141426505E+01    1
    0.199956915840990632E+03   -0.376723219191497538E+00    0.630921548916507646E+00    0.333733473235442502E+00   -0.748361747724986071E+01   -0.719577009141426505E+01    1
    0.308574175502569631E+03    0.320871071381181316E-01   -0.132788811138869534E+01    0.266786475673398860E+00   -0.747697779853859856E+01   -0.720358259141426771E+01    1
    0.301714471942553871E+03   -0.169930877214380605E+01   -0.167501351440739032E+01    0.458976679415627475E+00   -0.747383607047389464E+01   -0.721139509141426771E+01    1
    0.231461218729926202E+03   -0.108556306212851950E+01    0.740447754870565689E-01    0.113408348875658122E+00   -0.743811215333339248E+01   -0.721920759141426682E+01    1
    0.142474616249229172E+03    0.643500880410906362E+00    0.158750323683201344E+01    0.261883064383850762E-01   -0.743154445436521627E+01   -0.722702009141426416E+01    1
    0.248606263167013708E+03    0.269359503064213968E+00   -0.123507983920613462E+01    0.381509865532234038E+00   -0.738460075626191870E+01   -0.723483259141426949E+01    1
    0.191991608306897092E+03   -0.884793167106202594E+00   -0.690528168467618997E-02    0.260245995815738429E+00   -0.736531013880866414E+01   -0.724264509141427215E+01    1
    0.180556053625282345E+03    0.613851946677284488E+00    0.114262880839199887E+00    0.318196989783831430E+00   -0.735698321388969312E+01   -0.725045759141426771E+01    1
    0.231511609240529879E+03   -0.138099161514512447E+01   -0.757865637066702291E+00    0.371319669998719903E+00   -0.734925487281614487E+01   -0.725827009141427038E+01    1
    0.232854941562123400E+03    0.528548332119903819E+00   -0.753883281794617055E+00    0.481062128134699729E+00   -0.733479723959580276E+01   -0.726608259141427482E+01    1
    0.304175665974617004E+03   -0.197950309514999390E+01   -0.182146191596984863E+01    0.517282721328735318E+00   -0.732355092583708966E+01   -0.727389509141427393E+01    1
    0.248827147680218246E+03   -0.111150918759403594E+01   -0.147277972166144444E+01    0.523749329762638105E+00   -0.729180508381766579E+01   -0.728170759141427215E+01    1
    0.162663494869561305E+03    0.370972825882165846E+00   -0.454449624905587157E+00    0.446253020517523413E+00   -0.728337619084942567E+01   -0.728952009141427304E+01    1
    0.228905054009423054E+03   -0.701956629255744868E+00   -0.116223744037889665E+01    0.471604361211993950E+00   -0.727089488016768559E+01   -0.729733259141427304E+01    1
    0.233089880982724708E+03   -0.992868699997108806E+00   -0.849690218246442974E+00    0.382940771800677704E+00   -0.726766124517891665E+01   -0.730514509141427570E+01    1
    0.139305272121756360E+03   -0.181140029043215400E+01    0.637125504626972372E+00    0.340587487127496091E+00   -0.725243520879311632E+01   -0.731295759141427038E+01    1
    0.221464467048645020E+03   -0.173339915275573730E+01    0.570587515830993652E+00    0.468594991207122794E-01   -0.724563601680918445E+01   -0.732077009141426949E+01    1
    0.163298303880513515E+03   -0.666106472689165230E-02    0.123785251318013767E+01    0.250404672147170215E+00   -0.723830130978662822E+01   -0.732858259141427482E+01    1
    0.211681945145792554E+03   -0.180195312771580518E-01   -0.989881123085870840E+00    0.451788498709124464E+00   -0.721313798275702922E+01   -0.733639509141427215E+01    1
    0.285269324481487274E+03    0.583582222461700439E+00   -0.288847684860229492E+00    0.114047994875907902E+00   -0.721270699855834874E+01   -0.734420759141426949E+01    1
    0.221489654754820435E+03    0.541222862395610349E+00   -0.287279626009933509E+00    0.222186294621991409E+00   -0.719392822579383662E+01   -0.735202009141427038E+01    1
    0.185690053319664912E+03   -0.144546214496511860E+01    0.166705337295513267E+01    0.875963864729095293E-01   -0.718754237513315353E+01   -0.735983259141427304E+01    1
    0.245297745419576643E+03   -0.253712708638482054E+00    0.428021849597275406E-01    0.332819451284618040E+00   -0.717356035770196687E+01   -0.736764509141427038E+01    1
    0.317837875116803502E+03   -0.302529970201437237E+00   -0.123231603892135055E+00    0.206941284514463142E+00   -0.715318597523982369E+01   -0.737545759141427038E+01    1
    0.177990311384201050E+03   -0.538053929805755615E+00   -0.630041956901550293E+00    0.490287842845916755E+00   -0.713134686166666576E+01   -0.738327009141427215E+01    1
    0.247813493971368445E+03   -0.364260067872006488E+00   -0.791177393551942387E+00    0.564043959287956254E+00   -0.711566695170801733E+01   -0.739108259141427570E+01    1
    0.287120204143008664E+03   -0.157140388356227256E+01   -0.150162965745003607E+01    0.471488365044535895E+00   -0.711566677894388899E+01   -0.739889509141427659E+01    1
    0.234578620760895944E+03   -0.101986105270547878E+01    0.117085642326302342E+01    0.609365064650889202E-01   -0.711267993678931632E+01   -0.740670759141427570E+01    1
    0.345955644547939301E+03   -0.145308792591094971E+00   -0.942962765693664551E+00    0.373008970141410823E+00   -0.711232251400628535E+01   -0.741452009141427482E+01    1
    0.193532086740303555E+03   -0.119262986191251863E+01    0.126420839554892694E-01    0.287000255171769136E+00   -0.711218709019197970E+01   -0.742233259141426682E+01    1
    0.145175659095461327E+03    0.279425137869178997E+00    0.110644439709938869E+01    0.878257737021399948E-01   -0.710750252140245120E+01   -0.743014509141426416E+01    1
    0.288643643636863885E+03   -0.964902678788663870E-01   -0.517754418792632620E+00    0.129094337458464076E+00   -0.707090731913319637E+01   -0.743795759141426238E+01    1
    0.185701068109183041E+03    0.311373371937185617E+00    0.568233412019240269E+00    0.787850438013453225E-01   -0.706370965870721257E+01   -0.744577009141426949E+01    1
    0.228257800617715930E+03   -0.372483998551132123E+00    0.470308533551850871E+00    0.247520706840133109E+00   -0.703287456485286633E+01   -0.745358259141427304E+01    1
    0.304713169065525562E+03   -0.154664553757546797E+01   -0.137483266389581971E-01    0.237959795917066397E+00   -0.703024894177092996E+01   -0.746139509141426682E+01    1
    0.305798216796044017E+03    0.520646176575733310E+00   -0.580097494661366397E+00    0.166347972779072650E+00   -0.699277396358734649E+01   -0.746920759141426505E+01    1
    0.223712180681360508E+03   -0.415585691263089085E+00    0.124286529453339423E+01    0.373786131147218550E-01   -0.698641487513865211E+01   -0.747702009141426416E+01    1
    0.150913068684011421E+03    0.512413692006341570E+00    0.459643065239760951E+00    0.380341147483370057E+00   -0.697777530122905354E+01   -0.748483259141426682E+01    1
    0.165941343993416154E+03    0.301818990657644726E+00    0.156825511094424996E+00    0.290656455436608674E+00   -0.696897929959542584E+01   -0.749264509141427215E+01    1
    0.253239391016785902E+03   -0.184998938395565804E+01    0.114750418128862819E+01    0.302902940906928653E-01   -0.696646916858935938E+01   -0.750045759141427659E+01    1
    0.236519644462162518E+03    0.501896111270925260E+00   -0.336980707015763770E+00    0.226979094087833677E+00   -0.694710233453569703E+01   -0.750827009141427748E+01    1
    0.322841154581761657E+03   -0.705090926084396052E+00   -0.337959372647539169E+00    0.253081447731601794E+00   -0.693130359002510410E+01   -0.751608259141427304E+01    1
    0.278367463466587310E+03    0.317439492653103894E+00   -0.136342403680446811E+01    0.385488914482414180E+00   -0.692377320964090348E+01   -0.752389509141426505E+01    1
    0.235384370039415217E+03   -0.792763512656655900E+00    0.303766246152548547E+00    0.279373756616716151E+00   -0.691918303375520694E+01   -0.753170759141426505E+01    1
    0.165601186051915079E+03    0.233943614263662170E+00    0.650028794265297805E+00    0.352326699849544844E+00   -0.690757287549374688E+01   -0.753952009141426505E+01    1
    0.159050262150604937E+03    0.450635114956464911E+00    0.909689135545445282E+00    0.113525511218646291E+00   -0.690669484095011033E+01   -0.754733259141426505E+01    1
    0.316636597552532692E+03   -0.416151216079753139E+00   -0.692190771429869400E+00    0.348629941988078840E+00   -0.689686774551784332E+01   -0.755514509141427393E+01    1
    0.205199983125662754E+03   -0.141274937158352820E+00    0.579858045050829496E+00    0.266798580732444779E+00   -0.689120762303102730E+01   -0.756295759141428103E+01    1
    0.160777800864486665E+03   -0.196007515999215021E+01    0.474841857346071983E+00    0.338352151576784110E+00   -0.688382549434667101E+01   -0.757077009141427126E+01    1
    0.343008350508996841E+03   -0.525213280260672377E-03   -0.636203523536559068E+00    0.255996798272645043E+00   -0.687260946292917385E+01   -0.757858259141426327E+01    1
    0.284185318550679256E+03    0.146136496074598110E+00    0.186860091151345387E+00    0.130655636724505031E+00   -0.687208026262648186E+01   -0.758639509141426505E+01    1
    0.148949732084568268E+03   -0.471896878251437002E+00    0.173261812366420465E+01    0.155802337542755326E+00   -0.686719203819675439E+01   -0.759420759141427126E+01    1
    0.314899937562988271E+03   -0.115001293751520350E+00   -0.491554509533983719E+00    0.276453801262789400E+00   -0.685403928460194933E+01   -0.760202009141427393E+01    1
    0.170075921767532463E+03   -0.137305022251310316E+01    0.710715680668849714E-01    0.395931187195988687E+00   -0.684641172963430833E+01   -0.760983259141427126E+01    1
    0.239218397438526154E+03    0.221003890037536621E+00   -0.100215017795562744E+01    0.397334718704223655E+00   -0.683222897667934781E+01   -0.761764509141427304E+01    1
    0.316088341717072581E+03   -0.629672567618787316E+00   -0.630564588285800198E+00    0.334065415316437353E+00   -0.683165162800851089E+01   -0.762545759141426949E+01    1
    0.310132033174330786E+03   -0.951185371719621475E+00   -0.725309300735526463E+00    0.384860324507626472E+00   -0.683118938383977792E+01   -0.763327009141426949E+01    1
    0.174815437062430050E+03   -0.146790612587811298E+01    0.452486225195389835E+00    0.269327785528062913E+00   -0.683059184125793983E+01   -0.764108259141427304E+01    1
    0.268981704179342557E+03   -0.786888319267751823E+00   -0.376595712823926121E-01    0.926528334048242197E-01   -0.682878928012507203E+01   -0.764889509141427393E+01    1
    0.152077781588560157E+03   -0.377098694102595333E+00    0.191161944916387050E+01    0.800983346136079633E-01   -0.682252207848301939E+01   -0.765670759141426949E+01    1
    0.235130898176309273E+03   -0.185100066835213606E+01   -0.876230117237163597E+00    0.472107535384458932E+00   -0.681816060500314070E+01   -0.766452009141426771E+01    1
    0.158415083805797963E+03   -0.146318667935114988E+01    0.974074585651174552E+00    0.189118511417503882E+00   -0.680675757842772544E+01   -0.767233259141426682E+01    1
    0.183434223407349720E+03   -0.190945089277035307E+01    0.104096110286961085E+01    0.242418837431334189E+00   -0.680672393503578910E+01   -0.768014509141426771E+01    1
    0.133505687117576599E+03   -0.117504870891571045E+01    0.154073476791381836E+01    0.301624372744560276E+00   -0.680602779627262944E+01   -0.768795759141427126E+01    1
    0.146805769316315747E+03   -0.149473272664218393E+01    0.116949907408470022E+01    0.350850276644733838E+00   -0.680018149125938809E+01   -0.769577009141427393E+01    1
    0.127310753677512139E+03    0.312692336418604278E+00    0.124193776338990869E+01    0.176780263852938685E+00   -0.680005128108862422E+01   -0.770358259141427570E+01    1
    0.145639926087198631E+03   -0.122637809390861774E+00    0.181673246849977410E+01    0.121644869413841991E+00   -0.679734246721173641E+01   -0.771139509141427304E+01    1
    0.321590765261357660E+03   -0.239224952180897565E+00   -0.120880401453581410E+01    0.285867651913128462E+00   -0.679661441927301180E+01   -0.771920759141427215E+01    1
    0.163402358330875757E+03    0.422584473391487858E+00    0.593523574484764893E+00    0.319912464676365638E+00   -0.678914901166547313E+01   -0.772702009141426860E+01    1
    0.152707598400178341E+03   -0.132743806349759863E+01    0.184304230400567093E+01    0.122956311290826903E+00   -0.678765912765457280E+01   -0.773483259141426682E+01    1
    0.280501742409304939E+03   -0.773007920198204967E+00    0.414788305130038282E-01    0.223600315195657262E+00   -0.678648737495409105E+01   -0.774264509141426860E+01    1
    0.264800018422754476E+03   -0.191012238253022248E+01   -0.827911137527710395E-01    0.328460727581892542E+00   -0.678578039184589699E+01   -0.775045759141427126E+01    1
    0.146501138071561826E+03   -0.786303066261716976E+00    0.806919737451741170E+00    0.261653445899221127E+00   -0.677948914492004384E+01   -0.775827009141427570E+01    1
    0.170953871178115662E+03   -0.461547064081975655E+00   -0.140667186732229332E+00    0.417743800351820294E+00   -0.677872208938333110E+01   -0.776608259141427570E+01    1
    0.294759751752897330E+03   -0.964804320356698719E+00    0.300829297208492719E+00    0.126019514746824712E+00   -0.677747711047171375E+01   -0.777389509141427215E+01    1
    0.336507204821900018E+03   -0.145814786166928045E+01   -0.117281551964017350E+01    0.306318055560968971E+00   -0.675899072730593620E+01   -0.778170759141426682E+01    1
    0.203987037467786536E+03   -0.191793682828848167E+01    0.980573685764447589E-01    0.306676761439583723E+00   -0.675845484582848233E+01   -0.778952009141426416E+01    1
    0.258196024651895527E+03   -0.193281599456499587E+00   -0.215557539757893935E+00    0.324980239737477639E+00   -0.675744755532044472E+01   -0.779733259141426682E+01    1
    0.174340396453456549E+03   -0.896490594838289301E+00    0.379274206258970459E+00    0.275049322312283628E+00   -0.675672164600887104E+01   -0.780514509141427038E+01    1
    0.197900900922293090E+03   -0.570328478851760412E-01    0.929992243070811853E-01    0.408200197347881988E+00   -0.675486771862298507E+01   -0.781295759141427038E+01    1
    0.189054770031530609E+03   -0.914545887393588997E+00    0.761277888630664812E+00    0.110663385075147863E+00   -0.675404264437452184E+01   -0.782077009141427304E+01    1
    0.144487909642048891E+03    0.295791299152686094E+00    0.192987354446085391E+01    0.384618349943654930E-01   -0.675307917658305001E+01   -0.782858259141427038E+01    1
    0.266257508175583553E+03    0.744250090145714971E-01   -0.873258257734821797E+00    0.465443206889440741E+00   -0.675291692340914373E+01   -0.783639509141426327E+01    1
    0.260606077313423157E+03   -0.141762071847915649E+01   -0.303713083267211914E+00    0.232644117808341988E+00   -0.673892414522758365E+01   -0.784420759141426505E+01    1
    0.141590632073680354E+03   -0.309655337935446084E-01    0.193988409081912305E+01    0.883487927378688725E-01   -0.673829789382494582E+01   -0.785202009141426771E+01    1
    0.221760247647762299E+03   -0.135404145717620850E+01    0.933238267898559570E+00    0.129853189373016376E+00   -0.673568807437950490E+01   -0.785983259141426682E+01    1
    0.323643629919378839E+03   -0.448370281916312674E+00   -0.138496907241546463E+01    0.509994588011093430E+00   -0.673098178410289893E+01   -0.786764509141426416E+01    1
    0.188381612024818708E+03   -0.157716532124915876E+01   -0.504083889988473643E-01    0.384472444947843162E+00   -0.673074099652695690E+01   -0.787545759141426682E+01    1
    0.240087825633072924E+03   -0.977428985970942410E+00   -0.701638259764977512E+00    0.536533280754569186E+00   -0.672987262401116837E+01   -0.788327009141426682E+01    1
    0.343187523582388167E+03    0.322929128935975918E-01   -0.884390184721687511E+00    0.302749804244097698E+00   -0.672938975457811406E+01   -0.789108259141426682E+01    1
    0.154851727335266276E+03   -0.170951271171688091E+01    0.765409028402217473E+00    0.292548275772746724E+00   -0.672176343163954648E+01   -0.789889509141427570E+01    1
    0.185573922097682953E+03   -0.788888752460479736E+00    0.137714207172393799E+01    0.978564856767654423E-01   -0.671856965664279926E+01   -0.790670759141427926E+01    1
    0.216509895705239444E+03   -0.273616499063691565E+00    0.774838106409747596E-01    0.197064536334755624E+00   -0.671546581521392127E+01   -0.791452009141427482E+01    1
    0.256953130430197575E+03   -0.957884715887275862E+00   -0.687075408169764756E+00    0.334366503712011320E+00   -0.670871023649588327E+01   -0.792233259141427482E+01    1
    0.175336198508739471E+03   -0.288242638111114502E+00    0.556029081344604492E+00    0.356153018760681173E+00   -0.670856067654107058E+01   -0.793014509141427393E+01    1
    0.311007480323314667E+03   -0.697330832481384277E+00   -0.520704984664916992E+00    0.299550289607048048E+00   -0.670651338738520142E+01   -0.793795759141427215E+01    1
    0.324266324696922197E+03    0.217590217805691655E+00   -0.805895160546041822E-01    0.831596547280424453E-01   -0.670543050319802170E+01   -0.794577009141427126E+01    1
    0.295534485462097678E+03   -0.153869958022504960E+01   -0.140651347961120798E+01    0.473959829250277631E+00   -0.670081407936693374E+01   -0.795358259141427304E+01    1
    0.179460668345555774E+03   -0.747568181226112349E+00    0.819209440517083110E+00    0.276691346803326466E+00   -0.669921221899781827E+01   -0.796139509141427748E+01    1
    0.272672195732593536E+03   -0.170528709888458252E+00   -0.437142848968505859E+00    0.186206586384773248E+00   -0.669846687896554105E+01   -0.796920759141427482E+01    1
    0.269839782066680982E+03    0.291804065577902172E+00    0.138978012084233882E+00    0.162270654471484907E-01   -0.669840211027241139E+01   -0.797702009141426860E+01    1
    0.245333556890692620E+03   -0.173538965329076511E+01    0.430331180687108628E+00    0.212652971777971850E+00   -0.669832180202036920E+01   -0.798483259141427126E+01    1
    0.245694712760672644E+03   -0.133315868591717335E+01   -0.720292927109846381E+00    0.393946979558835342E+00   -0.669774890963433034E+01   -0.799264509141426949E+01    1
    0.262956769226761821E+03   -0.462230931650246646E+00   -0.165294046871084399E+01    0.571257644288162059E+00   -0.669292873694434931E+01   -0.800045759141426771E+01    1
    0.210775206564470352E+03   -0.138259731501151939E+01    0.534632500009697864E+00    0.143814013708837202E+00   -0.668834548719075528E+01   -0.800827009141427126E+01    1
    0.266521630185024833E+03    0.416331781921735811E+00   -0.245754322206074072E+00    0.197303414916690067E+00   -0.668579082378399914E+01   -0.801608259141427482E+01    1
    0.245611130987764682E+03   -0.118384960559245966E+01   -0.113853211437001178E+01    0.508702566353027796E+00   -0.668307213785092991E+01   -0.802389509141427659E+01    1
    0.159535504660760381E+03   -0.715669158957457086E-01    0.136382292060110721E+01    0.171522985198938133E+00   -0.668134731037520169E+01   -0.803170759141426949E+01    1
    0.184719056556902160E+03   -0.653917698883044851E+00    0.850906443479074071E+00    0.242331149845978033E+00   -0.668043187877107769E+01   -0.803952009141427126E+01    1
    0.305184950314670459E+03   -0.121632768623429266E+01   -0.115256254261595803E+01    0.366277669489486091E+00   -0.667344706271881094E+01   -0.804733259141426949E+01    1
    0.296247263437171341E+03   -0.171823127322653191E+01   -0.158857677409069487E+01    0.537030720607944545E+00   -0.667276448972459679E+01   -0.805514509141426593E+01    1
    0.269393838563863881E+03   -0.126176033148845934E+01    0.345242826492433430E+00    0.161421060533478877E+00   -0.667025354851770658E+01   -0.806295759141426949E+01    1
    0.306720364902427264E+03   -0.153845718939398202E+01   -0.129062295583654318E+01    0.544987037598284152E+00   -0.666614116247755462E+01   -0.807077009141426949E+01    1
    0.190597887629973542E+03   -0.146951249560173913E+01   -0.282093138560513879E+00    0.452607198960560175E+00   -0.666421130815388363E+01   -0.807858259141426949E+01    1
    0.206974938460541182E+03    0.421784999135730310E+00    0.691647201507379350E-01    0.262466882852129102E+00   -0.665929753908215716E+01   -0.808639509141426949E+01    1
    0.205731945283448056E+03   -0.319877192700446678E+00    0.109231879709397184E+00    0.375854192873487758E+00   -0.665070528299965513E+01   -0.809420759141427482E+01    1
    0.266777055264152807E+03    0.272750542478995328E+00   -0.358649185033307560E+00    0.268068445177592096E+00   -0.664942837388005792E+01   -0.810202009141427482E+01    1
    0.261848416152172945E+03    0.121407723619681551E+00   -0.591007137528120730E+00    0.373623838522503526E+00   -0.664599151217902673E+01   -0.810983259141427482E+01    1
    0.228082175483237535E+03   -0.311479681427388355E+00    0.253563746794034373E+00    0.257986366416109891E+00   -0.664086625956348442E+01   -0.811764509141427126E+01    1
    0.271477189083084227E+03    0.160026207834727430E+00   -0.161824955526313374E+00    0.217714288595523831E+00   -0.663708596486695246E+01   -0.812545759141427126E+01    1
    0.215643986903923746E+03   -0.636975988934787019E+00   -0.340636479178102469E+00    0.482731224060075681E+00   -0.663643214018131822E+01   -0.813327009141427659E+01    1
    0.184371742205053152E+03   -0.101231672906093362E+00   -0.340908801413288387E+00    0.557287883381829774E+00   -0.663427681183675588E+01   -0.814108259141426949E+01    1
    0.302246636875967624E+03   -0.113864518915084401E+01    0.388342967689866647E+00    0.661927487726897967E-01   -0.663190862067699882E+01   -0.814889509141426593E+01    1
    0.244773564716879093E+03   -0.996478100697432589E+00    0.105883031847947962E+01    0.652798509419972965E-02   -0.663183745033767202E+01   -0.815670759141426238E+01    1
    0.239747306523867337E+03   -0.315328283967221790E+00   -0.409615024768342550E+00    0.281237453749099309E+00   -0.663095176995044611E+01   -0.816452009141426949E+01    1
    0.214315655827522278E+03   -0.142280828952789307E+01    0.178599357604980469E-01    0.401768654823303262E+00   -0.662797368803908427E+01   -0.817233259141426949E+01    1
    0.215721750259399414E+03   -0.133694005012512207E+01   -0.268982052803039551E+00    0.477573438906669645E+00   -0.662791179301044764E+01   -0.818014509141426061E+01    1
    0.231050382679187294E+03   -0.111847406910596270E+01   -0.916138987407833838E+00    0.491469255803698157E+00   -0.662653050669870680E+01   -0.818795759141426061E+01    1
    0.243928835852419411E+03   -0.162030125771335332E+01   -0.109662870757271103E+01    0.535350804997673735E+00   -0.662553815589646788E+01   -0.819577009141427126E+01    1
    0.266478143632411957E+03   -0.109389257431030273E+01    0.217177271842956543E+00    0.192797886943817137E+00   -0.662483072699424458E+01   -0.820358259141428015E+01    1
    0.349877146248081715E+03   -0.591602399954857638E+00   -0.922098993868821992E+00    0.320124649268343608E+00   -0.661979509052251558E+01   -0.821139509141427659E+01    1
    0.172922401322871991E+03   -0.561909514472432203E+00    0.124992831439508123E+00    0.361977739904705553E+00   -0.661803785568339986E+01   -0.821920759141426949E+01    1
    0.240674655415513143E+03   -0.143800199451446487E+01    0.557495167937003266E+00    0.165910764159607788E+00   -0.661705910795556917E+01   -0.822702009141426061E+01    1
    0.276026707212523092E+03   -0.172796348910409425E+01   -0.122562723583813682E+01    0.492569028611673732E+00   -0.661238172750281983E+01   -0.823483259141425883E+01    1
    0.224368890664812938E+03    0.358630328527243414E+00   -0.183010129715167835E+00    0.306044103409177148E+00   -0.660981474333895758E+01   -0.824264509141426238E+01    1
    0.144743605974600598E+03   -0.101474407298240576E+01    0.549958431841037765E+00    0.386161893507692866E+00   -0.660939014730774144E+01   -0.825045759141426593E+01    1
    0.249230125431145126E+03   -0.641903757389364671E+00   -0.109566828847521336E+00    0.314048624444305813E+00   -0.660877030614789618E+01   -0.825827009141427126E+01    1
    0.270981952003011997E+03   -0.191051577020887953E+01   -0.106904332378111588E+01    0.557737959115974347E+00   -0.660840406762741139E+01   -0.826608259141428015E+01    1
    0.241769669994844946E+03    0.231551192540417006E+00   -0.189343396612335013E+00    0.199843239971723263E+00   -0.660712053921327680E+01   -0.827389509141427304E+01    1
    0.295290607555626252E+03   -0.502509386253354284E+00   -0.612360651390306820E+00    0.338834552865000638E+00   -0.660537204161154534E+01   -0.828170759141426949E+01    1
    0.151614332960140331E+03    0.398668568388210964E+00    0.196853089549428262E+00    0.432525264066056125E+00   -0.660416006716611026E+01   -0.828952009141427659E+01    1
    0.230066280785594103E+03    0.335389854750917316E+00    0.302501642147454675E-01    0.229862519049711417E+00   -0.660393701255413568E+01   -0.829733259141427482E+01    1
    0.148430665425583697E+03   -0.128813482614523078E+01    0.165732864826841286E+01    0.160778111112325955E+00   -0.660274087212147887E+01   -0.830514509141426593E+01    1
    0.242522351068365936E+03   -0.863536771746542753E+00    0.843071334383118653E-01    0.280709846617268333E+00   -0.660236613497169245E+01   -0.831295759141426771E+01    1
    0.279636324089417599E+03    0.328654986341549105E+00   -0.375099168710829822E+00    0.209506425964486126E+00   -0.660221843070736814E+01   -0.832077009141426949E+01    1
    0.203566490033977516E+03   -0.190524988203930823E+00    0.550794800777028470E+00    0.118295311822896307E+00   -0.659803295593130557E+01   -0.832858259141427126E+01    1
    0.234834100176066954E+03    0.302564507948927641E+00   -0.255677135951856371E+00    0.244172781617108203E+00   -0.659751785708591942E+01   -0.833639509141427482E+01    1
    0.210478697671577549E+03   -0.151763893522917215E+01    0.385599226182893773E+00    0.302699688950739787E+00   -0.659654882952310651E+01   -0.834420759141427126E+01    1
    0.314637263454757772E+03    0.852706372018574577E-01   -0.783596217727366984E+00    0.198604618973787617E+00   -0.659353241584877470E+01   -0.835202009141427126E+01    1
    0.281134506475868648E+03   -0.269357193063564981E+00   -0.249977338577815011E+00    0.254001749079523664E+00   -0.659261021874932318E+01   -0.835983259141427126E+01    1
    0.337830263407236771E+03   -0.149831108855943285E+01   -0.164271892200019254E+01    0.562987536899125507E+00   -0.658805948075251990E+01   -0.836764509141427126E+01    1
    0.239950204724846060E+03   -0.693131330811820323E-01    0.849649638146861008E-01    0.251184482652570262E+00   -0.658782397665522623E+01   -0.837545759141427659E+01    1
    0.189158696498034942E+03   -0.130964862446818842E+01    0.192863967181750695E+00    0.327313082496845209E+00   -0.658585346935274707E+01   -0.838327009141427659E+01    1
    0.334692056449450320E+03   -0.833677069887531541E+00   -0.113325705434143309E+01    0.407842215176468958E+00   -0.658368722400875672E+01   -0.839108259141427482E+01    1
    0.291363957149843884E+03   -0.679477456967214621E-02   -0.129528177974028047E+01    0.401195654994763895E+00   -0.658344569986168615E+01   -0.839889509141427126E+01    1
