luminosity_distance KNtimeshift supernova_mag_boost Ebv log_likelihood log_prior
231.8475969427039 -0.04527663249054514 -4.305610636801299 0.2577211145565859 -16.065411391785776 -8.164518712107284
137.77602484855737 -0.3816629833182852 -0.7988869673342958 0.34184960130853964 -15.74587246291971 -8.47560193173203
162.61113176083558 0.512497064775193 -3.719769776318242 0.48223111227363746 -14.777440579769976 -9.414386977549317
287.2050782513952 -1.9197307286380978 -4.333035725739781 0.2228260406583009 -14.400411499144173 -8.05935626569087
259.88917648792267 0.2427501678466797 -3.108355402946472 0.0023767412424087527 -13.503659524688729 -7.570394254855104
197.9042649269104 -0.10037213563919067 -3.38347852230072 0.224641948056221 -13.364551442182002 -8.064564434750201
137.98464089632034 -1.558140754699707 -0.6211239099502563 0.27529482350349427 -13.200878538631168 -8.221985213957614
322.8718580468381 -1.2907831964743353 -2.3060397122390826 0.15241067943426237 -13.08148482781836 -7.875842135959382
170.3996480072288 0.3523987864465745 -1.8238219819246524 0.17789320283294976 -13.077549930238899 -7.9384350497238305
148.36035072803497 0.25956296920776367 -3.6669105291366577 0.5688975452899933 -13.073280866217708 -12.662607351305482
269.9196883757354 -0.04249881813306344 -4.524975733026871 0.3812803783001016 -12.920756363286847 -8.663171896058701
166.68863594532013 0.35128986835479736 -2.1503746509552 0.26439807407855986 -12.903828436937815 -8.18596538374337
182.08346962928772 0.3578451871871948 -3.158213496208191 0.4561774453639984 -12.877136116033789 -9.160564492247724
161.01636325291005 -0.5675682233431187 -2.3862730013324143 0.09750913671321086 -12.787093682820203 -7.752986403555157
183.48832385625713 -1.4264563681717393 -2.469355119373123 0.03493864596271917 -12.75520912081122 -7.629214561737681
276.72807432492016 0.2237475184076798 -3.5306168859197724 0.15601736473246078 -12.733745371673725 -7.884466785865041
314.28723287658795 -0.4598421286118095 -2.2451802168522246 0.04897371721131741 -12.653288234749446 -7.65567521536147
309.7314480391207 -0.6732527896442069 -2.4479574548855303 0.13561159440710047 -12.626039086439585 -7.8366225395829865
186.83538493991892 0.3134533381303104 -3.556088894039295 0.5145894873905692 -12.611570559906419 -9.858900781492846
345.76814472675323 -0.26705265045166016 -3.837727904319763 0.049483423089981084 -12.492119001779521 -7.656649477123294
317.82962530851364 -0.015733420848846436 -3.7481093406677246 0.10331135981082917 -12.410509026851301 -7.765279670829575
264.377236366272 -0.7589762210845947 -3.6561113595962524 0.16837695000171662 -12.405776029195767 -7.914599488904281
321.6041371226311 -0.013800978660583496 -4.286841154098511 0.5164527741909027 -12.399594479783454 -9.8916625695546
285.72315963933386 -1.2351151082825431 -4.599665222679919 0.3869765950184046 -12.374089013574679 -8.693429534063306
292.83147618088924 -1.5549954952328762 -1.711455662283634 0.03688316529137639 -12.367168295745703 -7.632839092931048
236.33365888142296 -0.03950207822406071 -3.6634285685249823 0.26915776051222345 -12.293455292008472 -8.201539463329148
261.67584646443515 0.1691773186390173 -3.4626816675326704 0.2810314912553743 -12.25273708696772 -8.241482600592045
311.5802526473999 -0.015306055545806885 -3.994801640510559 0.42992814095020293 -12.22625427108748 -8.956926919834492
242.02099740505219 0.18106329441070557 -3.3559060096740723 0.2803002310752869 -12.21731210779311 -8.238976001378505
281.856946778006 0.07729046852137333 -3.451279717303796 0.3006222150316789 -12.152097179563233 -8.31108665432075
341.61298050024345 -1.1844817303108903 -3.210027489652735 0.3072845345598892 -12.12387174625924 -8.335905969958738
315.52402334627425 -1.6133710594539559 -3.8883903496797556 0.14198945398940713 -12.117015394231554 -7.851331908328984
143.62364871366657 -0.5716773597109996 -1.7170856489954645 0.02410524567564035 -12.072374114180267 -7.609258404488153
156.61543369012304 -0.43652033341459484 -3.631715711054908 0.5316311126167125 -12.066390211139247 -10.208152193314003
237.3493169437038 -0.3771245929672342 -3.1527765667329906 0.4515802242467894 -12.045042796392506 -9.121771441020515
187.7345199690379 -0.22862890559799776 -3.2961831137863875 0.3198508237372406 -12.039766787234946 -8.38446543246017
213.57550299649944 -1.4380435478611053 -4.089251378688925 0.45186633187549385 -12.017475451675917 -9.124142302261397
189.19164890095308 -1.3766593832590757 -2.158593801480637 0.4248878911153995 -12.01449360268178 -8.922161153145863
249.52541390565514 -0.08630108860566699 -4.521295058347578 0.5042642530966241 -11.986938865027755 -9.694569426437223
281.56784704246024 -1.6652916123505597 -3.4480493085132746 0.09479512643494911 -11.981018042611414 -7.747287653380823
346.29765565219463 -0.5294529736070923 -3.715152126582673 0.04902835742805157 -11.963043874328974 -7.655779610327222
196.99978192265093 0.09366986285028656 -3.6034150125042945 0.4675310839400235 -11.936478943146676 -9.263360267931503
324.05680013581645 -1.1388138410462194 -4.219065295204747 0.22726224257466868 -11.928621873515407 -8.072127785470492
153.38958462744904 -0.43179603912798603 -0.8922700848993417 0.09686506267967729 -11.915258052894334 -7.751631065491489
234.48864402946938 -1.3661594920947253 -4.667131710145293 0.5573209137053307 -11.907556831402879 -11.202762649484125
258.4978610277176 -1.319427728652954 -4.414541125297546 0.4293521318435669 -11.90630518868669 -8.95289210309022
236.48321013242548 -1.423609686355221 -2.9231805355701894 0.056946652059417395 -11.857684210949607 -7.671024618987684
230.75260865185317 -1.7899965058834484 -3.3353259290076953 0.1892853993945347 -11.83531915702428 -7.967737256974272
334.9293380975723 -1.0404052138328552 -3.9224523305892944 0.4794961418151856 -11.829049643609903 -9.384506244216972
239.95917945376337 -0.05434050780098798 -3.698920676725904 0.3224460552461278 -11.805514622405699 -8.39479473978212
311.4531703869038 -1.1569300968970513 -2.467662912767441 0.12725922215165314 -11.779094553477178 -7.81768083283706
325.1538560067547 -1.1617275177858728 -3.688058039447977 0.44659775200688434 -11.770509481564824 -9.081360206002788
252.0184487104416 0.0036478638648986816 -4.060030579566956 0.5291468439817428 -11.761970520519906 -10.149001217453092
245.36673888160334 -1.0405469667526008 -2.871043060552908 0.03187731583139819 -11.738297858820971 -7.623534814630911
205.92394387225877 -0.7679060206351087 -3.8177008841414386 0.42527637168652777 -11.707463398754502 -8.924798177425021
233.54013176887153 -0.6320710125833029 -3.364512942429867 0.21328675413642242 -11.670415145903291 -8.032433632856133
307.5373024874721 -1.6285915014595935 -3.4484384514117083 0.06500021623797739 -11.664325290899594 -7.686772198692653
330.6300926155659 -0.3550023151450916 -3.849998530965993 0.3660545432402289 -11.657026573786549 -8.586519680889303
330.6300926155659 -0.3550023151450916 -3.849998530965993 0.3660545432402289 -11.657026573786549 -8.586519680889303
297.05381095409393 -0.9760559797286987 -3.981791138648987 0.23946728224754335 -11.653826731981036 -8.10813099891467
297.8465775843032 -0.44794360883264406 -4.325152834214721 0.3520190892355081 -11.640931768072388 -8.520713957937694
277.1109926756784 -1.7492703429234568 -4.683381865699949 0.4774012967844187 -11.621316620688644 -9.362208178544012
191.45637013969838 -1.922510943242144 -1.560060405753326 0.26409992842550195 -11.609151993197665 -8.184997852638402
150.00004341210675 -1.3811782396901835 -2.678419565526368 0.3064677332605994 -11.564191182831697 -8.33282977965076
150.00004341210675 -1.3811782396901835 -2.678419565526368 0.3064677332605994 -11.564191182831697 -8.33282977965076
336.458110880357 -1.1517645597736603 -3.6476180171613786 0.07613584607936807 -11.558537927576454 -7.70896306634
327.3088738322258 -0.1958979368209839 -3.199562430381775 0.009842239594459535 -11.554450140460785 -7.583577605716865
171.08404275216793 -0.2417047001492314 -1.60583972704318 0.16780645742269645 -11.548535342526353 -7.913188455099353
270.8554959439651 -0.06588411617831547 -3.600501625035054 0.32043070131954204 -11.535876182348744 -8.38676417023272
244.78668171118258 -0.45556710095197195 -2.7700091236121627 0.28615484064237834 -11.533620785912706 -8.25922277550468
261.17520122557295 -0.1950831663769934 -2.4589661181434264 0.09346638684943558 -11.530945226991909 -7.74450942655853
309.2959555100868 -0.10255475820043802 -3.9758742567418257 0.3455376648865374 -11.518311940945257 -8.491728039419492
309.2959555100868 -0.10255475820043802 -3.9758742567418257 0.3455376648865374 -11.518311940945257 -8.491728039419492
191.08232195210695 -0.09070515393158995 -2.939676003145563 0.2827396074893723 -11.507725944080887 -8.247362243243662
191.08232195210695 -0.09070515393158995 -2.939676003145563 0.2827396074893723 -11.507725944080887 -8.247362243243662
302.4881809949875 -1.8814494013786316 -3.3017927408218384 0.04541556987762451 -11.499485836283108 -7.648900415943984
136.77518848679512 -0.4519797720890315 -1.874259824868254 0.1595026376078622 -11.48680270051491 -7.892872374823891
293.75768514461345 -1.15289840304107 -2.6636427839062806 0.20888822469728102 -11.464171485817733 -8.02025972900988
293.75768514461345 -1.15289840304107 -2.6636427839062806 0.20888822469728102 -11.464171485817733 -8.02025972900988
283.62781090942747 -0.6647812803992814 -2.6264273620247915 0.1634681058751549 -11.454952128855636 -7.9025227955441135
224.80215813110783 -1.7258275414812063 -2.74654510185139 0.06000119977213415 -11.44554972249904 -7.676968191144918
209.58751142024994 -0.05833369493484497 -2.3549246788024902 0.14233187413215637 -11.441828776196477 -7.852127791299741
220.19352410963452 -0.11679642707416082 -2.306816672160367 0.011728215635067272 -11.427789909834999 -7.58693573998558
140.91087728738785 -0.47722625732421875 -1.731339693069458 0.10075406770706177 -11.41978233229501 -7.7598428590490744
167.1481117606163 -1.684599757194519 -0.885421633720398 0.13382455773353577 -11.416291727451235 -7.8325395764573935
308.25895381360976 -0.21704596527083364 -3.2132905438614636 0.14585587581275047 -11.412472549545658 -7.860355601632051
278.26448200090647 -1.7555626921511938 -3.443075963049198 0.13870156276693113 -11.401968132698853 -7.8437219721905045
238.78301175762942 -0.8412806987808217 -3.0399980710941703 0.41834057717454126 -11.392797713285443 -8.878733029198267
248.21848273277283 -0.8537905216217041 -3.93030047416687 0.3603513721704483 -11.391630227369902 -8.559255794765363
266.4393527692199 -0.5351796927914512 -3.9372505892260876 0.5451296873356118 -11.388562214612723 -10.610272757389867
266.4393527692199 -0.5351796927914512 -3.9372505892260876 0.5451296873356118 -11.388562214612723 -10.610272757389867
264.60569351911545 -1.8268975615501404 -3.5614818334579468 0.20827428917884827 -11.365373922556527 -8.018572252276405
322.7748543024063 -0.18692076206207275 -3.017696738243103 0.04777398991584778 -11.364956984875112 -7.653385772692123
322.7748543024063 -0.18692076206207275 -3.017696738243103 0.04777398991584778 -11.364956984875112 -7.653385772692123
289.70755738513463 -0.41684935049575866 -3.3449441585305832 0.1282236136666839 -11.35833351690754 -7.819849669629832
137.32113327513002 -0.6979882938359081 -2.214634385887207 0.5463243854765099 -11.324805561792708 -10.655070851544382
128.09321596236006 -0.4438430964062172 -1.449908308476196 0.3273404891697321 -11.31714067851787 -8.414570337292082
242.25065308148288 -0.17473558841540315 -3.963008810055292 0.4610214559988158 -11.304760958246328 -9.20313671396725
242.25065308148288 -0.17473558841540315 -3.963008810055292 0.4610214559988158 -11.304760958246328 -9.20313671396725
153.68301798619092 -1.0922136581901896 -3.066626995941842 0.42863190788268785 -11.28224141587586 -8.947869889723716
251.4689868059184 -0.40459841285123743 -3.347733187150439 0.23102158640899034 -11.271107458210922 -8.083079840410946
215.76008270439817 -1.4289657465515442 -4.111836751158054 0.5016129887347668 -11.258972794111767 -9.656395892525396
253.02977963582836 -0.5079803790820931 -4.144822831354164 0.4473493147062409 -11.248060213450515 -9.087352282222463
174.79474366460317 -0.7426408452162567 -2.631359229984917 0.485248627061336 -11.187082867654388 -9.448424894104585
162.10434786997882 -0.6935072529979576 -3.1781456007815923 0.44484009356879173 -11.186681657146444 -9.067485311075183
162.10434786997882 -0.6935072529979576 -3.1781456007815923 0.44484009356879173 -11.186681657146444 -9.067485311075183
255.8760171842179 -1.885171320492079 -3.052099203050281 0.0971310815630986 -11.185220860009252 -7.7521906317758535
318.2917784016553 -1.3452343700664349 -3.5348326351629726 0.10651107291119376 -11.168846788349569 -7.772124167860923
282.85246050824975 -0.7800242520307112 -3.6348664457960123 0.4323892232486162 -11.164744183282858 -8.974352023246743
282.85246050824975 -0.7800242520307112 -3.6348664457960123 0.4323892232486162 -11.164744183282858 -8.974352023246743
180.53418607212575 -0.6975579755005414 -2.089295759136529 0.06104976564811931 -11.159691840866518 -7.679016674136824
180.53418607212575 -0.6975579755005414 -2.089295759136529 0.06104976564811931 -11.159691840866518 -7.679016674136824
329.428006708622 -1.3539289832115173 -3.2866156101226807 0.019578680205345155 -11.154399422099061 -7.601036581056996
245.78858341046157 -0.6830662983769527 -3.5718948578857095 0.5038879286352902 -11.153252519133389 -9.68906146564425
194.4072695494142 -1.8325269930816193 -0.9794350532341314 0.04998226327429072 -11.137502303923057 -7.657603889918644
194.4072695494142 -1.8325269930816193 -0.9794350532341314 0.04998226327429072 -11.137502303923057 -7.657603889918644
127.92396611420605 -0.7601435430351395 -0.42298261568402395 0.056327860599361235 -11.134123968070536 -7.669824858939338
127.92396611420605 -0.7601435430351395 -0.42298261568402395 0.056327860599361235 -11.134123968070536 -7.669824858939338
212.65335494775644 -1.6987422751388639 -3.704929783453175 0.40422535384267405 -11.128254641301941 -8.791068419794339
184.01668016250864 -0.3069778035381767 -1.674415980654751 0.04721766676207866 -11.128145714108605 -7.65232591598707
184.01668016250864 -0.3069778035381767 -1.674415980654751 0.04721766676207866 -11.128145714108605 -7.65232591598707
179.50950231332024 -0.4538651799139879 -2.1897214605098965 0.2651003376345418 -11.121317826570074 -8.188248049266369
179.50950231332024 -0.4538651799139879 -2.1897214605098965 0.2651003376345418 -11.121317826570074 -8.188248049266369
329.70105558633804 -1.094152569770813 -2.459956407546997 0.024522402977943423 -11.115132650534425 -7.610019520788758
180.24498969316483 -1.062341034412384 -3.3491235971450806 0.4178871521472931 -11.093626951589915 -8.875794169185989
286.12074756662093 -1.5172578548891735 -4.147243449357871 0.3476776053574541 -11.086135238334345 -8.501205580833167
342.30476421040044 -0.48675252859705354 -4.168140424421496 0.3587781598417846 -11.085847311276227 -8.551864069898288
342.30476421040044 -0.48675252859705354 -4.168140424421496 0.3587781598417846 -11.085847311276227 -8.551864069898288
254.98799794002736 -0.8146364756227586 -2.553743132816551 0.19402339560588439 -11.085698014834826 -7.980181412133884
191.42200274495292 -0.4660409225428548 -3.1499493566379684 0.36537413880969283 -11.075796257651287 -8.583227700940721
191.42200274495292 -0.4660409225428548 -3.1499493566379684 0.36537413880969283 -11.075796257651287 -8.583227700940721
272.37373292446136 -1.0566534996032715 -4.06279981136322 0.3678191564083099 -11.068815063743848 -8.595108199139103
185.33822298049927 -0.676647961139679 -2.1552181243896484 0.07830172197818756 -11.060011978341656 -7.713336978923776
334.25683685930653 -0.8159215415523466 -3.8404725861493487 0.346903589177093 -11.058300622666101 -8.49776717740115
334.25683685930653 -0.8159215415523466 -3.8404725861493487 0.346903589177093 -11.058300622666101 -8.49776717740115
191.72765428095315 -0.33305674028842436 -1.8134995223553658 0.06061096331778682 -11.040163163397768 -7.678158917290499
223.57690931066668 -1.6226473817299656 -1.8972976812921272 0.19652437281183763 -11.039202271478024 -7.986813109773436
185.41977399789505 -0.6449864245201231 -2.550005130525896 0.1997235506747337 -11.028464319790167 -7.9953608045611055
129.07915711402893 -1.1996451020240784 -2.5792962312698364 0.42748299372196197 -11.01960018519204 -8.939910211631323
129.07915711402893 -1.1996451020240784 -2.5792962312698364 0.42748299372196197 -11.01960018519204 -8.939910211631323
167.8665745592052 -1.1332417461947781 -2.5100929261227725 0.5188087047663044 -11.005616993552668 -9.934684767157442
211.6349861132464 -0.6645887798891987 -3.260241035857325 0.3288392892049777 -10.993101756721455 -8.420705182596004
211.6349861132464 -0.6645887798891987 -3.260241035857325 0.3288392892049777 -10.993101756721455 -8.420705182596004
215.4854417754832 -0.6045533835324275 -2.7950515155836446 0.3430746495557164 -10.98706648195386 -8.48092968013893
215.4854417754832 -0.6045533835324275 -2.7950515155836446 0.3430746495557164 -10.98706648195386 -8.48092968013893
238.13064045936414 -1.1340286510795468 -3.911350110638982 0.4095998074740217 -10.979551223498582 -8.823547783529339
227.7007112527269 -1.463292416858394 -3.2742049998114036 0.555904802678516 -10.97849938799396 -11.113002152577272
229.81588970819567 -0.8199949368751249 -3.3223505366054704 0.27386245562015266 -10.969364541136247 -8.21717571794876
226.81750857120778 -1.1427232316867646 -2.765810081262095 0.37894121146524756 -10.964565781874693 -8.651006909051095
226.81750857120778 -1.1427232316867646 -2.765810081262095 0.37894121146524756 -10.964565781874693 -8.651006909051095
337.4717897486225 -0.8246979948811479 -4.18360496749823 0.3125615359567081 -10.951523470286844 -8.356011273896682
200.63147097130448 -0.4240551040769289 -2.219630830221606 0.12293953420410707 -10.94240709147379 -7.808023521156176
196.19152466431854 -1.8334021848981301 -1.0416022996021934 0.04762617178582488 -10.941685007098782 -7.653104053321477
194.4648738773739 -1.0290596845436002 -3.1167743016125433 0.32102570109406664 -10.939189331039351 -8.389128360636724
224.13366734981537 -1.5219303965568542 -2.2904151678085327 0.2895963486671448 -10.93814909959691 -8.271318574389143
240.6726076925429 -1.169662218618073 -3.223956087695359 0.21108141365867655 -10.933982283859184 -8.026311339898978
240.6726076925429 -1.169662218618073 -3.223956087695359 0.21108141365867655 -10.933982283859184 -8.026311339898978
143.28266697436763 -0.4035703452436248 -1.3295741462461113 0.07990700710730271 -10.910000089805472 -7.716591186807196
143.28266697436763 -0.4035703452436248 -1.3295741462461113 0.07990700710730271 -10.910000089805472 -7.716591186807196
137.65769967757825 -0.826151141365439 -1.1225287887077307 0.19477231913013265 -10.904727421713979 -7.982162680716174
308.3035790137078 -1.9113902337348463 -3.3912612181336916 0.10781265865094732 -10.901346780159079 -7.774921846066942
271.82755702480665 -0.8026534634885087 -3.8720852458721415 0.4764190743833298 -10.875018064948355 -9.351921939456037
271.82755702480665 -0.8026534634885087 -3.8720852458721415 0.4764190743833298 -10.875018064948355 -9.351921939456037
175.5747139453888 -0.5255104899406433 -2.301514148712158 0.21631361310482025 -10.872363923931168 -8.040898058456264
205.4608864195974 -0.7344729472502554 -2.425170979555264 0.11959142132702437 -10.872217715481925 -7.8006019471470385
158.7197232478282 -0.4703769451370148 -1.4647488417430043 0.09336736285766424 -10.872133287171255 -7.7443026886027955
136.0525974743343 -1.7191986356880338 -1.4541636165984695 0.4000140514330241 -10.86753600967188 -8.766335569613117
188.4361207485199 -1.3096916675567627 -2.7375489473342896 0.2286701565027237 -10.865081440681772 -8.076215409526357
188.4361207485199 -1.3096916675567627 -2.7375489473342896 0.2286701565027237 -10.865081440681772 -8.076215409526357
133.04642597247934 -1.0538777232616778 -2.511213056582086 0.407356602502829 -10.864044519264393 -8.809862965236551
199.0599582799515 -1.8549465518484367 -3.2306430651889206 0.3285125183976645 -10.861987101542855 -8.419364441728115
199.0599582799515 -1.8549465518484367 -3.2306430651889206 0.3285125183976645 -10.861987101542855 -8.419364441728115
302.9698175489883 -0.787838621023621 -2.937312695342307 0.061800824627374726 -10.860738604482894 -7.680486529899407
269.3590337126532 -0.7876765356634836 -3.4008918466955977 0.24410578982801745 -10.856449694172005 -8.122161231121446
269.3590337126532 -0.7876765356634836 -3.4008918466955977 0.24410578982801745 -10.856449694172005 -8.122161231121446
147.82028794288635 -0.8051838874816895 -1.3716977834701538 0.018032329630851746 -10.8535493355417 -7.598243288143719
141.6096329689026 -0.9864502549171448 -1.4071744680404663 0.03946394205093384 -10.85202214937085 -7.637669969044229
141.6096329689026 -0.9864502549171448 -1.4071744680404663 0.03946394205093384 -10.85202214937085 -7.637669969044229
305.87231273142453 -1.8325924855973277 -3.4833479719059106 0.4073641969439288 -10.835569104339136 -8.809908981108428
317.21696899795313 -1.4181690035559735 -3.384389390998997 0.10263365618906099 -10.821551355903416 -7.763835989428242
195.94395321690084 -1.1594736749329095 -2.0138435566644874 0.007790611042421715 -10.80119888712374 -7.579937274610906
195.94395321690084 -1.1594736749329095 -2.0138435566644874 0.007790611042421715 -10.80119888712374 -7.579937274610906
238.82712208265394 -1.2898984365101789 -2.780649084473055 0.3377821170994654 -10.800748185386894 -8.45811325917735
238.82712208265394 -1.2898984365101789 -2.780649084473055 0.3377821170994654 -10.800748185386894 -8.45811325917735
201.80693143801608 -1.5813415471429404 -1.2319273465909242 0.04721458273677145 -10.786860705025333 -7.652320043709849
201.80693143801608 -1.5813415471429404 -1.2319273465909242 0.04721458273677145 -10.786860705025333 -7.652320043709849
294.78122889995575 -0.77679842710495 -2.72966206073761 0.03537698292732239 -10.78666579033862 -7.63003046376605
221.4538860987265 -1.3920111841911353 -1.6985762153595916 0.10061530536666713 -10.784844880343758 -7.759548693611924
221.4538860987265 -1.3920111841911353 -1.6985762153595916 0.10061530536666713 -10.784844880343758 -7.759548693611924
155.43432980646077 -0.7887503474799378 -1.3288932853736823 0.14036527488294034 -10.781068207170016 -7.847565452460035
299.202203852676 -0.8921263378023503 -3.0897666353764315 0.17622952697159153 -10.773730952615146 -7.9342268136222645
299.202203852676 -0.8921263378023503 -3.0897666353764315 0.17622952697159153 -10.773730952615146 -7.9342268136222645
272.0484717634972 -1.1392477913299472 -3.7374031402326624 0.3119998050711203 -10.767966652992657 -8.353851760780143
334.32008640353513 -1.591747052111701 -3.5057024423795475 0.11177921711018153 -10.766208119629464 -7.7834963119791025
223.7580527008771 -0.7733978444167335 -2.6434062489663326 0.2727991824349134 -10.76089298413928 -8.213620439194314
134.39133307639406 -1.813774530431381 -1.460656127526248 0.08286094565118626 -10.74953661386883 -7.7226071767360125
134.39133307639406 -1.813774530431381 -1.460656127526248 0.08286094565118626 -10.74953661386883 -7.7226071767360125
264.35381421259365 -0.8351259042702199 -2.923292121253567 0.19898136926888013 -10.748971554026328 -7.9933712949918885
265.41856847464953 -1.0950462736194657 -2.751516815910973 0.05510263399864729 -10.745416326298688 -7.66745353451289
265.41856847464953 -1.0950462736194657 -2.751516815910973 0.05510263399864729 -10.745416326298688 -7.66745353451289
256.2621459364891 -1.7790605425834656 -3.149154782295227 0.4348298989534378 -10.732571645532515 -8.991937806706295
256.2621459364891 -1.7790605425834656 -3.149154782295227 0.4348298989534378 -10.732571645532515 -8.991937806706295
326.1568784713745 -1.0538176894187927 -4.133252501487732 0.3343979023218155 -10.71961729513627 -8.443791932282567
339.74368920516633 -1.011885874307717 -3.640001782896457 0.25014352628330133 -10.714109085889527 -8.140723688958465
184.1691109535993 -0.7368525138363828 -2.4973085996589734 0.25014362391050393 -10.713695816407906 -8.140723991907281
282.73396559222766 -1.38558352113981 -3.6288808166851947 0.4555146500441526 -10.710330344436407 -9.154877880229108
184.96335573115348 -1.0216884148796919 -2.8505661594204934 0.3066477556762109 -10.710072871255093 -8.33350695725795
343.6775600539061 -1.0859051069542967 -3.1469177483468957 0.02496074246942657 -10.690463342781461 -7.6108199093029345
275.75399953572764 -0.89716087877001 -3.2323794449165955 0.2467326837930009 -10.68719947442978 -8.130195061822032
275.75399953572764 -0.89716087877001 -3.2323794449165955 0.2467326837930009 -10.68719947442978 -8.130195061822032
128.3413567163567 -1.3554892638794058 -1.0455675033778347 0.011510216517742953 -10.673683381505448 -7.586546997849046
295.982201397419 -1.0234359502792358 -3.743637800216675 0.2972316508054733 -10.67092205505285 -8.298688330438383
271.03750604993263 -0.9491873860928082 -3.093414144412188 0.22988536110676674 -10.658728849036018 -8.079757021606076
271.03750604993263 -0.9491873860928082 -3.093414144412188 0.22988536110676674 -10.658728849036018 -8.079757021606076
185.31116820579874 -0.7891441956911089 -2.6503887249924745 0.348359415543946 -10.654635232813515 -8.504244203637885
185.31116820579874 -0.7891441956911089 -2.6503887249924745 0.348359415543946 -10.654635232813515 -8.504244203637885
143.64104037023347 -1.546373974778629 -1.8513959626349052 0.16320579283719577 -10.64573332466981 -7.901881542205453
342.39975803290207 -1.689387646301295 -3.037081389406755 0.17903545706821314 -10.636271178123813 -7.9413346476085
320.1804739530144 -1.3567126038733752 -2.7706407481036917 0.10316984737794374 -10.63311448115526 -7.764978041074224
320.1804739530144 -1.3567126038733752 -2.7706407481036917 0.10316984737794374 -10.63311448115526 -7.764978041074224
197.88655592240434 -0.7350218583024832 -2.168705418525792 0.14774889311154174 -10.629936770407916 -7.864803512876429
267.61924986306735 -1.2479893166798353 -2.7412583586947443 0.2043003787825823 -10.6231455968265 -8.00771780832551
267.61924986306735 -1.2479893166798353 -2.7412583586947443 0.2043003787825823 -10.6231455968265 -8.00771780832551
198.2218866484189 -1.907889467485743 -3.4681621884726583 0.4199325481899118 -10.622500686727161 -8.889120277174722
285.9201736027505 -1.020077071235676 -3.5332056871839312 0.2657379776859046 -10.616457687170737 -8.19032518305674
257.0642203092575 -1.6923105716705322 -2.6441872119903564 0.03276933310031891 -10.614678259316282 -7.625186464317171
157.8386856129547 -1.8729399233826514 -2.0122890882634663 0.4489843504065314 -10.608621934221546 -9.100513496214463
304.17762184646807 -1.18460773381465 -4.22064699947147 0.4254382860788316 -10.60376700715934 -8.925899316349074
304.17762184646807 -1.18460773381465 -4.22064699947147 0.4254382860788316 -10.60376700715934 -8.925899316349074
344.1392941391342 -1.0501863516673884 -4.571158320323227 0.46329487779818473 -10.603596687626556 -9.223759578347984
242.53484042069118 -1.6016161205024713 -3.9873918872735175 0.4474418972532386 -10.603103637558448 -9.088092916597402
132.98537888177088 -1.7149528944757142 -1.5350991590399738 0.4129226130009592 -10.596129596856665 -8.844169281815796
132.98537888177088 -1.7149528944757142 -1.5350991590399738 0.4129226130009592 -10.596129596856665 -8.844169281815796
134.08952045864902 -0.8725506291078895 -1.481164440068294 0.26781836050640423 -10.591404871210663 -8.197132258478806
260.5133619443368 -1.3911687010246219 -2.8596396603979968 0.27678282855154107 -10.590832987701939 -8.227006142151803
248.96375955235783 -0.9305308748412633 -3.4416556117137502 0.34870473256717477 -10.581977554069072 -8.505786707282567
218.57133076429943 -1.7356595772993373 -3.6161235187481804 0.4030056045181677 -10.571248044795768 -8.783841722541267
169.7517768763083 -0.9346909408798552 -2.176877595362237 0.3235933404185926 -10.568934731983946 -8.399395292375985
169.7517768763083 -0.9346909408798552 -2.176877595362237 0.3235933404185926 -10.568934731983946 -8.399395292375985
312.19771057367325 -1.2235081791877747 -3.783021569252014 0.30159694211483 -10.56464549454939 -8.314679586671994
172.9354922352079 -1.1000345138475225 -3.257953208982754 0.48315437511249054 -10.564102796282706 -9.42467902109914
172.9354922352079 -1.1000345138475225 -3.257953208982754 0.48315437511249054 -10.564102796282706 -9.42467902109914
241.01119846292073 -0.9262696798030545 -2.937726408878945 0.2601323519076036 -10.563826702995733 -8.172210753169585
227.2601080151972 -1.65783311605406 -2.964682403973406 0.18892095484241603 -10.558172873829061 -7.966786441423975
227.2601080151972 -1.65783311605406 -2.964682403973406 0.18892095484241603 -10.558172873829061 -7.966786441423975
234.1015809388483 -1.7986693542770338 -3.056192157216432 0.20094920173517744 -10.54509781681163 -7.99865500504304
295.2941524577186 -1.6836909294979412 -4.429014456808384 0.46471506701079596 -10.54133062955884 -9.236861743278054
201.46247224555236 -1.4319268238352194 -3.4778486779633804 0.4344355460582653 -10.539398568970938 -8.989075347843697
194.63121425058432 -1.1413271836275798 -2.300758833348267 0.29618273040800996 -10.537848601037895 -8.294883654991532
346.88887624505037 -1.2963270420163189 -3.8221921347881973 0.21729353539771953 -10.537680593335246 -8.043653774886657
209.63265997492724 -0.9838505137884399 -3.059273435506609 0.4183450719605148 -10.526195450431567 -8.878762205287996
221.01664833408455 -1.6745587552392571 -2.6058372796491294 0.3658594966077137 -10.525862353537843 -8.585574884185863
309.60466827338416 -1.2742408213540775 -4.379133919555408 0.4972410529573812 -10.521204649314893 -9.596466254786675
287.6559123496006 -1.7979543626851358 -3.7354249433424425 0.4993990557024416 -10.51219203335144 -9.625599043041365
338.9092875311197 -1.8012361149365232 -4.243392280272629 0.5104619870900985 -10.510802613456873 -9.789937326544948
338.9092875311197 -1.8012361149365232 -4.243392280272629 0.5104619870900985 -10.510802613456873 -9.789937326544948
154.81791106391864 -1.309007649585182 -1.9623497826359184 0.37230798050288155 -10.508625073922419 -8.617294061467849
256.0644000592375 -1.2368528095165674 -2.3674864213089752 0.1114401677382254 -10.505444440177676 -7.782760512241828
335.1497652596971 -1.6797071484503194 -3.2781468233396343 0.22647102931977756 -10.50077576802584 -8.06983795275701
262.7784922719002 -1.9947133660316467 -3.1169211864471436 0.16148469722270967 -10.493876897428605 -7.897684302397083
329.6785343023595 -1.3255545783874771 -3.3245371540696027 0.18023448091403163 -10.490356132154737 -7.944387426451683
214.3861148882773 -1.0536319691311897 -2.8889646218354272 0.26516235222782136 -10.490344363324592 -8.188449874582643
320.3476423970967 -1.4164767438107964 -3.114405119808418 0.07308347287636456 -10.488466206171886 -7.702831202142239
343.82361104064853 -1.7076881977508314 -3.713965684281643 0.3492793898851652 -10.487853071229804 -8.50835894190409
187.9702573470678 -1.7377107235158193 -3.0771920053688127 0.3574427530688323 -10.482714626401664 -8.54563226281794
290.103812012813 -1.589477974859653 -3.834514214063735 0.3167431814767694 -10.481480045695196 -8.372235427197683
245.9098359676094 -1.8837049127434757 -3.0172621086126004 0.17010850314919435 -10.477925823269628 -7.918894477295754
224.31748357220425 -1.5085493192036035 -2.6396360226914144 0.34087236866287884 -10.47591729699771 -8.471372195457636
266.48392242412194 -1.7402021574430488 -3.6311400463000973 0.5048515708749333 -10.473221845538015 -9.703226610548588
184.71450110146657 -1.0018461230697966 -1.7915384615986985 0.0757705610267461 -10.463659992218094 -7.708227267314371
236.70282404729454 -1.058784639302444 -2.2693615813522645 0.0408122435640191 -10.46232633464411 -7.640203124650249
251.4437500941662 -1.1217693779420166 -2.454615604198632 0.060304680362541684 -10.461608630984227 -7.677560640810367
334.6275022247237 -1.624901872448683 -2.668648668868219 0.04014967333857224 -10.455749761040373 -7.6389575021788545
344.45537104296363 -1.7623360371077346 -3.553291263191637 0.30525524921904307 -10.452201725250083 -8.328280770436024
305.09545362512995 -1.4407332713692944 -3.92222496107777 0.421789653200776 -10.450390979726643 -8.901375402837184
305.4730097743537 -1.4019885463573054 -3.5503019310226605 0.2968866738279848 -10.440224772139647 -8.297435421405638
236.5472869285499 -1.0693159676675332 -3.467413930107297 0.39916727210788033 -10.431774188741741 -8.7614354812953
214.52819626128098 -1.085195580853891 -1.6583972536603184 0.0034339383366966993 -10.430049848088547 -7.572250632924568
278.65620884000816 -1.810156503523965 -3.6738850243673093 0.29467009981804665 -10.428018863093234 -8.289422360369558
135.974283836943 -1.0519561411869929 -1.597387200433578 0.19162495888710204 -10.427196938244226 -7.9738626622158915
224.51645957566487 -1.9785835677636967 -2.0948841759400256 0.22702518209539987 -10.425834826100559 -8.071441163685309
349.22512760762197 -1.3165073969377148 -4.808145416708622 0.5343597484555763 -10.423697185457474 -10.277426569404325
341.6845997362333 -1.431427763814746 -3.876103724418221 0.33241066396661445 -10.42309597091921 -8.435476930528504
312.2777700772111 -1.4684108047351887 -2.8265420184098096 0.03749969629867699 -10.42204728769083 -7.633991038379891
252.9188162080648 -1.471720483928458 -2.086634039937485 0.06820464824975996 -10.420116036154846 -7.693107624037181
291.3897801861013 -1.382504705332662 -2.8577936794857624 0.16756656938549566 -10.416816925197711 -7.912595719615685
282.1865084551695 -1.3317890886771055 -4.215513620161163 0.5546001414560823 -10.405159085811903 -11.036880909393538
175.39307319155887 -1.5651148991885249 -1.694353366660767 0.2244758762371257 -10.404704202588865 -8.064086998851886
317.3939867235256 -1.7073652843104767 -3.6639176894678207 0.3657767241093743 -10.40230228280116 -8.585174207729711
193.14055428827862 -1.1288890409186332 -2.0198574777177143 0.1870670371437843 -10.398498317660586 -7.96196362057114
225.78527586708185 -1.9673993084452581 -2.978734786029066 0.20696831976112526 -10.391023364627246 -8.014992079342296
342.25584458115196 -1.770103085590891 -2.7909666098669064 0.08280880692965284 -10.387736631749586 -7.7225006766626665
255.38530149636256 -1.7554303877773032 -3.5013688590961705 0.30694388119391086 -10.386887662109887 -8.334621870233452
234.3806127554084 -1.4578736550734543 -3.7473996242328287 0.4331101374133312 -10.38313590872526 -8.979514315516527
268.87329900494274 -1.3521587675962643 -3.2150238976413834 0.2909653487505348 -10.378620301829747 -8.276171143821218
342.0541372355673 -1.4433975406627717 -4.1107400648664205 0.36538845126421227 -10.371902655832319 -8.58329683698583
330.7525825768481 -1.7193654148074358 -4.123891501172604 0.4548553644491137 -10.371790751323788 -9.149253281211061
243.29948899152552 -1.353234703412469 -3.3358330456629575 0.3104024540275646 -10.368331697701963 -8.347736282489276
277.0462226446955 -1.3857850899799027 -3.0439792928443343 0.2291140124299663 -10.36734889736023 -8.077507536924086
323.8206207752228 -1.5118442177772522 -4.346331357955933 0.5054083292484284 -10.367122183110865 -9.711503125166857
287.58674044432667 -1.5247890116466587 -3.312329586376984 0.19900275088328293 -10.364084815125779 -7.993428555730407
273.13261926781666 -1.8163032248580189 -4.169494696574658 0.4581018984173229 -10.362148250437787 -9.177261458101693
289.00378091057706 -1.3154512216368934 -2.619164194996898 0.05887560184504328 -10.359505401917124 -7.674773878002351
136.32713288204425 -1.3163981345500306 -1.1081044887903908 0.19185839675870753 -10.357043206992424 -7.974475910016665
317.8545207578597 -1.6311856535476226 -4.247288288614505 0.40922888873754254 -10.354952788338412 -8.821272007151139
277.8823304582527 -1.759514967145425 -3.553978225916125 0.43792298491527193 -10.353551080051059 -9.014678126814179
312.142005685244 -1.5429280635559863 -2.810550518369492 0.06271894915650385 -10.351833152727618 -7.682286280111874
132.6517488459896 -1.8021215865938383 -1.9400147672893069 0.2746538703684964 -10.351804582258357 -8.219830210256871
131.28840250205258 -1.4578423763103436 -2.5410801878327045 0.4751402069052136 -10.346784211938198 -9.338685742056995
318.01577255063535 -1.542064400058788 -3.9275637781859407 0.3918247070385649 -10.344609768148072 -8.719923593372567
216.59258352843335 -1.3711563994127234 -1.9549591666452448 0.12493103951918501 -10.343436309733324 -7.812464246433878
312.97801855711623 -1.557987165244409 -2.7026818838121325 0.022437091740117647 -10.341924289081405 -7.606220583264202
334.55144975746896 -1.7256205488365846 -3.3612901585980293 0.220571806850268 -10.34021531436564 -8.052928450887341
312.61375545167095 -1.629199341191317 -2.9519043649105576 0.07453499225973334 -10.33349688312612 -7.705742448204863
334.4062148914054 -1.7919118570612032 -3.0886369078573797 0.1547043977548385 -10.331370980354068 -7.88131847674231
277.96676430506636 -1.585760511850986 -2.637996235757316 0.035811569972883095 -10.316364618403993 -7.630840043564163
342.8163950841062 -1.5824385129142895 -3.4752026740402937 0.16475389615262193 -10.309761933858933 -7.905672014218435
249.50786499639278 -1.8346856293197211 -1.8668920212388613 0.04864237010009314 -10.306963097094709 -7.655042380730862
155.07996676831698 -1.4156609009868593 -2.414238421986334 0.4861171961035357 -10.30482251045278 -9.458441101055179
216.5787420105899 -1.4991113624124959 -3.1353059358352766 0.31772976748366655 -10.302941844442197 -8.376101917261213
266.2777612026569 -1.784396904309064 -2.642493298316247 0.052826518687175285 -10.302495377784393 -7.663063172929422
137.09389512866576 -1.0753229033320477 -0.9113365328381562 0.04364649907322963 -10.298435708979406 -7.645549068212416
328.7446249456596 -1.7670973830093513 -4.799333497436728 0.5502982484533596 -10.295621881835402 -10.82041455880184
140.36575095711524 -1.1282323650394819 -1.1677610851552527 0.13828706287842568 -10.290875898496658 -7.842766695658586
331.8206303485494 -1.7019150880075318 -2.9317272099016463 0.04818933136766579 -10.28939057845431 -7.654177776789533
239.22443309863445 -1.295816988075232 -3.4832151527404633 0.40549431229311367 -10.28235968974354 -8.79864251107058
253.1717690664847 -1.7617181210455939 -2.1004443573725444 0.08806774258592949 -10.276556393563402 -7.733300266233142
190.30740646859772 -1.2897350577514703 -2.4857487508217986 0.3276523945700233 -10.274292393848569 -8.41584392206493
191.6678315543876 -1.4771933551618035 -2.687052460626074 0.4223889073040508 -10.273454150090672 -8.905362177020764
342.2866139104738 -1.6121984279848025 -2.850647103590704 0.009640428483016163 -10.272738374129846 -7.583218931576012
310.17479021176916 -1.8254984525438938 -2.94311094161579 0.07271516954442413 -10.269287610698473 -7.7020938591029475
251.64323688204806 -1.7939500526581347 -3.8826542914101614 0.5394650803018085 -10.023666451082276 -10.421537935790035
242.1886941893285 -1.454527482789533 -3.8510729180411 0.4735331118202662 -10.263439915379163 -9.322297038132604
225.88380697766135 -1.3024878603651853 -3.6937645907841574 0.4990051296988133 -10.181338503703536 -9.620217373415631
221.7087748971 -1.5263554094692033 -3.9581502332143557 0.5538174294076514 -10.159818612801601 -10.993847343217233
230.83653743844934 -1.5255793199649514 -3.4239655350856233 0.3973262542174347 -10.113163055213816 -8.750864130059696
178.9814415995002 -1.3423550158240336 -3.2301998099800797 0.4996302827491854 -10.261731737862682 -9.628771522856196
276.32321960338817 -1.5073092306853502 -4.18315529232098 0.534162830851437 -10.258074873718867 -10.272263362787895
249.5107768396834 -1.6178004852917174 -3.435617839955743 0.451674631729338 -10.223853886974636 -9.122553137442004
221.5138977534002 -1.3415033328057437 -3.4434476298302803 0.5112301604445278 -10.225748925616656 -9.80241716936641
339.07104558280605 -1.776968416934409 -2.8979556625841623 0.035204245418722885 -10.227651159177874 -7.629708857935569
331.6672991371078 -1.8404544402471799 -3.2088302781699563 0.14369553354756326 -10.207719893226244 -7.855303627542653
311.2745735518215 -1.9665615249981103 -2.744667488720847 0.036401082124821536 -10.15431414578271 -7.631939277509913
314.4873129878416 -1.839402374777219 -2.6691073723946674 0.029619817889527836 -10.180595011939396 -7.619367002876706
277.34227354258024 -1.9111784243889587 -3.4119387212150585 0.24929914319195176 -10.235056997253642 -8.138106895026654
339.6127952894782 -1.758952382031024 -3.709210316163375 0.2677536568245417 -10.226339565223075 -8.196919846429635
286.13125908671043 -1.6165666340045513 -3.41631699521791 0.25548390050176945 -10.22879875917588 -8.157434351195768
317.757111787796 -1.8835846185684204 -3.4747642278671265 0.3008619445323944 -10.227976536857582 -8.311969122669476
297.09035432443557 -1.7999823079932658 -3.5158071903622266 0.28190883062119915 -10.147825353110688 -8.244498241866717
346.50932686800377 -1.8527311615442885 -4.225036774358672 0.38744354631617367 -10.124982110363764 -8.695951007811104
342.49103507787294 -1.856711355423622 -4.0642980909680615 0.3246946768643798 -10.215085134859912 -8.403831593171876
307.55622549139935 -1.9929876184734086 -3.270271755607605 0.26114755954454644 -10.178570195559793 -8.175467131120172
344.11076595582256 -1.8692072131299138 -3.8489569504206447 0.32354645880069044 -10.127630307005546 -8.399206884229352
288.58582268615487 -1.64245841142308 -3.41613012329824 0.29810314951560785 -10.153595856559999 -8.301860503822411
320.59060829872055 -1.8695412640934843 -3.4057994367241857 0.23447329554329116 -10.127608027370192 -8.09324239844138
278.7859608203803 -1.7121584637243812 -3.3523555683440476 0.3074653535936571 -10.13685471064743 -8.336588241452473
263.1498592778237 -1.626504513543053 -3.1568433578143233 0.2982030215899011 -10.18591479292799 -8.302224672278411
272.9374639479369 -1.9917677986884315 -3.608540782002132 0.3191412680249684 -10.191185869410193 -8.381659797490213
333.43835685151316 -1.9973396117726092 -4.418750639979336 0.4971448397660117 -10.14176671532381 -9.595186943873175
271.87748971107595 -1.8100976252050154 -3.5180494912880365 0.3614777185950914 -10.08501830091195 -8.564581688638752
263.2443747150934 -1.8811505718192183 -3.5519456337577227 0.33068182211592023 -10.201205716674437 -8.428298926350568
272.88185407754986 -1.6398141312626473 -3.5764434842203983 0.347651608405785 -10.197010657081314 -8.501089902784697
329.6429088123565 -1.870676425666835 -4.2690588455728475 0.4594649972912799 -10.175891542812408 -9.189258963734119
320.67817065522684 -1.600863220782173 -4.312952880987836 0.4665274247137343 -10.26488825960772 -9.253835168643665
273.9946489199366 -1.8938605500181436 -2.540281515854799 0.04306421368520581 -10.102172928454507 -7.644448432464892
259.0269775594089 -1.7851530343600452 -2.9333273128642725 0.2493334584699071 -10.077992742492604 -8.138213106754685
259.4381044580091 -1.5939647134368329 -2.519683436724391 0.1326216487818049 -10.202817387048523 -7.829800566931415
214.56207335062797 -1.6179623783146457 -2.787371283309088 0.2856395175223928 -10.028551774583978 -8.257424108192204
320.39905587485083 -1.8554221005189677 -3.713478344922323 0.3323526201517719 -10.148592356102274 -8.43523509979679
276.37527302848844 -1.62723987776426 -3.0128938130732363 0.2273015681286151 -10.206692941352784 -8.072241733578688
252.00829215257028 -1.5839652172625653 -3.977089528421339 0.5196249350581169 -10.146514754864405 -9.950032595412907
349.79414307307434 -1.6818388670659719 -3.551632145009753 0.19929903172476618 -10.212973126660025 -7.9942223442489535
317.9794599064455 -1.9835202993936647 -4.501514901814316 0.5071403014692293 -10.129859093474451 -9.737696748044682
234.75217246192892 -1.9707546592106255 -3.5476891739161642 0.4273857821751355 -9.928373411878816 -8.939239628110903
224.75435733795166 -1.8382579684257507 -3.25003981590271 0.48645778999328615 -10.007102188840294 -9.46239632597921
227.27922978888455 -1.6822468667838264 -3.396505125409673 0.3894225924037141 -10.035362865490512 -8.706708730226953
162.98480659616183 -1.7065545063633007 -3.006043428162938 0.5133138931128095 -9.959355665152916 -9.83707560096313
165.37431505219004 -1.6945635683885367 -3.088569665335429 0.49994744469360736 -10.080694505441961 -9.633139481614856
188.04466968714706 -1.8635930407732315 -2.720025253849791 0.397650470272926 -9.875639246353844 -8.752717729697103
149.7397447068795 -1.9408003427343865 -2.84498716374796 0.5287717377070223 -9.872241445581054 -10.140366261607616
172.53404416499177 -1.9332904971580822 -2.790847037868804 0.45994641921876034 -9.775852452688074 -9.193530898471586
192.91156722458283 -1.8578460901512 -2.9164238168755614 0.5011331047706852 -10.04254702622658 -9.649639502624785
182.81247096356284 -1.8970074718423906 -2.9358289862770874 0.48080430774009925 -9.891536845357873 -9.39868717684518
195.52397984476607 -1.9062433271280521 -3.3186511905169533 0.46161948115187734 -10.005413900040026 -9.208520483504891
154.15165319233162 -1.925680843705463 -3.100134505206532 0.5234296673211525 -10.226974772296122 -10.0248567604744
203.8552509746765 -1.729690051538441 -3.0935992065724114 0.4158891810592932 -9.949778772255934 -8.862946281486742
169.67716664075851 -1.656109869480133 -1.6707223653793335 0.2276189219713211 -10.163222683519365 -8.073161760512484
168.25387158998691 -1.7236651747051175 -2.336697453371851 0.2917940358110118 -9.971740359243478 -8.279119997118357
154.8230363695144 -1.6158521206473409 -1.7509964494434516 0.19809438133202792 -9.994886641320267 -7.990998793755989
185.47699184547048 -1.644672642218242 -2.2937648615871793 0.29803417968576695 -10.070925086472663 -8.30160909313284
168.88309583226126 -1.6731019375190521 -2.0693805254508186 0.2611069749750816 -9.900344374953956 -8.175336748451684
142.70066521599315 -1.6150018429300097 -2.728697343853491 0.5127146929366587 -10.015890562936903 -9.826985542423119
175.3332138813809 -1.4140493188033754 -2.1191948480903067 0.21030826483226578 -10.147165739042649 -8.024173827901164
197.26611736646817 -1.488396950876858 -1.9925626769388431 0.19793449112845327 -10.220391210249744 -7.990571720114594
221.82053470463532 -1.3901207430496942 -2.422449773558796 0.21545607241807105 -10.178929946165784 -8.038492715842375
128.85054024014673 -1.234106397557247 -1.3020831255149057 0.20222032393673423 -10.211054879745713 -8.00208292093987
164.3802952944095 -1.3002964611550056 -1.5861380288296116 0.06861076002459915 -10.256218140248134 -7.693913413729101
143.45236675946808 -1.3151925613460849 -2.1209488842070097 0.3660248671836084 -10.121544008423783 -8.586375873880778
139.92017953593236 -1.496352454784931 -1.7755396335485587 0.2540822801053167 -10.051102781464007 -8.153021416530587
153.56116066371567 -1.3804107973294892 -2.518854658222046 0.5051547239128034 -10.250362212170478 -9.70772464773092
130.16944485393608 -1.364073243802947 -2.4768614332057934 0.525364373311115 -10.146151250704975 -10.065166090469909
166.3803175725268 -1.4123032367760189 -2.8055841243728343 0.45306513053943176 -10.086109020505196 -9.13413784946475
198.37261716608066 -1.427610065666976 -2.706277500762739 0.364258068979569 -10.14273875068355 -8.577851212014812
136.6320286205904 -1.2710742869240663 -1.7329783086351789 0.3089779766827091 -10.172279370588765 -8.342314022192209
163.58306316713694 -1.46091098643354 -2.2773298688659427 0.3492094303308546 -10.04275119220613 -8.508045440660776
238.37244032982318 -1.4697515566613424 -2.865880681664645 0.2805466133714755 -10.188786105949653 -8.239819844102758
198.47802524049166 -1.350707524192864 -2.827257635557188 0.3969833736937254 -10.198446662658906 -8.748907553443624
236.2031603823463 -1.986996003821582 -3.593600973276187 0.4044951426646276 -10.083575507425282 -8.792673926093304
189.90764373500912 -1.6161084696952763 -2.124321020415279 0.15513724975559176 -10.052792930737684 -7.882355299808369
168.74435673677317 -1.964808749975507 -2.7316049445510022 0.3897435942511596 -9.947145151887344 -8.708464595894744
201.50766177557261 -1.370157248428054 -2.0736632568431954 0.10976611978035233 -10.177233715449209 -7.779135433879993
166.61271833403737 -1.529792555743406 -1.9182289350076935 0.14694353541796476 -10.188842393579552 -7.862908792816195
157.20888612586472 -1.3533920035857883 -2.9720176455812437 0.5484272859151029 -10.140774383446004 -10.739155149246425
204.16077192026503 -1.531272743387194 -2.7237087470288395 0.3716697501204383 -10.148785663074385 -8.614109453372933
194.481846883492 -1.6273283337096656 -3.225576110631028 0.509390973826519 -9.96986960570068 -9.772793430965153
206.30157044563384 -1.6875130825011557 -2.5061100927529854 0.172235128325675 -10.234611809426744 -7.924194778317796
132.21303987812064 -1.4519551129739907 -2.124095056352756 0.44409345039923703 -10.067795152936277 -9.061649100260844
198.88846105097122 -1.5062838165091783 -2.0688410972790274 0.17856999457760087 -10.083788052363822 -7.940152061814857
237.0285705827126 -1.781060330098952 -3.0217035793223763 0.2475321138849267 -10.115231917550995 -8.132652824265914
173.10148924589157 -1.543965458869934 -1.1641734838485718 0.04817715876102448 -10.191013132718119 -7.654154556229475
175.5212127224562 -1.7131883921305178 -1.7636529730103803 0.18129396460882266 -9.976792149626874 -7.947092706210385
191.48879734521375 -1.6266042053850855 -1.6874574882135636 0.13851936868869213 -10.169107578718158 -7.843301966481462
167.1423813271093 -1.9474178000617426 -1.890252066203728 0.24637814791521404 -9.749733800252987 -8.129107009633923
170.73081877722032 -1.855924971918917 -1.8337899379924845 0.2304984699765106 -9.850693066431813 -8.081548647992452
164.55552894692357 -1.9008238347136843 -2.236114946003847 0.25455714382063716 -10.007760127903659 -8.15451432200564
161.34775905195949 -1.912865725320181 -1.9267440034685075 0.228729846230832 -9.803483015950732 -8.076389077633706
164.09300415227105 -1.9157006978897864 -1.4455147934024377 0.007218716922549569 -10.126689270713682 -7.578924885001266
143.78375603492702 -1.9465654828504222 -0.9561278676361038 0.14047580246554225 -9.97919807494577 -7.847821315511639
184.19128826196356 -1.799797027055604 -1.6401598140838844 0.10111697918468716 -9.949010405250103 -7.760612612686076
160.90257951774902 -1.903190217779776 -2.2027095769253884 0.25163332959694884 -10.063494167945283 -8.145357444346544
174.82810049534191 -1.90137590192705 -1.4916854581515837 0.1455563507571906 -9.982288541970018 -7.859653634537642
210.9610840678215 -1.9274385571479797 -1.9462662935256958 0.10976131074428559 -9.857076134618072 -7.779125039027221
196.0295154803581 -1.9456388095779524 -1.7577194207812696 0.009422093751171588 -9.989064952548281 -7.582831035216702
202.2192703282313 -1.857951522447133 -2.1515583502786315 0.15323217615211654 -9.870267776527722 -7.877800045716215
207.73400309236865 -1.8900074823951343 -2.438545882202017 0.22164221255399716 -9.874517806703466 -8.05597549868355
157.30294303834395 -1.8785372769592859 -1.1479978510008344 0.08101688767242238 -9.844296394651638 -7.718847326640292
157.30294303834395 -1.8785372769592859 -1.1479978510008344 0.08101688767242238 -9.844296394651638 -7.718847326640292
222.83008645945242 -1.8274300383307909 -2.264050033005695 0.0394661234883825 -10.186633836034389 -7.637674062296845
214.20507566279434 -1.7465513838122622 -2.536580201092497 0.21116694077103373 -9.974143327300437 -8.026548076229954
219.22719147601464 -1.7849555703954159 -2.2582550229736063 0.09721009118920321 -9.965949524149522 -7.752356887533645
226.47650138704608 -1.9324504658675938 -2.126497168044602 0.01924620820106308 -9.967954143796497 -7.60043535231177
253.67591723007737 -1.7738768689565552 -2.2856375863996226 0.08492639423963609 -10.060228728811204 -7.726835272746938
251.68332715477692 -1.9342632610291135 -2.192067963850314 0.13365830139441195 -10.226908886639478 -7.8321605656450695
259.18434935448454 -1.951571086779489 -2.0380891697891794 0.05100720095765994 -10.15185250523139 -7.6595677290975965
237.14102587619112 -1.5832534849830888 -2.4462896446438482 0.07803788829067937 -10.216201717269989 -7.712803151374358
238.05225182860724 -1.5083867272473865 -2.6794188808985897 0.16118433865551687 -10.188175632693003 -7.8969536193461725
225.25117698724358 -1.7863608340951562 -2.678868741383439 0.19891048016935634 -9.943413071570125 -7.99318147486559
228.45010964252225 -1.9361328956291781 -2.280866865576205 0.04782772951393032 -10.038051839916404 -7.653488212048201
226.52740444150606 -1.9653137841574435 -2.385593405582516 0.18574372412318027 -9.774428111880585 -7.958535297350225
226.52740444150606 -1.9653137841574435 -2.385593405582516 0.18574372412318027 -9.774428111880585 -7.958535297350225
