 F
       14590       26614           3        1024
   -0.534005369355172093E+02   -0.452484881834474564E+02
 T
   2
    0.200000000000000000E+01    0.300000000000000000E+01    0.615234375000000000E-01    0.938476562500000000E+00
   0
   0
 T T     0           0
    0.000000000000000000E+00   -0.100000000000000002+101    0.000000000000000000E+00
 T F     1          63
    0.356809870148003213E-06   -0.565737347509678017E+02   -0.465595123659176267E+02
 T F     1         961
    0.153420742049952655E-05   -0.534433082168769573E+02   -0.451911975356700282E+02
