    0.226030860489832024E-44    0.203978846509108024E+03    0.172153596580028534E+03   -0.155356955528259277E+01   -0.435067772865295410E+01    0.301451361894607528E+00
    0.640847752359306154E-42    0.192668640392933469E+03    0.215450592339038849E+03   -0.187191736698150635E+01   -0.413024246692657471E+01    0.165004893136024483E+00
    0.175501811823222648E-37    0.172217449555508068E+03    0.180468954145908356E+03    0.490760803222656250E-01   -0.388320147991180420E+01    0.187134758377075189E+00
    0.239014135641378247E-37    0.171584077898520377E+03    0.294512605667114258E+03   -0.169725441932678223E+01   -0.453371405601501465E+01    0.174372794365882877E+00
    0.527731816372688808E-35    0.160773981454529576E+03    0.316646207869052887E+03   -0.547633171081542969E-01   -0.489956915378570557E+01    0.183913228797912609E+00
    0.783122982721095672E-34    0.155363783231382627E+03    0.127392289042472839E+03    0.623948037624359131E+00   -0.267389774322509766E+01    0.757583840131759723E-01
    0.183379424606496862E-33    0.153646452815008047E+03    0.270144455134868622E+03   -0.745544433593750000E-01   -0.472800970077514648E+01    0.286724320793151854E+00
    0.889841256909304941E-32    0.145866686191242252E+03    0.163520477712154388E+03    0.351837217807769775E+00   -0.426153063774108887E+01    0.496765906763076803E+00
    0.559877375930622938E-31    0.142172541596444944E+03    0.195900614559650421E+03    0.452427387237548828E+00   -0.462301254272460938E+01    0.481409632945060728E+00
    0.626303908266341984E-30    0.137327510527338120E+03    0.197904264926910400E+03   -0.100372135639190674E+00   -0.338347852230072021E+01    0.224641948056221008E+00
    0.102566747322593930E-29    0.136325359240796274E+03    0.186489748954772949E+03   -0.139641284942626953E+00   -0.283049464225769043E+01    0.103895795989036560E+00
    0.178886293234176135E-29    0.135197261059534782E+03    0.224864582717418671E+03    0.823709845542907715E+00   -0.409127712249755859E+01    0.183305114936828606E+00
    0.584397829841844423E-29    0.132813972868088911E+03    0.302488180994987488E+03   -0.188144940137863159E+01   -0.330179274082183838E+01    0.454155698776245106E-01
    0.143027779749643376E-28    0.131008263864125354E+03    0.263162410259246826E+03    0.279692411422729492E-01   -0.370931267738342285E+01    0.145159241938591005E+00
    0.488796215770915453E-28    0.128534825282976158E+03    0.345768144726753235E+03   -0.267052650451660156E+00   -0.383772790431976318E+01    0.494834230899810837E-01
    0.422510167059759181E-27    0.124205494407781586E+03    0.259889176487922668E+03    0.242750167846679688E+00   -0.310835540294647217E+01    0.237674124240875272E-02
    0.435307992215966913E-27    0.124130188811615028E+03    0.188436120748519897E+03   -0.130969166755676270E+01   -0.273754894733428955E+01    0.228670156502723709E+00
    0.130553189923070241E-26    0.121917939784223051E+03    0.140910877287387848E+03   -0.477226257324218750E+00   -0.173133969306945801E+01    0.100754067707061773E+00
    0.132850618795790341E-26    0.121867425582806177E+03    0.257064220309257507E+03   -0.169231057167053223E+01   -0.264418721199035645E+01    0.327693331003189106E-01
    0.150757517626006256E-26    0.121598905837842821E+03    0.213370861113071442E+03    0.348511993885040283E+00   -0.321447193622589111E+01    0.174252870655059816E+00
    0.171139323183865809E-26    0.121329670282440802E+03    0.141609632968902588E+03   -0.986450254917144775E+00   -0.140717446804046631E+01    0.394639420509338423E-01
    0.234160820189804782E-26    0.120686984952768171E+03    0.317829625308513641E+03   -0.157334208488464355E-01   -0.374810934066772461E+01    0.103311359810829173E+00
    0.232636926039395603E-26    0.120684418281145682E+03    0.148360350728034973E+03    0.259562969207763672E+00   -0.366691052913665771E+01    0.568897545289993256E+00
    0.253904329381179726E-26    0.120493836162729906E+03    0.272373732924461365E+03   -0.105665349960327148E+01   -0.406279981136322021E+01    0.367819156408309922E+00
    0.203230742505905995E-24    0.111713101878684938E+03    0.327308873832225800E+03   -0.195897936820983887E+00   -0.319956243038177490E+01    0.984223959445953457E-02
    0.509843594439717322E-24    0.109857952868698206E+03    0.295982201397418976E+03   -0.102343595027923584E+01   -0.374363780021667480E+01    0.297231650805473313E+00
    0.271690844263047968E-23    0.106496036049138084E+03    0.312197710573673248E+03   -0.122350817918777466E+01   -0.378302156925201416E+01    0.301596942114830013E+00
    0.475712107174378375E-23    0.105360114976147401E+03    0.282609806954860687E+03    0.441906332969665527E+00   -0.304324924945831299E+01    0.312344801902771016E-01
    0.583723308453610341E-23    0.104935261517615629E+03    0.294781228899955750E+03   -0.776798427104949951E+00   -0.272966206073760986E+01    0.353769829273223868E-01
    0.104664547197432096E-22    0.103751799604291932E+03    0.210961084067821503E+03   -0.192743855714797974E+01   -0.194626629352569580E+01    0.109761310744285592E+00
    0.129937209293412713E-22    0.103303592842278860E+03    0.274512647092342377E+03    0.628530323505401611E+00   -0.393319606781005859E+01    0.266973550915718061E+00
    0.158521023182615794E-22    0.102890296053154515E+03    0.242020997405052185E+03    0.181063294410705566E+00   -0.335590600967407227E+01    0.280300231075286899E+00
    0.486588019248097027E-22    0.100631609881569716E+03    0.322774854302406311E+03   -0.186920762062072754E+00   -0.301769673824310303E+01    0.477739899158477824E-01
    0.552643398028186269E-22    0.100361394611632790E+03    0.209587511420249939E+03   -0.583336949348449707E-01   -0.235492467880249023E+01    0.142331874132156366E+00
    0.829024447319014407E-22    0.995346962092861105E+02    0.323820620775222778E+03   -0.151184421777725220E+01   -0.434633135795593262E+01    0.505408329248428378E+00
    0.109947843601797226E-21    0.989543881044147042E+02    0.220696362853050232E+03    0.948727607727050781E+00   -0.449605584144592285E+01    0.547711239123344407E+00
    0.282904486441055464E-21    0.970485566390936043E+02    0.224754357337951660E+03   -0.183825796842575073E+01   -0.325003981590270996E+01    0.486457789993286149E+00
    0.366578033572022868E-21    0.965147274844099456E+02    0.173101489245891571E+03   -0.154396545886993408E+01   -0.116417348384857178E+01    0.481771587610244773E-01
    0.440299863757270831E-21    0.961326133063018062E+02    0.275330613553524017E+03    0.840737044811248779E+00   -0.459367632865905762E+01    0.459830325007438701E+00
    0.494141065374896208E-21    0.958862582452355241E+02    0.252018448710441589E+03    0.364786386489868164E-02   -0.406003057956695557E+01    0.529146843981742832E+00
    0.666231304171136457E-21    0.952730014853524949E+02    0.169677166640758514E+03   -0.165610986948013306E+01   -0.167072236537933350E+01    0.227618921971321109E+00
    0.672918827975698052E-20    0.906322307066736101E+02    0.166688635945320129E+03    0.351289868354797363E+00   -0.215037465095520020E+01    0.264398074078559864E+00
    0.398253664542073309E-19    0.870605066402656576E+02    0.311580252647399902E+03   -0.153060555458068848E-01   -0.399480164051055908E+01    0.429928140950202931E+00
    0.335001371839510830E-18    0.827856205012776911E+02    0.342930461466312408E+03    0.411484181880950928E+00   -0.434832990169525146E+01    0.453323875164985679E+00
    0.727209456887533238E-18    0.812198356603986440E+02    0.334929338097572327E+03   -0.104040521383285522E+01   -0.392245233058929443E+01    0.479496141815185573E+00
    0.237582328011976238E-17    0.788364411536727800E+02    0.289259231090545654E+03   -0.411978662014007568E+00   -0.288606286048889160E+01    0.275710138249397274E+00
    0.461093795832651828E-16    0.728894714150671774E+02    0.185730294883251190E+03   -0.131601202487945557E+01   -0.224932372570037842E+01    0.494627921175956720E+00
    0.566933931162922162E-16    0.724605638361891522E+02    0.130095352232456207E+03    0.732440352439880371E+00   -0.152410924434661865E+01    0.320996402049064655E+00
    0.683837686796749862E-16    0.720699832041061086E+02    0.253724843263626099E+03   -0.876918315887451172E+00   -0.256363749504089355E+01    0.359856017303466835E+00
    0.124733483938582126E-15    0.708522705318554813E+02    0.198420523107051849E+03   -0.793279170989990234E+00   -0.161855340003967285E+01    0.265784446763992321E+00
    0.144969584853091536E-15    0.705359562754652103E+02    0.215932504832744598E+03   -0.100384777784347534E+01   -0.186342120170593262E+01    0.294348807621002184E+00
    0.166832798294060416E-15    0.702393949909265700E+02    0.309259162843227386E+03    0.812873899936676025E+00   -0.366017758846282959E+01    0.342153025817871104E+00
    0.194871396552227300E-15    0.699130745247646388E+02    0.132383893430233002E+03    0.692331850528717041E+00   -0.509061813354492188E+00    0.439254452705383283E-01
    0.205574656898147674E-15    0.697905106732947900E+02    0.155503877997398376E+03    0.360984086990356445E+00   -0.182013809680938721E+01    0.394795133686065669E+00
    0.372879520208203363E-15    0.685839934663441682E+02    0.284087918698787689E+03   -0.686721622943878174E+00   -0.209200084209442139E+01    0.170061101961135858E+00
    0.653247975161748616E-15    0.674469655875167433E+02    0.244500270485877991E+03   -0.187748348712921143E+01   -0.183471679687500000E+01    0.275311336469650281E+00
    0.256185707590523674E-14    0.646982788075154360E+02    0.221397358179092407E+03   -0.190446794033050537E+01   -0.118336141109466553E+01    0.186201809906959531E+00
    0.302593371942496099E-14    0.643496792162025883E+02    0.210843053460121155E+03   -0.114203929901123047E+00   -0.196011543273925781E+01    0.339265133213996872E+00
    0.453139824360254607E-14    0.635264325292386971E+02    0.202552962303161621E+03   -0.156185668706893921E+01   -0.163573324680328369E+01    0.370896265769004807E+00
    0.547638052048484728E-14    0.631319798515123836E+02    0.309178227186203003E+03   -0.112767124176025391E+01   -0.340805709362030029E+01    0.554605811905860890E+00
    0.584882784362661251E-14    0.629847610939562230E+02    0.152717424929141998E+03   -0.171999830007553101E+01   -0.107049942016601562E-02    0.985446737766265957E-01
    0.805575641963595137E-14    0.623288448009393363E+02    0.161877182126045227E+03   -0.170956397056579590E+01   -0.760673880577087402E+00    0.287232538032531737E+00
    0.975875531333957253E-14    0.619296639132261362E+02    0.185841593146324158E+03   -0.188394117355346680E+01   -0.107997536659240723E+01    0.291051912045478811E+00
    0.156092894138404583E-13    0.609746362145158329E+02    0.349412073194980621E+03   -0.138405734300613403E+01   -0.183482050895690918E+01    0.759610772609710660E-01
    0.520283494560790749E-13    0.585511661353261843E+02    0.133816246688365936E+03   -0.944782495498657227E+00   -0.383684039115905762E+00    0.302531528234481817E+00
    0.945931783176216913E-13    0.573399479137684409E+02    0.193763819336891174E+03   -0.177407431602478027E+01   -0.827165246009826660E+00    0.240370548319816607E+00
    0.961428878218421182E-13    0.572918226396945727E+02    0.340295673906803131E+03    0.928085505962371826E+00   -0.300949871540069580E+01    0.209886213970184338E+00
    0.181175881786504187E-12    0.560089320750162543E+02    0.330265499651432037E+03   -0.194584155082702637E+01   -0.207193255424499512E+01    0.251065866851806652E+00
    0.241593730446658503E-12    0.554177286078972386E+02    0.145892289280891418E+03    0.835478305816650391E-03   -0.474688410758972168E+00    0.234729800963401791E+00
    0.337348494915058054E-12    0.547343856279298038E+02    0.223200942575931549E+03   -0.627201616764068604E+00   -0.475124120712280273E+00    0.603736560344696107E-02
    0.444754214101388603E-12    0.541659500356391845E+02    0.348419991135597229E+03    0.663328588008880615E+00   -0.303868234157562256E+01    0.286946085834503206E+00
    0.492956689366248364E-12    0.539445260010701730E+02    0.317254774272441864E+03   -0.166233491897583008E+01   -0.305144786834716797E+01    0.559729642009735073E+00
    0.499298922763183251E-12    0.539033337190488950E+02    0.255883136391639709E+03   -0.427946746349334717E+00   -0.178526401519775391E+01    0.281522190570831332E+00
    0.189016585711568131E-11    0.512252789204869217E+02    0.222613324224948883E+03   -0.136207771301269531E+01   -0.192075192928314209E+01    0.504162657952308635E+00
    0.199060529746439925E-11    0.511061055569722171E+02    0.138272508978843689E+03   -0.130486565828323364E+01   -0.115305185317993164E-01    0.273318453454971300E+00
    0.284293702936798852E-11    0.503776827149787962E+02    0.247706167399883270E+03    0.199441432952880859E+00   -0.256538927555084229E+01    0.508265618276596109E+00
    0.468111670926625439E-11    0.493646596919907239E+02    0.339138488471508026E+03   -0.174103826284408569E+01   -0.168740034103393555E+01    0.187971324348449709E+00
    0.564486396142671266E-11    0.489746158843825654E+02    0.226050508022308350E+03   -0.191951370239257812E+01   -0.448948144912719727E+00    0.124952045488357547E+00
    0.455888865221047100E-10    0.447811551407126558E+02    0.329909785091876984E+03    0.739494740962982178E+00   -0.240239441394805908E+01    0.231324922871589678E+00
    0.518252788508740104E-10    0.445091020032407840E+02    0.235523614287376404E+03   -0.114728552103042603E+01   -0.576993227005004883E+00    0.141386029171943678E+00
    0.523656010878066853E-10    0.444727332651694383E+02    0.133461149036884308E+03   -0.953080356121063232E+00   -0.303468704223632812E+00    0.440627007722854624E+00
    0.887649241404120071E-10    0.434016249340110178E+02    0.317743687331676483E+03   -0.169203162193298340E+00   -0.177663505077362061E+01    0.231101997828483591E+00
    0.105160194853422941E-09    0.430470133755381568E+02    0.337038560211658478E+03    0.829187631607055664E+00   -0.205607175827026367E+01    0.127138546442985528E+00
    0.166581398617868970E-09    0.421113899400146110E+02    0.254507552087306976E+03   -0.154448956251144409E+01   -0.569626092910766602E+00    0.140085906028747570E+00
    0.491306517425583088E-09    0.399325966715838376E+02    0.237555213272571564E+03   -0.125937342643737793E+01    0.153553485870361328E-01    0.291232087612152100E-01
    0.131049857347295876E-08    0.379547822126520629E+02    0.219282127916812897E+03    0.471400797367095947E+00   -0.161737501621246338E+01    0.434368627667427065E+00
    0.194356336481933120E-08    0.371509263746686074E+02    0.335811489820480347E+03   -0.192535877227783203E+00   -0.162279427051544189E+01    0.230437248587608334E+00
    0.243521032749389620E-08    0.366842812639435820E+02    0.274277886748313904E+03   -0.150019913911819458E+01   -0.109274148941040039E+01    0.301105135488510145E+00
    0.110386072695121618E-07    0.336459247636064163E+02    0.242990589141845703E+03   -0.118091773986816406E+01   -0.124794423580169678E+01    0.456375566840171831E+00
    0.112704509908846442E-07    0.335887288347636996E+02    0.172736386954784393E+03   -0.418756783008575439E+00   -0.416243076324462891E+00    0.405239243602752708E+00
    0.194057330030717347E-07    0.324863354470697914E+02    0.304175665974617004E+03   -0.197950309514999390E+01   -0.182146191596984863E+01    0.517282721328735318E+00
    0.237710965596274014E-07    0.320649066983572624E+02    0.257035480439662933E+03    0.167410671710968018E+00   -0.761472582817077637E+00    0.202616073560714732E+00
    0.240798722535320953E-07    0.320234698924592465E+02    0.342011067271232605E+03   -0.237548172473907471E+00    0.455853462219238281E+01    0.410275425338745114E+00
    0.465348073363929088E-07    0.306901963682565970E+02    0.177990311384201050E+03   -0.538053929805755615E+00   -0.630041956901550293E+00    0.490287842845916755E+00
    0.528884508694963285E-07    0.304186025331773138E+02    0.246005915105342865E+03    0.848750948905944824E+00   -0.135262012481689453E+01    0.318495438265800512E+00
    0.571674555777811194E-07    0.302473779670664129E+02    0.224378177523612976E+03    0.403063833713531494E+00   -0.423200726509094238E+00    0.201088828897476202E+00
    0.162495435022047966E-06    0.281424227047341944E+02    0.260606077313423157E+03   -0.141762071847915649E+01   -0.303713083267211914E+00    0.232644117808341988E+00
    0.234251853584846705E-06    0.273953038552683985E+02    0.299252940714359283E+03    0.494830608367919922E+00    0.391436517238616943E+01    0.556218555521965086E+00
    0.315648069077784022E-06    0.267832167481283676E+02    0.278518646955490112E+03    0.286836743354797363E+00    0.441541790962219238E+01    0.460381257605552707E+00
    0.336697510977585617E-06    0.266384776556690959E+02    0.272672195732593536E+03   -0.170528709888458252E+00   -0.437142848968505859E+00    0.186206586384773248E+00
    0.420844893572371307E-06    0.261766938391824731E+02    0.188975660502910614E+03   -0.137733966112136841E+01    0.782680511474609375E-01    0.370177235269546545E+00
    0.612330430821460919E-06    0.254110534102384449E+02    0.162585432827472687E+03    0.698036193847656250E+00    0.684873461723327637E+00    0.117642362666130068E+00
    0.638557815793153589E-06    0.253115480815901712E+02    0.296417215466499329E+03    0.599918484687805176E+00    0.422866821289062500E+01    0.426860652780532868E+00
    0.790037833400938466E-06    0.248701858537499980E+02    0.269517193734645844E+03    0.371228873729705811E+00    0.453733086585998535E+01    0.402529957151412987E+00
    0.128328179731305554E-05    0.238843705634016104E+02    0.151915471255779266E+03   -0.119657182693481445E+01    0.727231502532958984E+00    0.363701661944389354E+00
    0.202149131724546273E-05    0.229599159354050464E+02    0.258921864628791809E+03    0.897809088230133057E+00   -0.919882059097290039E+00    0.283207980179786711E+00
    0.287869395147373774E-05    0.222372885607383779E+02    0.349658219516277313E+03    0.561800003051757812E-01   -0.104342639446258545E+01    0.250161986660957347E+00
    0.304166773207777528E-05    0.221115250430312571E+02    0.156332921981811523E+03    0.772443711757659912E+00    0.843881368637084961E+00    0.148239319539070130E+00
    0.409101654553217605E-05    0.215031249985510584E+02    0.307066081464290619E+03   -0.127036654949188232E+01   -0.433887839317321777E+00    0.259457319545745857E+00
    0.429920731682376678E-05    0.213882256436139144E+02    0.285269324481487274E+03    0.583582222461700439E+00   -0.288847684860229492E+00    0.114047994875907902E+00
    0.504300266123653740E-05    0.210534586235693908E+02    0.214315655827522278E+03   -0.142280828952789307E+01    0.178599357604980469E-01    0.401768654823303262E+00
    0.534459111620158368E-05    0.209216668788186233E+02    0.215721750259399414E+03   -0.133694005012512207E+01   -0.268982052803039551E+00    0.477573438906669645E+00
    0.592784126699060397E-05    0.206988917435526325E+02    0.262989836931228638E+03    0.254334986209869385E+00   -0.147442877292633057E+01    0.567428607773780791E+00
    0.654724637046995594E-05    0.204844978455788507E+02    0.308788743615150452E+03   -0.128495150804519653E+01   -0.118309199810028076E+01    0.485956771588325509E+00
    0.785221651521746115E-05    0.201053702640462078E+02    0.221760247647762299E+03   -0.135404145717620850E+01    0.933238267898559570E+00    0.129853189373016376E+00
    0.827222933343329438E-05    0.199855288822906090E+02    0.266478143632411957E+03   -0.109389257431030273E+01    0.217177271842956543E+00    0.192797886943817137E+00
    0.114419617405232398E-04    0.193211370610453734E+02    0.133505687117576599E+03   -0.117504870891571045E+01    0.154073476791381836E+01    0.301624372744560276E+00
    0.125355502504535299E-04    0.191229497096340282E+02    0.185573922097682953E+03   -0.788888752460479736E+00    0.137714207172393799E+01    0.978564856767654423E-01
    0.157851193237412281E-04    0.186463266025893759E+02    0.175336198508739471E+03   -0.288242638111114502E+00    0.556029081344604492E+00    0.356153018760681173E+00
    0.164201133486820558E-04    0.185518229510021868E+02    0.311007480323314667E+03   -0.697330832481384277E+00   -0.520704984664916992E+00    0.299550289607048048E+00
    0.234849848287388542E-04    0.178204894182146454E+02    0.209451282024383545E+03   -0.144727772474288940E+01    0.473685383796691895E+01    0.431009706115722646E+00
    0.259019484148997546E-04    0.176089505766753369E+02    0.222636632621288300E+03    0.451293349266052246E+00    0.430069386959075928E+01    0.425835620641708379E+00
    0.433297561537991530E-04    0.165642827490101858E+02    0.194850516319274902E+03    0.483321249485015869E+00    0.446262776851654053E+01    0.440076928067207329E+00
    0.453836821579693759E-04    0.164560317319647034E+02    0.191089831292629242E+03    0.990242838859558105E+00    0.189995765686035156E+00    0.305591612863540640E+00
    0.472644702519965700E-04    0.163591942536269279E+02    0.289665612578392029E+03    0.710868775844573975E+00    0.358856916427612305E+01    0.399893034338951125E+00
    0.500941874045964241E-04    0.162272770021929844E+02    0.189007592201232910E+03   -0.158961361646652222E+01    0.449890673160552979E+01    0.525150637936592113E+00
    0.511087630688487690E-04    0.161715500229076241E+02    0.224573348462581635E+03    0.991149425506591797E+00   -0.154256820678710938E-01    0.264295482158660888E+00
    0.531631645670576866E-04    0.160771054428259745E+02    0.345955644547939301E+03   -0.145308792591094971E+00   -0.942962765693664551E+00    0.373008970141410823E+00
    0.558296609260699667E-04    0.159636013932256482E+02    0.178045725822448730E+03   -0.136259233951568604E+01    0.488908827304840088E+01    0.432008160567283639E+00
    0.631369498889036587E-04    0.157019746154756703E+02    0.324478016793727875E+03    0.356013774871826172E-01    0.279461383819580078E+01    0.553297636985778829E+00
    0.698854018068909407E-04    0.154832483982473814E+02    0.196176399290561676E+03   -0.570239365100860596E+00    0.810378789901733398E+00    0.302532347059249862E+00
    0.750688413315572583E-04    0.153245258112587752E+02    0.298781917989253998E+03   -0.128209370374679565E+01    0.361626863479614258E+01    0.423246701431274408E+00
    0.764350195456103924E-04    0.152728300408394748E+02    0.303534068167209625E+03    0.195546865463256836E+00    0.310391485691070557E+01    0.490120154356956494E+00
    0.780378918847102762E-04    0.152156979609285017E+02    0.227300631999969482E+03   -0.179464346170425415E+01    0.446893930435180664E+01    0.388178210735321050E+00
    0.864601261522585839E-04    0.149950952885347917E+02    0.246433097124099731E+03   -0.136588394641876221E+00    0.372288227081298828E+01    0.470568427133560174E+00
    0.966185163796340823E-04    0.147572961575790700E+02    0.214884082973003387E+03    0.693317651748657227E+00    0.403800070285797119E+01    0.431142526316642793E+00
    0.971080043036008303E-04    0.147315643541552248E+02    0.210625325143337250E+03    0.571359932422637939E+00   -0.564771890640258789E-01    0.404128473687171974E+00
    0.121490751963385037E-03    0.142679106764643535E+02    0.236376744508743286E+03   -0.118342381715774536E+01    0.494387447834014893E+01    0.169233816003799442E+00
    0.120725073499757272E-03    0.142649302840180763E+02    0.276826642453670502E+03    0.277164340019226074E+00    0.872455835342407227E+00    0.392592358589172359E-02
    0.119927182053646916E-03    0.142625674804263767E+02    0.254583968222141266E+03    0.674565792083740234E+00    0.391900539398193359E+01    0.331153548002243059E+00
    0.122920724908100664E-03    0.141976326958915227E+02    0.282098537683486938E+03    0.813546061515808105E+00    0.361395597457885742E+01    0.338001618361473077E+00
    0.133393467652562279E-03    0.140184806368546759E+02    0.210657954216003418E+03   -0.490715086460113525E+00    0.108837187290191650E+01    0.204911921739578257E+00
    0.137951310277917896E-03    0.139356603675221393E+02    0.275355061888694763E+03   -0.852156162261962891E+00    0.105935692787170410E+01    0.512381304502487200E-01
    0.140694986393316980E-03    0.138806483048249110E+02    0.143904705345630646E+03   -0.861845552921295166E+00    0.210082948207855225E+01    0.193767000174522419E+00
    0.149783581398204061E-03    0.137398290419904487E+02    0.273652610182762146E+03   -0.181539463996887207E+01    0.138594269752502441E+01    0.204713697910308828E-01
    0.156885449714488874E-03    0.136315551263894790E+02    0.180353739857673645E+03    0.224246144294738770E+00    0.127238929271697998E+01    0.192019150471687328E+00
    0.161467331400565807E-03    0.135583562854734332E+02    0.210600206255912781E+03   -0.449279785156250000E+00    0.673264861106872559E+00    0.333824588513374321E+00
    0.166908158331030560E-03    0.134764495431260354E+02    0.296074295043945312E+03    0.180451214313507080E+00    0.832400918006896973E+00    0.502683348655700701E-02
    0.184724252463091057E-03    0.132579835933542576E+02    0.199956691265106201E+03   -0.137780886888504028E+01    0.332951545715332031E+00    0.531850023365020741E+00
    0.258231520711622409E-03    0.125723738659207438E+02    0.148310180008411407E+03   -0.809545159339904785E+00    0.456778466701507568E+01    0.527243895220756542E+00
    0.262394951068354438E-03    0.125247603341173708E+02    0.211642405390739441E+03   -0.816457748413085938E+00    0.230783224105834961E-01    0.568947323012351958E+00
    0.274832125640327651E-03    0.124165160470807763E+02    0.346434405446052551E+03   -0.167247366905212402E+01    0.305166482925415039E+01    0.408460875535011314E+00
    0.288014174975735843E-03    0.123071925699953155E+02    0.128547650575637817E+03   -0.153673386573791504E+01    0.182334959506988525E+01    0.436587983965873727E+00
    0.294376866763438152E-03    0.122478653527812966E+02    0.204064789414405823E+03   -0.635315299034118652E+00    0.463771581649780273E+01    0.271560095500946064E+00
    0.405549491108974237E-03    0.115914761337791230E+02    0.221939714252948761E+03    0.607905209064483643E+00    0.476174712181091309E+01    0.986919598817825316E-01
    0.417681769781360495E-03    0.115168973126487391E+02    0.185387052595615387E+03   -0.667017757892608643E+00    0.155088841915130615E+01    0.228080909729003911E+00
    0.439258378227679578E-03    0.114005363635278218E+02    0.143053452670574188E+03   -0.110574847459793091E+01    0.442369818687438965E+01    0.564625395298004151E+00
    0.478876134079115961E-03    0.112122030227096268E+02    0.345929305255413055E+03    0.415662527084350586E-01    0.286090910434722900E+01    0.350438884234428427E+00
    0.482436261764141545E-03    0.111817643410115579E+02    0.256341311335563660E+03   -0.802284955978393555E+00    0.363928079605102539E-01    0.467344509315490764E+00
    0.494066725803151341E-03    0.111184958040913635E+02    0.249979366362094879E+03   -0.176583886146545410E+01    0.406800210475921631E+01    0.298941322803497334E+00
    0.542347311256357266E-03    0.109163987813889101E+02    0.201047317683696747E+03    0.718756437301635742E+00    0.393107354640960693E+01    0.374546279525756864E+00
    0.563931625294831584E-03    0.108227209403720295E+02    0.328315667808055878E+03   -0.172582226991653442E+01    0.256979227066040039E+01    0.518924567341804477E+00
    0.568780295309228310E-03    0.107899734945276702E+02    0.317210987210273743E+03   -0.924512147903442383E+00    0.110844016075134277E+01    0.368354463100433391E-01
    0.565166792516061541E-03    0.107870951740279786E+02    0.189127500355243683E+03   -0.148400807380676270E+01    0.442246496677398682E+01    0.360289857959747328E+00
    0.608724486432020147E-03    0.106229804409499344E+02    0.214257478713989258E+03   -0.139415729045867920E+01    0.154797494411468506E+01    0.212893825578689577E+00
    0.748844927215406371E-03    0.101930231205448791E+02    0.177357417345046997E+03   -0.485429704189300537E+00    0.441786110401153564E+01    0.336542779684066762E+00
    0.755647166476035347E-03    0.101593128527252929E+02    0.235639257729053497E+03    0.438801407814025879E+00    0.160570383071899414E+01    0.232157292366027852E-02
    0.766910868002507748E-03    0.101140957931506552E+02    0.290318113565444946E+03   -0.135807442665100098E+01    0.394030570983886719E+01    0.180531584858894367E+00
    0.792455784382662298E-03    0.100329385419405401E+02    0.219427128136157990E+03    0.684788227081298828E-01    0.450512766838073730E+00    0.432744659328460735E+00
    0.838221680941885340E-03    0.990502176271862034E+01    0.299851663410663605E+03   -0.521772563457489014E+00    0.313157975673675537E+01    0.339636845541000376E+00
    0.836911067242037646E-03    0.989252633909084977E+01    0.251288485527038574E+03   -0.175244927406311035E+00    0.171315610408782959E+01    0.603791148662567202E-02
    0.891711500470162926E-03    0.975005166457816408E+01    0.170454779267311096E+03    0.851292788982391357E+00    0.932247042655944824E+00    0.383657752132415764E+00
    0.930972180463042693E-03    0.964825317421532347E+01    0.231787109375000000E+03   -0.187955200672149658E+00    0.431349933147430420E+01    0.154380948829650894E+00
    0.951739050606135875E-03    0.958850518375401784E+01    0.173096768558025360E+03    0.467616915702819824E+00    0.553585290908813477E+00    0.531750433802604672E+00
    0.958633585603972833E-03    0.955844412075586725E+01    0.284161089360713959E+03   -0.156106704473495483E+01    0.347554922103881836E+01    0.309215628933906583E+00
    0.116810185807656852E-02    0.914756623148996084E+01    0.223277063667774200E+03    0.700412988662719727E+00    0.445366203784942627E+01    0.801528118371963583E-01
    0.120741170486204225E-02    0.906574344400489807E+01    0.213484103977680206E+03    0.632042586803436279E+00    0.177896142005920410E+01    0.342614024162292488E-01
    0.126081628981779595E-02    0.896355768668899344E+01    0.234635816514492035E+03   -0.142505043745040894E+01    0.976019501686096191E+00    0.370047690367698690E+00
    0.135778768353158686E-02    0.879973806332407271E+01    0.132802116870880127E+03    0.666751265525817871E-01    0.321270346641540527E+01    0.144916630983352671E-01
    0.135488554902306498E-02    0.878839243701482609E+01    0.290345190465450287E+03    0.944272279739379883E+00    0.112348854541778564E+01    0.100868976116180427E-02
    0.134751133921141397E-02    0.878368252968243546E+01    0.312274274230003357E+03    0.572749853134155273E+00    0.332242250442504883E+01    0.158981379318237304E+00
    0.137772553193840847E-02    0.872370845883504842E+01    0.248909473419189453E+03    0.452733159065246582E+00    0.970449447631835938E+00    0.199588161921501167E+00
    0.141853604228570573E-02    0.864970063986099014E+01    0.285599571466445923E+03   -0.757393717765808105E+00    0.427852869033813477E+01    0.740975003242492700E-02
    0.141989432767353706E-02    0.863216150378650404E+01    0.139220361411571503E+03    0.520067512989044189E+00    0.229470074176788330E+01    0.202584412336349495E+00
    0.144828163511496566E-02    0.857694585833251466E+01    0.289794211089611053E+03   -0.373421370983123779E+00    0.249379873275756836E-01    0.451785132837295544E+00
    0.147076559482649792E-02    0.853051025116831063E+01    0.251731278002262115E+03   -0.103341788053512573E+01    0.340747177600860596E+01    0.344586334204673772E+00
    0.146651041058485699E-02    0.852067999052622937E+01    0.318309070169925690E+03   -0.699851036071777344E+00    0.256301164627075195E+01    0.405038256239891092E+00
    0.145854345978713553E-02    0.851594979226572413E+01    0.172666703164577484E+03   -0.255369126796722412E+00    0.354987204074859619E+01    0.529364651370048511E+00
    0.147155593982923401E-02    0.848256080024587433E+01    0.159275747835636139E+03    0.709261059761047363E+00    0.106333076953887939E+01    0.452402663183212317E+00
    0.146373886903500522E-02    0.847758834424375074E+01    0.346764612197875977E+03   -0.674247741699218750E-01    0.228216409683227539E+01    0.403450657367706300E+00
    0.159529320687890551E-02    0.828983631099888818E+01    0.297987876832485199E+03   -0.133656847476959229E+01    0.367974400520324707E+01    0.152168313717842119E+00
    0.158968646399847602E-02    0.828125279854531193E+01    0.251964160799980164E+03   -0.104772067070007324E+01    0.273590743541717529E+01    0.523895277214050270E+00
    0.162739347066483370E-02    0.821874213292091227E+01    0.149349576234817505E+03   -0.717883527278900146E+00    0.393261313438415527E+01    0.523907218408584563E+00
    0.162327054050711672E-02    0.820819047468046570E+01    0.192590647935867310E+03    0.883223235607147217E+00    0.423136413097381592E+01    0.189646981000900272E+00
    0.164855164780639820E-02    0.816165718076864266E+01    0.185715931653976440E+03   -0.866280853748321533E+00    0.159394145011901855E+01    0.346323641538619997E+00
    0.171307028110933516E-02    0.806925191404165432E+01    0.295322512090206146E+03   -0.194317150115966797E+01    0.184036910533905029E+01    0.354429665565490701E-01
    0.170253241004296322E-02    0.806596781601946411E+01    0.220812690258026123E+03   -0.239382803440093994E+00    0.112337470054626465E+01    0.337810832190513610E+00
    0.171576853884248702E-02    0.803485419152470293E+01    0.275954777002334595E+03   -0.891685485839843750E+00    0.256828069686889648E+01    0.485628695797920229E+00
    0.170607507384543567E-02    0.803056049946738248E+01    0.242775194346904755E+03   -0.635088026523590088E+00    0.205307126045227051E+01    0.323844513416290322E-01
    0.178894831445799833E-02    0.792007058048266455E+01    0.180476450920104980E+03   -0.522017002105712891E+00    0.354942798614501953E+01    0.470864056992530866E+00
    0.181625734083555265E-02    0.787414545191582604E+01    0.319896707925005103E+03   -0.116417638152368896E+01    0.261128833824799678E+01    0.376051355588097880E+00
    0.185135652938149434E-02    0.782023914818756261E+01    0.303139842693915625E+03   -0.846596661168264930E+00    0.262342821453918162E+01    0.392206303506491549E+00
    0.201999229603802783E-02    0.763026401208547611E+01    0.324125078320503235E+03   -0.575697839260101318E+00    0.145314097404479980E+01    0.237837206840515146E-01
    0.201055055454763942E-02    0.762400922261151859E+01    0.308126052536763041E+03   -0.447259447645334207E+00    0.346533456865302902E+01    0.116310930275150326E+00
    0.209885759755711748E-02    0.752241501612446406E+01    0.318908597528934479E+03    0.751278936862945557E+00    0.347671747207641602E+01    0.352766768932342573E-01
    0.231099779881755330E-02    0.731421764958947396E+01    0.236436718702316284E+03   -0.778353214263916016E+00    0.966634750366210938E+00    0.400144822955131541E+00
    0.245673937517072814E-02    0.717628138020971029E+01    0.128444170951843262E+03   -0.789509415626525879E-01    0.356698274612426758E+01    0.222120547771453881E-01
    0.247836480679026767E-02    0.714312842599604281E+01    0.178503920685111666E+03    0.266982092086561096E+00    0.322529486061975135E+01    0.497456660141939122E+00
    0.250219161104077610E-02    0.710836742268771182E+01    0.253354483842849731E+03   -0.132449084520339966E+01    0.347156286239624023E+01    0.259255786299705526E+00
    0.250756866941045107E-02    0.708844915503938289E+01    0.216503708064556122E+03    0.389004051685333252E+00    0.951006412506103516E+00    0.384989127087593086E+00
    0.263236673586312144E-02    0.697568472503097148E+01    0.210995868719651355E+03   -0.883044793476096990E+00    0.388586814504915523E+01    0.242340362799453257E+00
    0.267722669414786679E-02    0.692626352098213172E+01    0.254920223355293274E+03   -0.633655190467834473E+00    0.410335421562194824E+01    0.366598425149917626E-01
    0.268323232854886067E-02    0.690615708617341451E+01    0.267373263835906982E+03    0.443569302558898926E+00    0.567036867141723633E-01    0.488572916722297690E+00
    0.271228073521327185E-02    0.686899664590236281E+01    0.209283711016178131E+03   -0.494924724102020264E+00    0.299046397209167480E+01    0.483272186350822475E+00
    0.273107232597989734E-02    0.683956275626610921E+01    0.290865954756736755E+03   -0.130158746242523193E+01    0.263152956962585449E+01    0.388726072740554818E+00
    0.273466109593401181E-02    0.682131137829058432E+01    0.314890447258949280E+03   -0.577814280986785889E+00   -0.155594348907470703E+00    0.530038339447975182E+00
    0.272216440489244727E-02    0.681484680527240716E+01    0.151398813411609893E+03   -0.549146590632844545E+00    0.204523393153424138E+01    0.406951228986760505E+00
    0.277802677844133034E-02    0.675859463970519148E+01    0.311749419569969177E+03   -0.748730361461639404E+00    0.337410092353820801E+01    0.981417437553405853E-01
    0.277163734726155629E-02    0.674757491588637492E+01    0.184703062474727631E+03   -0.123495727777481079E+01    0.438230812549591064E+01    0.177644101667404186E+00
    0.279460969875398608E-02    0.671544149882789476E+01    0.130787751078605652E+03   -0.823664844036102295E+00    0.489337325096130371E+01    0.254583401584625280E+00
    0.294648480639595530E-02    0.659397566963121040E+01    0.238495783507823944E+03   -0.992922782897949219E-01    0.399277389049530029E+01    0.686277849912643456E-01
    0.293959935299532632E-02    0.658302981206604443E+01    0.313978683948516846E+03    0.624395966529846191E+00    0.286212980747222900E+01    0.169143165278434759E+00
    0.294076809950526716E-02    0.656660979608463879E+01    0.165874397754669189E+03   -0.393431007862091064E+00    0.447615921497344971E+01    0.188029290318489084E+00
    0.292965345660755596E-02    0.655855812353472611E+01    0.233637900650501251E+03    0.529459714889526367E+00    0.394502043724060059E+01    0.658840396642684928E-01
    0.298099591065612316E-02    0.650818652142747478E+01    0.220440248461073509E+03   -0.934801619381445903E+00    0.391781986738056531E+01    0.176485507940736169E+00
    0.319739015177190845E-02    0.635240660827188819E+01    0.270751680985611074E+03   -0.127166870967090295E+01    0.349797531265463313E+00    0.560752825502911056E+00
    0.324922321283165581E-02    0.630461949453713011E+01    0.252575662535662048E+03    0.872834303595320105E+00    0.144536711833373577E+01    0.125283719470234284E+00
    0.325001011679909146E-02    0.628851018881590207E+01    0.223616832494735718E+03   -0.432872712612152100E+00    0.189563035964965820E+01    0.208673500370979315E+00
    0.327680746321235786E-02    0.625646217918789294E+01    0.137537953749452100E+03   -0.625418784344144774E+00    0.454864345134837578E+01    0.282190069307990565E+00
    0.325580520801303916E-02    0.625369716560832067E+01    0.171835591087283802E+03    0.158117262146098447E+00    0.298642525199866071E+01    0.551782437407110860E+00
    0.327735902667349423E-02    0.622487556066392500E+01    0.315358452498912811E+03    0.505239009857177734E+00    0.903194546699523926E+00    0.163855809044837958E+00
    0.327420033797222497E-02    0.621117907189015916E+01    0.346904162492057367E+03   -0.122964311476395460E+01    0.199200545391313888E+01    0.405915602024419564E+00
    0.327139971524137083E-02    0.619726552561722421E+01    0.235708144466911250E+03   -0.122122237388480470E+01    0.192158950058299105E+01    0.216692790910932492E+00
    0.328324040134090993E-02    0.617441468330164600E+01    0.225935575366020203E+03   -0.582248508930206299E+00    0.319314599037170410E+01    0.329406210064888016E+00
    0.330356153508488308E-02    0.614644912810487209E+01    0.285082779598334355E+03    0.276869956284496954E+00    0.366288838721104959E+01    0.143882222576378936E-02
    0.328994011546901140E-02    0.613908768195898791E+01    0.172530460357666016E+03    0.389511704444885254E+00    0.141462981700897217E+01    0.456354277396202102E+00
    0.329050719758660834E-02    0.612311797462101381E+01    0.236985641013967637E+03    0.179698666900454551E+00    0.222253639527359326E+01    0.536190579063021255E+00
    0.334822780668926189E-02    0.607271402134866811E+01    0.331539723277091980E+03   -0.274271726608276367E+00   -0.333291888236999512E+00    0.567448668980598425E+00
    0.355484128027694227E-02    0.593733057649142815E+01    0.225754137337207794E+03   -0.113499635457992554E+01    0.290286719799041748E+01    0.417841468548774742E+00
    0.363219904894190697E-02    0.587864988028916802E+01    0.296976241469383240E+03    0.881761610507965088E+00    0.306841909885406494E+01    0.945739536523819008E-01
    0.365644538131307695E-02    0.584971847082329610E+01    0.348338565745838537E+03   -0.611286226018526779E+00    0.140500624334725721E+01    0.517415377978283297E+00
    0.362954147994977048E-02    0.584886375474195397E+01    0.340413208305835724E+03   -0.182422035932540894E+01    0.238216698169708252E+01    0.301323147583007822E+00
    0.360421005928468485E-02    0.584724616103655404E+01    0.241195579667439176E+03    0.107003013942421621E+00    0.323495463900279212E+01    0.219181089171030408E+00
    0.366491743078677362E-02    0.579821479527604389E+01    0.246588428849261390E+03   -0.825929603506113885E+00    0.323235020334471557E+01    0.239797281552149855E+00
    0.364220916962489484E-02    0.579502058264704090E+01    0.333064152648587651E+03   -0.300162175755875449E+00    0.144403167606022986E+01    0.869151202014564889E-01
    0.363495650521877475E-02    0.578338211648808631E+01    0.269510903954505920E+03    0.354690551757812500E+00    0.164973139762878418E+00    0.528911909508705147E+00
    0.367039843507472024E-02    0.574835096403376600E+01    0.308570139584595836E+03   -0.853893413316591632E+00    0.218335952511693066E+01    0.374705324246119020E+00
    0.368007721662013147E-02    0.572745893773622772E+01    0.127998991310596466E+03   -0.190142560005187988E+01    0.426002204418182373E+01    0.251008003234863275E-01
    0.366059284835771421E-02    0.572245117776912160E+01    0.339980205893516541E+03    0.667584180831909180E+00    0.226393938064575195E+01    0.228699702429771418E+00
    0.366800622688325667E-02    0.570277990317935757E+01    0.248598055541515350E+03   -0.121117126941680908E+01    0.335278630256652832E+01    0.207086754441261289E+00
    0.365370803094790253E-02    0.569496630559567052E+01    0.286192286014556885E+03   -0.187844532728195190E+01    0.181463479995727539E+01    0.190799067449569704E+00
    0.363005249601523619E-02    0.569233218744327463E+01    0.254573393087763890E+03    0.825381105290457384E+00    0.163054283704918745E+01    0.109593727996009388E+00
    0.361120859727075269E-02    0.568711639160730531E+01    0.153595808148384094E+03    0.829081594944000244E+00    0.344328761100769043E+01    0.422429753136634833E+00
    0.362294443819689491E-02    0.566500225533158286E+01    0.260719780838886777E+03   -0.171663804867786385E+01    0.358424825503684552E+01    0.121992049208382483E+00
    0.369999560025355712E-02    0.560728814615439841E+01    0.234174637496471405E+03    0.662030935287475586E+00    0.538787841796875000E+00    0.494911916899681115E+00
    0.370058368929090204E-02    0.559134528507054096E+01    0.228814873099327087E+03   -0.194765937328338623E+01    0.113964200019836426E+01    0.546426639533042935E+00
    0.367691687207462444E-02    0.558855221816532666E+01    0.348774619400501251E+03    0.550628602504730225E+00    0.292952120304107666E+01    0.259383898258209247E-01
    0.366994661310759279E-02    0.557672217696502237E+01    0.311466648478804302E+03   -0.154999979236630381E+01    0.682066306772227904E+00    0.436500090809153862E+00
    0.364927385671229591E-02    0.557239499833994323E+01    0.166453902423381805E+03   -0.169883406162261963E+01    0.334341824054718018E+01    0.117413808202743539E+00
    0.380706831232527701E-02    0.547210756498689399E+01    0.179465834796428680E+03    0.240476906299591064E+00    0.150595784187316895E+01    0.453685249829292314E+00
    0.378157488872126737E-02    0.546992028703172117E+01    0.237110525663510089E+03   -0.113841414435757171E+01    0.256485123014451410E+01    0.758601069450738491E-01
    0.381431643276957744E-02    0.543705346750492247E+01    0.342678789794445038E+03   -0.101669269800186157E+01    0.284800767898559570E+01    0.105670325732231146E+00
    0.380882231286673372E-02    0.542431133296885282E+01    0.226776072382926941E+03   -0.862855136394500732E+00    0.395418286323547363E+01    0.599475259780883826E-01
    0.389532722351563923E-02    0.536377103327976368E+01    0.230307723581790924E+03    0.887621700763702393E+00    0.211377561092376709E+01    0.498296324372291599E+00
    0.390089755349242590E-02    0.534528807005574969E+01    0.311232314793404271E+03   -0.852557548799967702E+00    0.325302600099746186E+01    0.340672520860975034E-01
    0.387787484471134288E-02    0.534150184091936353E+01    0.277147221107125063E+03   -0.154506609770074443E+01    0.227640911554634062E+01    0.414566388356356452E+00
    0.387344567863278331E-02    0.532816247292092005E+01    0.304607890546321869E+03   -0.240663826465606689E+00    0.264683604240417480E+01    0.195368519067764285E+00
    0.384975766077467639E-02    0.532480600508157398E+01    0.248601046204566956E+03   -0.151083928346633911E+01    0.115839838981628418E+01    0.482648412466049226E+00
    0.383488260467098555E-02    0.531692376162880809E+01    0.282952606678009033E+03   -0.526978194713592529E+00    0.143050849437713623E+01    0.254347341227531443E+00
    0.390648840969430068E-02    0.526429867616826197E+01    0.143928469717502594E+03    0.711362123489379883E+00    0.234721302986145020E+01    0.330757305049896255E+00
    0.393610046379630225E-02    0.523357040080652247E+01    0.158513034880161285E+03   -0.181857573986053467E+01    0.382261931896209717E+01    0.450410940170288127E-01
    0.401233929544026965E-02    0.517957753386512376E+01    0.258156875556628847E+03    0.898844729997844372E+00    0.271392183276894539E+01    0.231818655961257669E+00
    0.398877691752148357E-02    0.517573211331668048E+01    0.148508542776107788E+03   -0.992337524890899658E+00    0.287431478500366211E+01    0.321878344559669516E+00
    0.398051527198244829E-02    0.516425385473473408E+01    0.345371888577938080E+03   -0.122083884477615356E+01    0.329768657684326172E+00    0.489548989963531522E+00
    0.396290769523634494E-02    0.515749536261509167E+01    0.199398874924773850E+03    0.363911026954074845E+00    0.310190618288864783E+01    0.322993750028196636E+00
    0.395982715509568019E-02    0.514342565399065688E+01    0.268829931318759918E+03    0.724850594997406006E+00    0.146425962448120117E+01    0.166401910543441778E+00
    0.397510032252686163E-02    0.512010143489334446E+01    0.236319035230130737E+03   -0.285633340606983310E-02    0.785018791832103879E+00    0.534826657791101168E+00
    0.396707948808085100E-02    0.510851604989280617E+01    0.302729703745523011E+03    0.255605949248869813E+00    0.192475360210066082E+01    0.135521114975465720E-01
    0.402342627744956601E-02    0.506468371231976011E+01    0.184265500307083130E+03   -0.101917552947998047E+01    0.285804152488708496E+01    0.476400643014907865E+00
    0.400979949522919238E-02    0.505584392945473393E+01    0.320105305314064026E+03   -0.614661574363708496E+00    0.133229434490203857E+01    0.227355021572113042E+00
    0.397888188508751378E-02    0.505569971434789522E+01    0.187099951505661011E+03   -0.183267450332641602E+01    0.265960395336151123E+01    0.553575662112236078E+00
    0.396782525884961830E-02    0.504564010548276443E+01    0.189425212144851685E+03   -0.188098609447479248E+00    0.269903182983398438E+01    0.477505612921714784E+00
    0.396065721503806138E-02    0.503363145743317197E+01    0.226132489740848541E+03   -0.187066674232482910E+00    0.295842647552490234E+01    0.283695624446868910E+00
    0.394586241095956029E-02    0.502549132918261510E+01    0.346969279236871841E+03   -0.534879840314808952E+00    0.155433556320166133E+01    0.402730193102076139E+00
    0.395695144813347846E-02    0.500425362229141779E+01    0.269442571533383102E+03    0.330256478452369606E+00    0.161613520167318825E+01    0.520069270208039058E+00
    0.393662301561640941E-02    0.499892990090816447E+01    0.165851947665214539E+03   -0.103532528877258301E+01    0.324502527713775635E+01    0.440808343291282656E+00
    0.391917290001212240E-02    0.499219013392213640E+01    0.160399150848388672E+03   -0.999983429908752441E+00    0.358663320541381836E+01    0.359955402159690852E+00
    0.391030344051097791E-02    0.498109645270232448E+01    0.299471768736839294E+03   -0.192831206321716309E+01    0.200271964073181152E+01    0.413062500143051181E+00
    0.388744008256304476E-02    0.497719967812992969E+01    0.344743600765776591E+03   -0.492321523241641135E+00    0.147268578304469955E+01    0.143244195670926444E+00
    0.386809346271898506E-02    0.497155292649228642E+01    0.323167259594097061E+03   -0.898759587308602281E+00    0.129681629835641665E+01    0.259078884327613390E+00
    0.387003856569908622E-02    0.495492246263411307E+01    0.240394867956638336E+03    0.123290479183197021E+00    0.173279464244842529E+01    0.571456440925598219E+00
    0.389892291113392003E-02    0.492442573049307342E+01    0.266808444261550903E+03   -0.149443703889846802E+01    0.235779881477355957E+01    0.130005763721466078E+00
    0.389428624144056183E-02    0.491118058205342223E+01    0.267460946984421639E+03   -0.435847504132247598E+00    0.133164480770132343E+01    0.350087588703704322E+00
    0.390125938371275408E-02    0.489197756739360390E+01    0.194495561950175812E+03    0.251953463581021886E+00    0.147383483600906651E+01    0.468871809539854023E+00
    0.390787511198166949E-02    0.487296385390414333E+01    0.283100356161594391E+03    0.145952641963958740E+00    0.222978770732879639E+01    0.952688970565795934E-02
    0.388488183010025261E-02    0.486914127442326627E+01    0.160169418191947045E+03   -0.542484233132108251E+00    0.327163528072452259E+01    0.155580194351748302E+00
    0.389394228092337230E-02    0.484885723866612750E+01    0.174463675916194916E+03   -0.162500500679016113E+00    0.303055822849273682E+01    0.414677359056472794E+00
    0.388672959785128953E-02    0.483694023985186838E+01    0.209424510357274585E+03    0.985050315736321735E+00    0.164578311674320332E+01    0.300438128526486214E+00
    0.387131189240125283E-02    0.482926452744798951E+01    0.155170377845950242E+03   -0.163521808391004342E+01    0.314793048372001394E+01    0.293455767967726600E+00
    0.388453302998816941E-02    0.480682085042407792E+01    0.258603373816582121E+03    0.447945010837033308E+00    0.174794043020953715E+01    0.177016816380346997E+00
    0.387313854449081781E-02    0.479707106366663272E+01    0.177852079027936952E+03   -0.526277761627834906E+00    0.304825011441904437E+01    0.150520030610601513E+00
    0.388633873947863201E-02    0.477464137451633430E+01    0.251448070872316634E+03   -0.926878227987684822E+00    0.348667210199375965E+01    0.537731874015707212E-01
    0.386020153077503954E-02    0.477251262289366274E+01    0.254141376912593842E+03   -0.788016676902770996E+00    0.266185283660888672E+01    0.520201422214508075E-01
    0.384475034619099132E-02    0.476490906445121531E+01    0.219975065434155908E+03   -0.126294278503229052E+01    0.183523091491446966E+01    0.423215735863467002E+00
    0.382045152742016905E-02    0.476196417415477047E+01    0.155268769639450682E+03    0.173065429649729374E+00    0.291681730412519880E+01    0.509189749184413620E+00
    0.381593132200778746E-02    0.474870689511869593E+01    0.152071388065814972E+03   -0.102014309167861938E+01    0.322724759578704834E+01    0.254545872116088867E+00
    0.379025723871666406E-02    0.474658362760527730E+01    0.296183822116857925E+03   -0.980394619349791441E+00    0.272342636766444812E+01    0.157690327374829103E+00
    0.378259563088111615E-02    0.473500550958308963E+01    0.246219097077846527E+03   -0.142586064338684082E+01    0.249391198158264160E+01    0.359862192606925979E+00
    0.375938165830007592E-02    0.473169242461558248E+01    0.277643879513272338E+03   -0.818932978392992172E+00    0.274619968119381319E+01    0.184163555675562585E+00
    0.373068917314579342E-02    0.473139044419756338E+01    0.322440170338283565E+03   -0.913368693219311911E-01    0.285214295497320514E+01    0.336170257183583884E-01
    0.373010888062395678E-02    0.471607655972104212E+01    0.231056328117847443E+03   -0.763472497463226318E+00    0.299042940139770508E+01    0.237119370460510265E+00
    0.371382034578986902E-02    0.470920422801519667E+01    0.155103379529219723E+03   -0.172160104235450317E+01    0.311064760533815132E+01    0.502862499040679478E+00
    0.369531943857626935E-02    0.470356740273155083E+01    0.272736950760906211E+03   -0.300140964091686113E+00    0.179436167618263731E+01    0.220038529561739693E+00
    0.369014514210764741E-02    0.469074482484525390E+01    0.302709020674228668E+03   -0.440738737583160400E+00    0.235049664974212646E+01    0.219402049541473410E+00
    0.366667611827689675E-02    0.468788028353438690E+01    0.213978596031665802E+03    0.452409148216247559E+00    0.347732722759246826E+01    0.112938487315177916E+00
    0.364239250770094850E-02    0.468554491107474291E+01    0.328216266295521450E+03   -0.154992174448375630E+01    0.124712360705469116E+01    0.505473695606053819E+00
    0.361928491765674265E-02    0.468264846768033571E+01    0.253091576769138243E+03   -0.508181410159143088E-01    0.249720021252924873E+01    0.290750298495831172E+00
    0.359188268764508087E-02    0.468222342608191688E+01    0.193659977614879608E+03   -0.161502933502197266E+01    0.186616837978363037E+01    0.539040908360481241E+00
    0.356563134817880966E-02    0.468126913831221803E+01    0.144687003196877470E+03   -0.281084017895609550E+00    0.376570828380329559E+01    0.313029353906752628E+00
    0.355707800452070757E-02    0.467044756203543265E+01    0.209406167268753052E+03    0.490902066230773926E-01    0.279149711132049561E+01    0.334794042921066293E+00
    0.353771745894539439E-02    0.466573794006524345E+01    0.154428162702388988E+03   -0.191868020969810904E+01    0.371142591259489940E+01    0.178600631833536139E+00
    0.352987433838652205E-02    0.465455186297045831E+01    0.313415854618721823E+03   -0.141680357350724373E+01    0.199776309485688408E+01    0.314616808989852503E+00
    0.351343129462604840E-02    0.464826513365748184E+01    0.264742507309856933E+03   -0.123023597662907735E+01    0.220109683781657939E+01    0.369151032097167209E+00
    0.348792790425982765E-02    0.464721073484636804E+01    0.260020290020725156E+03    0.329682184943568046E+00    0.897545720873175412E+00    0.448893296633280814E+00
    0.346741586625859801E-02    0.464338218841887596E+01    0.152700403134316673E+03   -0.668437311807720258E+00    0.384110575493609829E+01    0.258944440016619315E+00
    0.345053691811239007E-02    0.463751671246644026E+01    0.242770573661654254E+03    0.826288713906865979E+00    0.106858443950621762E+01    0.394895278074318845E+00
    0.342733746716787635E-02    0.463538398500849347E+01    0.298518972909313902E+03    0.166697221493491199E+00    0.197842911150411727E+01    0.692367703659370198E-01
    0.340091195495879732E-02    0.463523917180459044E+01    0.168696262808509061E+03   -0.149102421348710967E+01    0.346485801037283814E+01    0.170530628887815894E+00
    0.337933735387018711E-02    0.463234212496413367E+01    0.259398560225963593E+03    0.432460665702819824E+00    0.324907600879669189E+01    0.385989901542663563E-01
    0.336301900752782870E-02    0.462639823781584436E+01    0.238090442224120181E+03   -0.105598721432112863E+01    0.241764930767330100E+01    0.206158000190330593E+00
    0.335586611598011255E-02    0.461503161944821994E+01    0.130375129169393460E+03   -0.136637744330996069E+01    0.369260219826009717E+01    0.272790044517813468E+00
    0.333251027667962312E-02    0.461337469353044760E+01    0.219371968507766724E+03   -0.120994067192077637E+01    0.240978598594665527E+01    0.282289565849304203E+00
    0.330754224429161353E-02    0.461279062881602986E+01    0.290242421627044678E+03   -0.189096552133560181E+01    0.280527412891387939E+01    0.148499432873725884E+00
    0.328311219212727885E-02    0.461199278402001944E+01    0.203299182117330446E+03   -0.199570868570786031E+01    0.306798293815809942E+01    0.200992039358195013E+00
    0.326272150742228139E-02    0.460882807653327475E+01    0.316045079501919759E+03   -0.284024080781872801E+00    0.101822440576323370E+01    0.546844367136813836E+00
    0.325343366635813406E-02    0.459890450451115740E+01    0.347463227868507033E+03   -0.158579797264771005E+01    0.153147060023449733E+01    0.375685751759280206E+00
    0.323859532658783656E-02    0.459242201796905647E+01    0.304527421027508751E+03   -0.106245982222994417E+01    0.199340304116286049E+01    0.314805561243799770E+00
    0.321539777564163560E-02    0.459117425728464834E+01    0.244405390938317765E+03   -0.337429462179426043E+00    0.245370795757300808E+01    0.130014947025836353E+00
    0.319124352713950898E-02    0.459063008469919254E+01    0.185690184598438066E+03    0.710231378869519148E-01    0.290333230881382676E+01    0.362097201746135355E+00
    0.317533300787610235E-02    0.458500138478182517E+01    0.158304144442081451E+03   -0.195083761215209961E+01    0.325982511043548584E+01    0.315778236508369448E+00
    0.315835220568054650E-02    0.458010053182023835E+01    0.305004014580616513E+03   -0.113395401322113143E+01    0.155434103807133539E+01    0.295309992322329407E+00
    0.313445446307266838E-02    0.457966611926468037E+01    0.292021034657955170E+03    0.380091428756713867E+00    0.246681630611419678E+01    0.179110070943832411E+00
    0.311199037875589104E-02    0.457842637790815310E+01    0.306600831515429718E+03   -0.504358881624393351E+00    0.289365624444107983E+01    0.399728784522167813E-01
    0.309183889311676974E-02    0.457579435732739448E+01    0.223047652685878973E+03    0.135449553670987655E-01    0.335311095369470635E+01    0.116834043703603688E+00
    0.307671525518073748E-02    0.456997630260190491E+01    0.147181949019432068E+03   -0.108669620752334595E+01    0.278486967086791992E+01    0.443773444247245796E+00
    0.307249805522907034E-02    0.455709454821720961E+01    0.184807440638542175E+03   -0.197531545162200928E+01    0.290153324604034424E+01    0.401756986570358299E+00
    0.305596176423549243E-02    0.455226268816611945E+01    0.258080838544433504E+03    0.406304901590993417E+00    0.176186656014693810E+01    0.455233056396189661E+00
    0.303409721794886851E-02    0.455099856072431130E+01    0.309179635345935822E+03   -0.176100963354110718E+01    0.292992413043975830E+01    0.426650351285934454E-01
    0.302167878792131096E-02    0.454357627325740765E+01    0.312596705537768798E+03   -0.963626182106146256E+00    0.274534623162022573E+01    0.724856030183995692E-01
    0.300693107396472672E-02    0.453773644344618532E+01    0.177016844016394117E+03   -0.106571807148763065E+01    0.267523530275301535E+01    0.348137243485369563E+00
    0.298952935344464063E-02    0.453371947093578775E+01    0.334318505227565765E+03    0.862719893455505371E+00    0.144457638263702393E+01    0.344713081455230719E+00
    0.297194969976223534E-02    0.452989000320722202E+01    0.341767319136544813E+03   -0.123804049353994938E+01    0.236206544917644479E+01    0.128517068760140796E+00
    0.295422074127720284E-02    0.452623159212159454E+01    0.165523892718025877E+03   -0.111660752314621892E+01    0.298202772258566728E+01    0.320022709476879108E+00
    0.293320404247016326E-02    0.452488569638397564E+01    0.324373658083736018E+03    0.845559404572471252E-01    0.378167506295898015E+00    0.488238277369518858E+00
    0.291205763500997864E-02    0.452373156245000718E+01    0.161642233345326900E+03   -0.150829789983362894E+01    0.271919223384383280E+01    0.444256369514154092E+00
    0.289227859567012160E-02    0.452173714145996186E+01    0.166639658581057176E+03    0.129842953099477132E+00    0.305497396651643705E+01    0.390346491726936751E+00
    0.287000177553813898E-02    0.452157611036055496E+01    0.247794224321842194E+03   -0.180348438024520874E+01    0.216843187808990479E+01    0.403868257999420166E+00
    0.285559628844709625E-02    0.451601504941214227E+01    0.219669382989528629E+03   -0.154610314246170510E+01    0.214177640796092739E+01    0.409823229544108991E+00
    0.283476519859810405E-02    0.451503318444049295E+01    0.335659336163582225E+03   -0.734631540347144618E+00    0.264881733724194390E+01    0.437123746983126213E-01
    0.281426229806371964E-02    0.451392607487395825E+01    0.133141311329195787E+03   -0.152547729243217978E+01    0.293723512123579855E+01    0.519860127150838958E+00
    0.279396190740828845E-02    0.451278015315265790E+01    0.306007909774780273E+03   -0.176721411943435669E+01    0.134724318981170654E+01    0.479775088119506865E+00
    0.277580841557193607E-02    0.451019235581300748E+01    0.184455660597659971E+03   -0.136981041695527717E+01    0.277383495715767925E+01    0.321073642885572275E+00
    0.275477487695644689E-02    0.450977995738663928E+01    0.320524079233326972E+03   -0.679811087135789860E+00    0.256912395282460260E+01    0.953694831307055763E-01
    0.273366732394267212E-02    0.450953830756474439E+01    0.338405414001787108E+03   -0.106030068217525808E+01    0.888874575559944979E+00    0.425298731908966388E+00
    0.271431458430604951E-02    0.450812247445634284E+01    0.146067611873149872E+03   -0.182760834693908691E+00    0.235112607479095459E+01    0.512093487596511854E+00
    0.269582300814488881E-02    0.450616932501777079E+01    0.286460815370082855E+03   -0.900286436080932617E-02    0.658296346664428711E+00    0.514321100378036467E+00
    0.267564422190246561E-02    0.450557104327068103E+01    0.214522628486156464E+03    0.743683278560638428E+00    0.358226299285888672E+01    0.453296273946762127E-01
    0.265702383242032679E-02    0.450391313439176422E+01    0.273878303977417318E+03   -0.185214440442210559E+01    0.280532428902952979E+01    0.995243975986752072E-01
    0.263654100286034440E-02    0.450376574346776426E+01    0.326354389379777786E+03    0.882788318336471534E-01    0.108392292490619635E+01    0.484172497687291481E+00
    0.262528515680203033E-02    0.449669736459938907E+01    0.254579348319596505E+03    0.783456611606338171E+00    0.314350925176982088E+01    0.504672092622638346E-01
    0.260615979404154935E-02    0.449569581807792140E+01    0.336394897103309631E+03   -0.826654613018035889E+00    0.212616324424743652E+01    0.185604170179367062E+00
    0.258673240867287116E-02    0.449503548535585384E+01    0.307489357831198390E+03   -0.186180754700090589E+01    0.100854224061717801E+01    0.538386333965841124E+00
    0.256859297659238397E-02    0.449348486909176703E+01    0.161704750313079529E+03   -0.155113961059596517E+01    0.336311223739463649E+01    0.272358021115218008E+00
    0.255327279871007300E-02    0.448982443375931783E+01    0.267705167206162173E+03   -0.175598889523313906E+01    0.267641925060884311E+01    0.151699590579850024E+00
    0.253594168192062533E-02    0.448782132676706524E+01    0.277111292168544878E+03   -0.163064916879963206E+01    0.162186721541812684E+01    0.414110135158236858E+00
    0.252075918334375903E-02    0.448420616844339115E+01    0.232996768243770987E+03   -0.142980446415451645E+01    0.173204712557074103E+01    0.483837385312582080E+00
    0.250135712083613499E-02    0.448403454137254265E+01    0.333845118373264654E+03   -0.111354683698163992E+01    0.163202282238249907E+01    0.328093984536215189E+00
    0.248439149261689505E-02    0.448202089245976154E+01    0.140273283283030281E+03   -0.542968966643842421E+00    0.357153467143561265E+01    0.220399595150061189E+00
    0.246546503355450771E-02    0.448169051863679346E+01    0.282399971304656106E+03   -0.148983578169517861E+01    0.228779179748173878E+01    0.260158596933871833E+00
    0.244665320075191511E-02    0.448138430688544265E+01    0.266759034935154205E+03   -0.159945675353319161E+01    0.161649911150146686E+01    0.484365851778757406E+00
    0.243149265555364430E-02    0.447819074658050287E+01    0.170939848850871812E+03   -0.173716843751705996E+01    0.255798448659493527E+01    0.516706335501489922E+00
    0.241572819115900552E-02    0.447557486704362795E+01    0.248306251090840988E+03   -0.104547946582078954E+01    0.205215613444963019E+01    0.413893887164870966E+00
    0.239856825526361950E-02    0.447420740914370185E+01    0.247588741447444590E+03   -0.126734782152084335E+01    0.144818593693317954E+01    0.514047839774697590E+00
    0.238044626344229579E-02    0.447375045570321017E+01    0.133357538237849326E+03    0.567118700194830794E-01    0.474338572622183108E+01    0.399340543509851403E-01
    0.236253877785237059E-02    0.447322781889840382E+01    0.287512549757957458E+03   -0.848244607448577881E+00    0.198097407817840576E+01    0.223888185739517215E+00
    0.234615208952225224E-02    0.447152325236538672E+01    0.234106689067389880E+03   -0.163391915824221723E+01    0.274636078470625478E+01    0.226071057051198482E+00
    0.232939558933980629E-02    0.447023374679240248E+01    0.211319207055919236E+03   -0.162692640710521230E+01    0.292074890357552075E+01    0.265734680163491999E+00
    0.231456033911930361E-02    0.446738690482317313E+01    0.280447843222894107E+03   -0.250280156638940987E+00    0.166731938209043129E+01    0.274050009195198618E+00
    0.229724545673261988E-02    0.446677985181480608E+01    0.183773657789019722E+03   -0.145128271738822878E+01    0.403093897266203527E+01    0.349249653163964530E-01
    0.228081815025176805E-02    0.446550797435369251E+01    0.272268033653983025E+03    0.998178885468457011E-01    0.128456658538259294E+01    0.544480522883856732E+00
    0.226362903944498815E-02    0.446501281705101594E+01    0.236415663361549377E+03   -0.112515854835510254E+01    0.196592688560485840E+01    0.385711978769302355E+00
    0.224959957918531702E-02    0.446182193606764432E+01    0.334050701889751963E+03   -0.212811498007273947E+00    0.270797351961664923E+01    0.780840430797256208E-02
    0.223753598191063713E-02    0.445695090253520210E+01    0.221213831500402932E+03   -0.825942775153868824E+00    0.188923146326712033E+01    0.534912549731523690E+00
    0.222293153427494160E-02    0.445442273578989134E+01    0.315623310286693936E+03   -0.886152875864645972E+00    0.216752445893032686E+01    0.204247909251710713E+00
    0.220712813316562527E-02    0.445306704079494242E+01    0.337846870720386505E+03   -0.129248332977294922E+01    0.899360775947570801E+00    0.512440601062774670E+00
    0.219128895246817204E-02    0.445184654028378013E+01    0.335721343479363554E+03    0.245153299293612292E+00    0.497929717879442180E+00    0.420534928603645108E+00
    0.218104489542030478E-02    0.444559326362291163E+01    0.192363245174635324E+03    0.725791144246219933E+00    0.237688680580857259E+01    0.456908047260019934E+00
    0.216610553006177072E-02    0.444371467008113896E+01    0.200729084100663385E+03   -0.152114348200696581E+00    0.181894983461742488E+01    0.460781868604971279E+00
    0.234712188338916756E-02    0.428317636802515800E+01    0.167766212287676893E+03    0.416318014984065954E+00    0.353597938789341448E+01    0.195460543525998204E+00
    0.253641834333043735E-02    0.412805009249864341E+01    0.205860299641537267E+03    0.342504409907953722E+00    0.274676482985571191E+01    0.206131666910092354E+00
    0.237375079162957655E-02    0.426061342892626183E+01    0.178404686089428196E+03    0.777281148595399873E+00    0.327119160770908479E+01    0.206318400996997359E+00
    0.264458280862866482E-02    0.404452941307514191E+01    0.170362681038339446E+03    0.715289560858374696E+00    0.286829846425241186E+01    0.252603906911896159E+00
    0.235416365439483979E-02    0.427718500569227267E+01    0.227084672098594979E+03    0.915109871635481298E+00    0.277847870931279495E+01    0.191168956717836902E+00
    0.250950619993748876E-02    0.414938406080821576E+01    0.224747646917993052E+03    0.691210563150666424E+00    0.335058042429187708E+01    0.149634123432722029E-01
    0.258048300835429789E-02    0.409360287429760472E+01    0.197697285623689737E+03    0.505908612607084862E+00    0.311977875836939944E+01    0.877517923165763991E-01
    0.250201686280226033E-02    0.415536175869908941E+01    0.191873553261020305E+03    0.251238615021050826E+00    0.342884314524640033E+01    0.814790574372933479E-01
    0.238166503909308059E-02    0.425395638352615713E+01    0.184732258319854736E+03    0.292967379093170166E+00    0.379017651081085205E+01    0.387783127784728995E-01
    0.218312727924874911E-02    0.442803930098382814E+01    0.188726957999916493E+03   -0.117370879097030256E+01    0.365031525546955571E+01    0.114041708032078221E+00
    0.236644416997286314E-02    0.426677910565701168E+01    0.153124113007123384E+03   -0.624954609541554795E-01    0.379441358490311309E+01    0.159065124248582934E+00
    0.229884459721641171E-02    0.432474276684292214E+01    0.209845352172851562E+03   -0.478751540184020996E+00    0.346965372562408447E+01    0.439566970825195358E-01
    0.236429008291534149E-02    0.426860046115173386E+01    0.183746712540260859E+03   -0.631622006196725927E-01    0.332985662569564589E+01    0.115541133642060589E+00
    0.235847993210771103E-02    0.427352143229397985E+01    0.196880745678843368E+03    0.886429886869568584E-01    0.365784545395090177E+01    0.492631722936800950E-01
    0.218563852027501768E-02    0.442574003256973558E+01    0.178816748754819457E+03   -0.107515550964567330E+00    0.340450717752098875E+01    0.686371504467289811E-01
    0.218752890775303485E-02    0.442401095393108434E+01    0.164752545122513283E+03   -0.209338810624174698E+00    0.399259643790798613E+01    0.109224503834358111E+00
    0.226388462532055822E-02    0.435539166521145216E+01    0.135232534869494089E+03   -0.468307787187302260E+00    0.384675578148534925E+01    0.196187920016484829E+00
    0.218675410934405633E-02    0.442471945716606463E+01    0.168327071521338553E+03   -0.525177171368633733E+00    0.358288760519282157E+01    0.108453601239084138E+00
    0.232174544126361295E-02    0.430491756584023832E+01    0.251056045293807983E+03    0.672918558120727539E+00    0.250575184822082520E+01    0.218855484008789077E-01
    0.260855420235503194E-02    0.407196381741676472E+01    0.247620925513207169E+03    0.875108152683422347E+00    0.301927938986455402E+01    0.126317563147898410E-01
    0.266685070277776449E-02    0.402775953385722119E+01    0.281539927443190436E+03    0.857125788485447515E+00    0.256200250363614845E+01    0.280597015875301524E-01
    0.266245990651746379E-02    0.403105511752700174E+01    0.250937442462085500E+03    0.868775052558565797E+00    0.251542488950691201E+01    0.849500044822933259E-01
    0.229862969730200515E-02    0.432492973899397626E+01    0.343032211065292358E+03   -0.400794029235839844E+00    0.229758441448211670E+01    0.321916522264480628E-01
    0.222511738592858725E-02    0.438993671830679144E+01    0.269219468087426719E+03   -0.644269644052414936E+00    0.274906423684424261E+01    0.535818531724861769E-01
    0.220696780092123320E-02    0.440631698691236817E+01    0.290809400379657745E+03   -0.216480851173400879E+00    0.258577585220336914E+01    0.562863557338714581E-02
    0.219420794550829329E-02    0.441791378912930544E+01    0.342025426105778820E+03   -0.371088546724196444E-01    0.254062012857576214E+01    0.327858125854932556E-01
    0.230462673838626808E-02    0.431971860677845942E+01    0.306378229842228905E+03   -0.173985170113955867E+00    0.252350200912221112E+01    0.727932749372880439E-01
    0.254168461071722657E-02    0.412390187469182123E+01    0.348986795544624329E+03    0.471366286277770996E+00    0.189461588859558105E+01    0.127483612847328204E+00
    0.247370773682650249E-02    0.417811979594058336E+01    0.324164177382852415E+03    0.309893754538507427E+00    0.205942490794065769E+01    0.138080822866174929E+00
    0.238392304330818997E-02    0.425206112582025497E+01    0.276870724558830261E+03    0.153486967086791992E+00    0.265136599540710449E+01    0.970415162086486899E-01
    0.231610940854048855E-02    0.430977846440651380E+01    0.294915044307708740E+03    0.343479990959167480E+00    0.189229726791381836E+01    0.134710969662666324E+00
    0.265996275326125207E-02    0.403293182187693322E+01    0.291713488379877845E+03    0.718220222522032437E+00    0.237120742241862814E+01    0.569978983866672589E-01
    0.265235508351950545E-02    0.403866015002012091E+01    0.265540108084678650E+03    0.680938363075256348E+00    0.247224092483520508E+01    0.952996712207794250E-01
    0.225614204746537846E-02    0.436224347029000015E+01    0.281015762036691967E+03    0.745919836608883280E+00    0.275107247785524223E+01    0.757956278084547241E-01
    0.234559574969723855E-02    0.428447722084866722E+01    0.261215174025296221E+03   -0.413348613212756177E-01    0.277603196563122090E+01    0.102971061106026121E+00
    0.256448419382755005E-02    0.410604133344880484E+01    0.284997022233870609E+03    0.506722045173084723E+00    0.215666126973464767E+01    0.180416690856117584E+00
    0.242988305268755471E-02    0.421386980274471679E+01    0.337351105316211715E+03    0.903107464295445972E+00    0.201550314457060509E+01    0.126466394502071089E+00
    0.268148700174467578E-02    0.401681307810752397E+01    0.315631711544801760E+03    0.935491055460103915E+00    0.183347686503563168E+01    0.131598800110978381E+00
    0.263881412004610041E-02    0.404889682362771453E+01    0.300488525782818272E+03    0.704390165050316597E+00    0.186801665942333184E+01    0.151025545683510842E+00
    0.237720153144273076E-02    0.425770812473854487E+01    0.264392470658612979E+03    0.733870713566711963E+00    0.194969859130516543E+01    0.145930065499076694E+00
    0.265316948611731560E-02    0.403804614656502991E+01    0.330689020155690287E+03    0.674016321799333351E+00    0.186791370513429378E+01    0.111447742208816883E+00
    0.254928498438895465E-02    0.411793021905625700E+01    0.338464278666957284E+03    0.819133833723251659E+00    0.191267634191444902E+01    0.132852617323904576E+00
    0.224992113870141732E-02    0.436776572992925605E+01    0.311105931477214654E+03   -0.647233119650768796E+00    0.263714862111954940E+01    0.431084132788307345E-01
    0.228050182627586489E-02    0.434076502621761584E+01    0.289054439826016733E+03    0.341865770839635985E+00    0.197373441921995596E+01    0.120594139083517307E+00
    0.227086598820728462E-02    0.434923355950967050E+01    0.321652483582855382E+03    0.723475179689733849E+00    0.133809421294209496E+01    0.173232365778021785E+00
    0.259151913908937026E-02    0.408506757429548895E+01    0.244970810076131727E+03    0.460373672532001343E+00    0.256699589594273991E+01    0.136322239206304902E+00
    0.236795443824503772E-02    0.426550310973999558E+01    0.329283038198462350E+03    0.233392249887537151E+00    0.258449632311028044E+01    0.740537208492269162E-02
    0.263052076383344128E-02    0.405519239090012285E+01    0.317570521980588694E+03    0.611999248154040831E+00    0.181897711273733886E+01    0.137985502605759480E+00
    0.230656604450920092E-02    0.431803634682657300E+01    0.311034614983332403E+03   -0.411748344382634635E+00    0.249586413430723830E+01    0.517718221105777435E-01
    0.265438398782745586E-02    0.403713084595633998E+01    0.327552071703248998E+03    0.811717305587569715E+00    0.152002621419360295E+01    0.187995401279631130E+00
    0.247539604823140708E-02    0.417675525678866943E+01    0.283374145310902350E+03    0.881150218277486186E+00    0.214488644468496759E+01    0.201455951519603882E+00
    0.231095773310654312E-02    0.431423197882930687E+01    0.338667241297304599E+03   -0.173188287940884589E+00    0.193939993411974498E+01    0.170788821198200935E+00
    0.246657844176346704E-02    0.418389217410191350E+01    0.327844477338138404E+03    0.221058390924773640E+00    0.170962847341521496E+01    0.225117433529508804E+00
    0.251251613707625726E-02    0.414698667003837329E+01    0.285366088348569292E+03    0.560946963017165956E+00    0.211045674757500468E+01    0.209237124967564470E+00
    0.253453112703346667E-02    0.412953874182960412E+01    0.266014940518333560E+03    0.341881443963679477E+00    0.203202502016207198E+01    0.245165808305264021E+00
    0.231854026698364657E-02    0.430768047742907001E+01    0.286552901229094743E+03   -0.329612660841064553E+00    0.215867604056850571E+01    0.191825206848157126E+00
    0.258154663181667634E-02    0.409277868416188717E+01    0.276942059548762018E+03    0.604295442126801419E+00    0.181324313233883228E+01    0.209698307217219770E+00
    0.227883514031257915E-02    0.434222724412319216E+01    0.281136047434429770E+03   -0.385930979132329544E+00    0.244628344139414367E+01    0.163396206493243407E+00
    0.221809299646968461E-02    0.439626042995351174E+01    0.257565432547485443E+03   -0.987144750105265922E+00    0.261948926884105049E+01    0.170264251939798078E+00
    0.265565894700920150E-02    0.403617043247427354E+01    0.249343372524859717E+03    0.680412435424376572E+00    0.215400369587511431E+01    0.224133477420132954E+00
    0.264534994862359934E-02    0.404394933764846698E+01    0.285779456802213531E+03    0.644408826015363534E+00    0.235835123857263795E+01    0.862340972274139306E-01
    0.226254664615102834E-02    0.435657403527586329E+01    0.302810325159681270E+03    0.718531419171153374E-02    0.257724407550880219E+01    0.842120502676091398E-01
    0.244486543238120382E-02    0.420157589513875340E+01    0.252108543999746360E+03    0.993958913161024249E+00    0.265334898243081962E+01    0.137366356709129334E+00
    0.240220747713659581E-02    0.423677986869383805E+01    0.224051142860556581E+03    0.312663162398375327E+00    0.235114981134357581E+01    0.211489201550795231E+00
    0.257630106235308106E-02    0.409684671531219102E+01    0.343731395900249481E+03    0.446379184722900391E+00    0.301253199577331543E+00    0.532640462207794263E+00
    0.219590609046016200E-02    0.441636654454964184E+01    0.311395386386641917E+03   -0.259094377424274214E+00    0.930228144468947526E+00    0.541536802638975301E+00
    0.238382728668537535E-02    0.425214146276426241E+01    0.323893477566424963E+03    0.751437957846095017E-01    0.614770122540293507E+00    0.484671187987078478E+00
    0.228100442135091780E-02    0.434032429892290139E+01    0.333110762862167633E+03    0.333178366575399565E-01    0.426667516793449053E+00    0.496531924991169549E+00
    0.262148794281667286E-02    0.406207191485191199E+01    0.332737786163840497E+03    0.873751466964853840E+00    0.369255338206752270E+00    0.551602341195186585E+00
    0.263670181663866465E-02    0.405049841372481012E+01    0.252600618842699873E+03    0.592056694012093043E+00    0.996818072697214674E+00    0.557367402538199719E+00
    0.223231819993579151E-02    0.438347486809491471E+01    0.284600201585564889E+03    0.246764468731646591E+00    0.109992467648185155E+01    0.553366942518144223E+00
    0.266498742738161465E-02    0.402915738234887932E+01    0.304855970917742980E+03    0.769029163937382521E+00    0.884008309260919667E+00    0.439006431179693568E+00
    0.240084365000329571E-02    0.423791566936208142E+01    0.295677662855761696E+03    0.711839521886779458E+00    0.168657159505694487E+01    0.322822270334586825E+00
    0.261283540014528842E-02    0.406868407843876323E+01    0.237815783169952738E+03    0.574710869464047924E+00    0.132878374745346051E+01    0.471212569285470173E+00
    0.256455608801722367E-02    0.410598526511186268E+01    0.242017511083854345E+03    0.452746113984445753E+00    0.128485902382236894E+01    0.483110430561539128E+00
    0.242818001755475393E-02    0.421527203666217609E+01    0.266951982676982880E+03    0.581465959548950195E-01    0.187775850296020508E+01    0.284859140324592586E+00
    0.217054787166880581E-02    0.443959683998289556E+01    0.293278844043460595E+03    0.199572611251932486E-01    0.122980795131057974E+01    0.509819099711039780E+00
    0.229671737810487010E-02    0.432659430906987730E+01    0.282733820833415223E+03   -0.662453076127991203E-01    0.166694260868205646E+01    0.379447253145681951E+00
    0.225989593473541021E-02    0.435891853090781289E+01    0.284664644615878046E+03   -0.250390063436239041E+00    0.135295228602420270E+01    0.474275851781730318E+00
    0.233741877807000682E-02    0.429146159374680192E+01    0.310783172018471078E+03   -0.188952664689827188E+00    0.103089760846677780E+01    0.434840581044621977E+00
    0.221638486371881875E-02    0.439780120466404156E+01    0.340911227464675903E+03   -0.907011806964874268E+00    0.994227528572082520E+00    0.422139377403259297E+00
    0.216998275762459673E-02    0.444011761874997912E+01    0.318268233537673950E+03   -0.958755373954772949E+00    0.136471569538116455E+01    0.345152005648612981E+00
    0.221634961598322000E-02    0.439783301142870275E+01    0.289256143466018557E+03   -0.866413752394920245E+00    0.141925110438793212E+01    0.410432842081658644E+00
    0.218941033700626939E-02    0.442229155207156399E+01    0.333515800626212297E+03   -0.737643164802947116E+00    0.168011294077412821E+01    0.292304138698354699E+00
    0.220653884062463942E-02    0.440670575741417991E+01    0.284745263520764070E+03   -0.516107096609911498E+00    0.160238957156652617E+01    0.325021304208498063E+00
    0.221935441330627222E-02    0.439512336465079922E+01    0.343933541994532447E+03   -0.861470105295600419E+00    0.100223626805681043E+01    0.451539365296620032E+00
    0.229080463433216234E-02    0.433174981309210416E+01    0.308262448503650489E+03   -0.484530067117693530E+00    0.151362571560513270E+01    0.325766834451965859E+00
    0.218411423125611107E-02    0.442713534179421941E+01    0.292569278943748145E+03   -0.108704822671971657E+01    0.120290704365005219E+01    0.474791090413325567E+00
    0.220147271956631961E-02    0.441130295342397805E+01    0.244031942783058696E+03   -0.484088837448586551E+00    0.182880470335016998E+01    0.463852999393328413E+00
    0.220380426750870764E-02    0.440918590319813841E+01    0.234882248381919652E+03   -0.566011797674538908E+00    0.184563035360074235E+01    0.388853292823378827E+00
    0.228217514538760127E-02    0.433929806355762970E+01    0.267979930186072238E+03   -0.483606917323261332E+00    0.208372722185871062E+01    0.290796413480522264E+00
    0.221921082376415899E-02    0.439525276641420426E+01    0.235185035201642791E+03   -0.331162898082923540E+00    0.181966723451678192E+01    0.483723381879136605E+00
    0.217378551105696554E-02    0.443661581647265191E+01    0.242745047263982570E+03   -0.133726836947541061E+01    0.223759071292416500E+01    0.342955871420179081E+00
    0.218763595976619431E-02    0.442391308149297302E+01    0.226546146937968956E+03   -0.117877232286731437E+01    0.277160919273083284E+01    0.242861203757410049E+00
    0.234354333857584706E-02    0.428622799958550438E+01    0.169956579107299433E+03   -0.999570517934968983E-01    0.310297616609411619E+01    0.297664552835517404E+00
    0.229721943215365106E-02    0.432615716413600460E+01    0.214716994762420654E+03   -0.375367581844329834E+00    0.239548504352569580E+01    0.310476857900619518E+00
    0.220230187228945013E-02    0.441054982429292597E+01    0.217155679723183425E+03   -0.672262471207057288E+00    0.245804162218323796E+01    0.282179340645839605E+00
    0.221225320541516618E-02    0.440153296999492571E+01    0.147776916001762174E+03   -0.707062105195563451E+00    0.340827565771704855E+01    0.272165796448238684E+00
    0.230172404553961223E-02    0.432223920789376770E+01    0.168464612278807323E+03   -0.260025716961793663E+00    0.325319092381186259E+01    0.276795782335096774E+00
    0.229634305740434577E-02    0.432692029711780801E+01    0.158961415948391220E+03   -0.193951633371111098E+00    0.298846010721302591E+01    0.314611642719920925E+00
    0.229866933445150657E-02    0.432489525165762689E+01    0.170012006426009094E+03   -0.460806609531227318E+00    0.259544551780404031E+01    0.427957916762835178E+00
    0.228609680516272474E-02    0.433586423931868303E+01    0.175575124376983268E+03   -0.557072535301581961E+00    0.280336938623107912E+01    0.355114800619378723E+00
    0.245823167846831794E-02    0.419067153905882517E+01    0.196753293480977362E+03    0.115435404292158150E+00    0.246700079314378851E+01    0.349486027330032312E+00
    0.238235760671100900E-02    0.425337488534758279E+01    0.200371131662962398E+03    0.775543841969517089E-02    0.255057204853620689E+01    0.343171813874995235E+00
    0.225634805110879431E-02    0.436206086278145477E+01    0.201343510290785389E+03   -0.480123236689329547E+00    0.258192994089626016E+01    0.295566611096472365E+00
    0.240860514287530476E-02    0.423146046009036425E+01    0.247775944483763766E+03    0.777795341324027945E-01    0.218190753364851098E+01    0.297037301015754596E+00
    0.263235819664154767E-02    0.405379586789698365E+01    0.212923478315897626E+03    0.573730016343030336E+00    0.153325373815776977E+01    0.509442812474471207E+00
    0.252571190725577174E-02    0.413651012928861839E+01    0.175769588576174158E+03    0.630774560364637082E+00    0.220296667742984553E+01    0.505043269272795525E+00
    0.252308457318696977E-02    0.413859168224179630E+01    0.167525050962068519E+03    0.930899006445993660E+00    0.199458961409636260E+01    0.460289115015085015E+00
    0.250737118803569204E-02    0.415108632447988057E+01    0.198605220019817352E+03    0.629535257816314697E+00    0.177350342273712158E+01    0.556826942324638363E+00
    0.258681103135505836E-02    0.408870435208032834E+01    0.220711584389209747E+03    0.560644507408142090E+00    0.229629933834075928E+01    0.310268501114845274E+00
    0.230072391316360177E-02    0.432310842566719877E+01    0.160950569972732126E+03    0.688818915882800642E+00    0.184432382863344024E+01    0.509007173319935058E+00
    0.250510297192102320E-02    0.415289638170679520E+01    0.180409642960493557E+03    0.613545542401794819E+00    0.193712639719793600E+01    0.563857281433226998E+00
    0.244382642991767488E-02    0.420242602233714280E+01    0.174222580673213855E+03    0.594620889017136278E+00    0.266711511501436682E+01    0.397574754476200332E+00
    0.233857019795361259E-02    0.429047662999878376E+01    0.205279331166821578E+03    0.184773420027905644E+00    0.214782657070881910E+01    0.463047129874353203E+00
    0.222851817017884419E-02    0.438688232836545922E+01    0.156569900969271089E+03    0.602451401148646148E+00    0.291009329707550446E+01    0.438029704957033639E+00
    0.255189943333110911E-02    0.411588014679304770E+01    0.138848712031242115E+03    0.719380305736219139E+00    0.267201299296198602E+01    0.414497906034015262E+00
    0.232995080348677875E-02    0.429786175625866651E+01    0.150265092979455488E+03    0.795683417273770566E+00    0.326504817677012760E+01    0.339704255751362483E+00
    0.264993090250805006E-02    0.404048893193550551E+01    0.135897405308045165E+03    0.866664219185291795E+00    0.273693177520623543E+01    0.486598507987072659E+00
    0.229002906777280978E-02    0.433242704052902550E+01    0.238813832340778276E+03   -0.497489272175482000E-01    0.192311393143286136E+01    0.424941831629056244E+00
    0.218937209881552974E-02    0.442232648250375426E+01    0.170040484441516583E+03   -0.418719341318853022E+00    0.298450957394227334E+01    0.265168039722549931E+00
    0.248181035449761105E-02    0.417157951115706815E+01    0.179594947813891196E+03    0.269626131484733911E+00    0.211465322739697825E+01    0.512256352573053686E+00
    0.222134877872309225E-02    0.439332692344347997E+01    0.125183175404906720E+03   -0.135444547687851635E+00    0.333997307660543186E+01    0.480029146777049054E+00
    0.236413126956789427E-02    0.426873480903291203E+01    0.158176407829984527E+03   -0.104486224758576052E+00    0.270385336471072257E+01    0.428146388091681374E+00
    0.224992230399767351E-02    0.436776469407432621E+01    0.134169877923862146E+03   -0.418196802551134894E+00    0.296303545676251545E+01    0.535460890278053880E+00
    0.230494334586303857E-02    0.431944386751081932E+01    0.145668969719350002E+03   -0.121792571775534597E+00    0.251508960270833715E+01    0.508612470673439843E+00
    0.228863171917623957E-02    0.433364778930686700E+01    0.155131628472299326E+03   -0.529342827952951289E+00    0.246493133707995771E+01    0.552495598311919855E+00
    0.251869938775550186E-02    0.414207075756214316E+01    0.129604000121526639E+03    0.300051470122559394E+00    0.276258512041722959E+01    0.511806007434131849E+00
