    0.172153596580028534E+03   -0.155356955528259277E+01   -0.435067772865295410E+01    0.301451361894607528E+00   -0.101989423254554012E+03   -0.485202009141426682E+01    1
    0.215450592339038849E+03   -0.187191736698150635E+01   -0.413024246692657471E+01    0.165004893136024483E+00   -0.963343201964667344E+02   -0.485983259141427482E+01    1
    0.180468954145908356E+03    0.490760803222656250E-01   -0.388320147991180420E+01    0.187134758377075189E+00   -0.861087247777540341E+02   -0.486764509141427837E+01    1
    0.294512605667114258E+03   -0.169725441932678223E+01   -0.453371405601501465E+01    0.174372794365882877E+00   -0.857920389492601885E+02   -0.487545759141427837E+01    1
    0.316646207869052887E+03   -0.547633171081542969E-01   -0.489956915378570557E+01    0.183913228797912609E+00   -0.803869907272647879E+02   -0.488327009141427215E+01    1
    0.127392289042472839E+03    0.623948037624359131E+00   -0.267389774322509766E+01    0.757583840131759723E-01   -0.776818916156913133E+02   -0.489108259141427038E+01    1
    0.270144455134868622E+03   -0.745544433593750000E-01   -0.472800970077514648E+01    0.286724320793151854E+00   -0.768232264075040234E+02   -0.489889509141427659E+01    1
    0.163520477712154388E+03    0.351837217807769775E+00   -0.426153063774108887E+01    0.496765906763076803E+00   -0.729333430956211259E+02   -0.490670759141427038E+01    1
    0.195900614559650421E+03    0.452427387237548828E+00   -0.462301254272460938E+01    0.481409632945060728E+00   -0.710862707982224720E+02   -0.491452009141427393E+01    1
    0.197904264926910400E+03   -0.100372135639190674E+00   -0.338347852230072021E+01    0.224641948056221008E+00   -0.686637552636690600E+02   -0.492233259141426949E+01    1
    0.186489748954772949E+03   -0.139641284942626953E+00   -0.283049464225769043E+01    0.103895795989036560E+00   -0.681626796203981371E+02   -0.493014509141426949E+01    1
    0.224864582717418671E+03    0.823709845542907715E+00   -0.409127712249755859E+01    0.183305114936828606E+00   -0.675986305297673908E+02   -0.493795759141427482E+01    1
    0.302488180994987488E+03   -0.188144940137863159E+01   -0.330179274082183838E+01    0.454155698776245106E-01   -0.664069864340444553E+02   -0.494577009141427482E+01    1
    0.263162410259246826E+03    0.279692411422729492E-01   -0.370931267738342285E+01    0.145159241938591005E+00   -0.655041319320626769E+02   -0.495358259141427215E+01    1
    0.345768144726753235E+03   -0.267052650451660156E+00   -0.383772790431976318E+01    0.494834230899810837E-01   -0.642674126414880789E+02   -0.496139509141427393E+01    1
    0.259889176487922668E+03    0.242750167846679688E+00   -0.310835540294647217E+01    0.237674124240875272E-02   -0.621027472038907931E+02   -0.496920759141427215E+01    1
    0.188436120748519897E+03   -0.130969166755676270E+01   -0.273754894733428955E+01    0.228670156502723709E+00   -0.620650944058075140E+02   -0.497702009141426860E+01    1
    0.140910877287387848E+03   -0.477226257324218750E+00   -0.173133969306945801E+01    0.100754067707061773E+00   -0.609589698921115257E+02   -0.498483259141426771E+01    1
    0.257064220309257507E+03   -0.169231057167053223E+01   -0.264418721199035645E+01    0.327693331003189106E-01   -0.609337127914030887E+02   -0.499264509141426949E+01    1
    0.213370861113071442E+03    0.348511993885040283E+00   -0.321447193622589111E+01    0.174252870655059816E+00   -0.607994529189214106E+02   -0.500045759141427038E+01    1
    0.141609632968902588E+03   -0.986450254917144775E+00   -0.140717446804046631E+01    0.394639420509338423E-01   -0.606648351412204008E+02   -0.500827009141427038E+01    1
    0.317829625308513641E+03   -0.157334208488464355E-01   -0.374810934066772461E+01    0.103311359810829173E+00   -0.603434924763840854E+02   -0.501608259141426771E+01    1
    0.148360350728034973E+03    0.259562969207763672E+00   -0.366691052913665771E+01    0.568897545289993256E+00   -0.603422091405728409E+02   -0.502389509141427126E+01    1
    0.272373732924461365E+03   -0.105665349960327148E+01   -0.406279981136322021E+01    0.367819156408309922E+00   -0.602469180813649530E+02   -0.503170759141427926E+01    1
    0.327308873832225800E+03   -0.195897936820983887E+00   -0.319956243038177490E+01    0.984223959445953457E-02   -0.558565509393424691E+02   -0.503952009141427748E+01    1
    0.295982201397418976E+03   -0.102343595027923584E+01   -0.374363780021667480E+01    0.297231650805473313E+00   -0.549289764343491029E+02   -0.504733259141427748E+01    1
    0.312197710573673248E+03   -0.122350817918777466E+01   -0.378302156925201416E+01    0.301596942114830013E+00   -0.532480180245690420E+02   -0.505514509141427215E+01    1
    0.282609806954860687E+03    0.441906332969665527E+00   -0.304324924945831299E+01    0.312344801902771016E-01   -0.526800574880737003E+02   -0.506295759141426593E+01    1
    0.294781228899955750E+03   -0.776798427104949951E+00   -0.272966206073760986E+01    0.353769829273223868E-01   -0.524676307588078146E+02   -0.507077009141427304E+01    1
    0.210961084067821503E+03   -0.192743855714797974E+01   -0.194626629352569580E+01    0.109761310744285592E+00   -0.518758998021459661E+02   -0.507858259141427304E+01    1
    0.274512647092342377E+03    0.628530323505401611E+00   -0.393319606781005859E+01    0.266973550915718061E+00   -0.516517964211394300E+02   -0.508639509141426860E+01    1
    0.242020997405052185E+03    0.181063294410705566E+00   -0.335590600967407227E+01    0.280300231075286899E+00   -0.514451480265772574E+02   -0.509420759141426771E+01    1
    0.322774854302406311E+03   -0.186920762062072754E+00   -0.301769673824310303E+01    0.477739899158477824E-01   -0.503158049407848580E+02   -0.510202009141427126E+01    1
    0.209587511420249939E+03   -0.583336949348449707E-01   -0.235492467880249023E+01    0.142331874132156366E+00   -0.501806973058163948E+02   -0.510983259141427748E+01    1
    0.323820620775222778E+03   -0.151184421777725220E+01   -0.434633135795593262E+01    0.505408329248428378E+00   -0.497673481046430553E+02   -0.511764509141427038E+01    1
    0.220696362853050232E+03    0.948727607727050781E+00   -0.449605584144592285E+01    0.547711239123344407E+00   -0.494771940522073521E+02   -0.512545759141426505E+01    1
    0.224754357337951660E+03   -0.183825796842575073E+01   -0.325003981590270996E+01    0.486457789993286149E+00   -0.485242783195468022E+02   -0.513327009141426593E+01    1
    0.173101489245891571E+03   -0.154396545886993408E+01   -0.116417348384857178E+01    0.481771587610244773E-01   -0.482573637422049728E+02   -0.514108259141427038E+01    1
    0.275330613553524017E+03    0.840737044811248779E+00   -0.459367632865905762E+01    0.459830325007438701E+00   -0.480663066531509031E+02   -0.514889509141427304E+01    1
    0.252018448710441589E+03    0.364786386489868164E-02   -0.406003057956695557E+01    0.529146843981742832E+00   -0.479431291226177621E+02   -0.515670759141427038E+01    1
    0.169677166640758514E+03   -0.165610986948013306E+01   -0.167072236537933350E+01    0.227618921971321109E+00   -0.476365007426762475E+02   -0.516452009141426771E+01    1
    0.166688635945320129E+03    0.351289868354797363E+00   -0.215037465095520020E+01    0.264398074078559864E+00   -0.453161153533368051E+02   -0.517233259141426593E+01    1
    0.311580252647399902E+03   -0.153060555458068848E-01   -0.399480164051055908E+01    0.429928140950202931E+00   -0.435302533201328288E+02   -0.518014509141426593E+01    1
    0.342930461466312408E+03    0.411484181880950928E+00   -0.434832990169525146E+01    0.453323875164985679E+00   -0.413928102506388456E+02   -0.518795759141426949E+01    1
    0.334929338097572327E+03   -0.104040521383285522E+01   -0.392245233058929443E+01    0.479496141815185573E+00   -0.406099178301993220E+02   -0.519577009141427038E+01    1
    0.289259231090545654E+03   -0.411978662014007568E+00   -0.288606286048889160E+01    0.275710138249397274E+00   -0.394182205768363900E+02   -0.520358259141426593E+01    1
    0.185730294883251190E+03   -0.131601202487945557E+01   -0.224932372570037842E+01    0.494627921175956720E+00   -0.364447357075335887E+02   -0.521139509141426771E+01    1
    0.130095352232456207E+03    0.732440352439880371E+00   -0.152410924434661865E+01    0.320996402049064655E+00   -0.362302819180945761E+02   -0.521920759141426860E+01    1
    0.253724843263626099E+03   -0.876918315887451172E+00   -0.256363749504089355E+01    0.359856017303466835E+00   -0.360349916020530543E+02   -0.522702009141426593E+01    1
    0.198420523107051849E+03   -0.793279170989990234E+00   -0.161855340003967285E+01    0.265784446763992321E+00   -0.354261352659277406E+02   -0.523483259141426860E+01    1
    0.215932504832744598E+03   -0.100384777784347534E+01   -0.186342120170593262E+01    0.294348807621002184E+00   -0.352679781377326051E+02   -0.524264509141427393E+01    1
    0.309259162843227386E+03    0.812873899936676025E+00   -0.366017758846282959E+01    0.342153025817871104E+00   -0.351196974954632850E+02   -0.525045759141427482E+01    1
    0.132383893430233002E+03    0.692331850528717041E+00   -0.509061813354492188E+00    0.439254452705383283E-01   -0.349565372623823194E+02   -0.525827009141427659E+01    1
    0.155503877997398376E+03    0.360984086990356445E+00   -0.182013809680938721E+01    0.394795133686065669E+00   -0.348952553366473950E+02   -0.526608259141428015E+01    1
    0.284087918698787689E+03   -0.686721622943878174E+00   -0.209200084209442139E+01    0.170061101961135858E+00   -0.342919967331720841E+02   -0.527389509141427659E+01    1
    0.244500270485877991E+03   -0.187748348712921143E+01   -0.183471679687500000E+01    0.275311336469650281E+00   -0.337234827937583717E+02   -0.528170759141427126E+01    1
    0.221397358179092407E+03   -0.190446794033050537E+01   -0.118336141109466553E+01    0.186201809906959531E+00   -0.323491394037577180E+02   -0.528952009141427393E+01    1
    0.210843053460121155E+03   -0.114203929901123047E+00   -0.196011543273925781E+01    0.339265133213996872E+00   -0.321748396081012942E+02   -0.529733259141427126E+01    1
    0.202552962303161621E+03   -0.156185668706893921E+01   -0.163573324680328369E+01    0.370896265769004807E+00   -0.317632162646193486E+02   -0.530514509141426416E+01    1
    0.309178227186203003E+03   -0.112767124176025391E+01   -0.340805709362030029E+01    0.554605811905860890E+00   -0.315659899257561918E+02   -0.531295759141427038E+01    1
    0.152717424929141998E+03   -0.171999830007553101E+01   -0.107049942016601562E-02    0.985446737766265957E-01   -0.314923805469781115E+02   -0.532077009141427038E+01    1
    0.161877182126045227E+03   -0.170956397056579590E+01   -0.760673880577087402E+00    0.287232538032531737E+00   -0.311644224004696682E+02   -0.532858259141426416E+01    1
    0.185841593146324158E+03   -0.188394117355346680E+01   -0.107997536659240723E+01    0.291051912045478811E+00   -0.309648319566130681E+02   -0.533639509141427304E+01    1
    0.349412073194980621E+03   -0.138405734300613403E+01   -0.183482050895690918E+01    0.759610772609710660E-01   -0.304873181072579165E+02   -0.534420759141427837E+01    1
    0.133816246688365936E+03   -0.944782495498657227E+00   -0.383684039115905762E+00    0.302531528234481817E+00   -0.292755830676630922E+02   -0.535202009141427126E+01    1
    0.193763819336891174E+03   -0.177407431602478027E+01   -0.827165246009826660E+00    0.240370548319816607E+00   -0.286699739568842205E+02   -0.535983259141427126E+01    1
    0.340295673906803131E+03    0.928085505962371826E+00   -0.300949871540069580E+01    0.209886213970184338E+00   -0.286459113198472863E+02   -0.536764509141427837E+01    1
    0.330265499651432037E+03   -0.194584155082702637E+01   -0.207193255424499512E+01    0.251065866851806652E+00   -0.280044660375081271E+02   -0.537545759141427215E+01    1
    0.145892289280891418E+03    0.835478305816650391E-03   -0.474688410758972168E+00    0.234729800963401791E+00   -0.277088643039486193E+02   -0.538327009141427126E+01    1
    0.223200942575931549E+03   -0.627201616764068604E+00   -0.475124120712280273E+00    0.603736560344696107E-02   -0.273671928139649019E+02   -0.539108259141427482E+01    1
    0.348419991135597229E+03    0.663328588008880615E+00   -0.303868234157562256E+01    0.286946085834503206E+00   -0.270829750178195923E+02   -0.539889509141427748E+01    1
    0.317254774272441864E+03   -0.166233491897583008E+01   -0.305144786834716797E+01    0.559729642009735073E+00   -0.269722630005350865E+02   -0.540670759141427926E+01    1
    0.255883136391639709E+03   -0.427946746349334717E+00   -0.178526401519775391E+01    0.281522190570831332E+00   -0.269516668595244475E+02   -0.541452009141427926E+01    1
    0.222613324224948883E+03   -0.136207771301269531E+01   -0.192075192928314209E+01    0.504162657952308635E+00   -0.256126394602434608E+02   -0.542233259141428015E+01    1
    0.138272508978843689E+03   -0.130486565828323364E+01   -0.115305185317993164E-01    0.273318453454971300E+00   -0.255530527784861086E+02   -0.543014509141427837E+01    1
    0.247706167399883270E+03    0.199441432952880859E+00   -0.256538927555084229E+01    0.508265618276596109E+00   -0.251888413574893981E+02   -0.543795759141427748E+01    1
    0.339138488471508026E+03   -0.174103826284408569E+01   -0.168740034103393555E+01    0.187971324348449709E+00   -0.246823298459953619E+02   -0.544577009141427748E+01    1
    0.226050508022308350E+03   -0.191951370239257812E+01   -0.448948144912719727E+00    0.124952045488357547E+00   -0.244873079421912827E+02   -0.545358259141427038E+01    1
    0.329909785091876984E+03    0.739494740962982178E+00   -0.240239441394805908E+01    0.231324922871589678E+00   -0.223905775703563279E+02   -0.546139509141426327E+01    1
    0.235523614287376404E+03   -0.114728552103042603E+01   -0.576993227005004883E+00    0.141386029171943678E+00   -0.222545510016203920E+02   -0.546920759141426149E+01    1
    0.133461149036884308E+03   -0.953080356121063232E+00   -0.303468704223632812E+00    0.440627007722854624E+00   -0.222363666325847191E+02   -0.547702009141426238E+01    1
    0.317743687331676483E+03   -0.169203162193298340E+00   -0.177663505077362061E+01    0.231101997828483591E+00   -0.217008124670055089E+02   -0.548483259141427393E+01    1
    0.337038560211658478E+03    0.829187631607055664E+00   -0.205607175827026367E+01    0.127138546442985528E+00   -0.215235066877690784E+02   -0.549264509141427659E+01    1
    0.254507552087306976E+03   -0.154448956251144409E+01   -0.569626092910766602E+00    0.140085906028747570E+00   -0.210556949700073055E+02   -0.550045759141427482E+01    1
    0.237555213272571564E+03   -0.125937342643737793E+01    0.153553485870361328E-01    0.291232087612152100E-01   -0.199662983357919188E+02   -0.550827009141427482E+01    1
    0.219282127916812897E+03    0.471400797367095947E+00   -0.161737501621246338E+01    0.434368627667427065E+00   -0.189773911063260314E+02   -0.551608259141426771E+01    1
    0.335811489820480347E+03   -0.192535877227783203E+00   -0.162279427051544189E+01    0.230437248587608334E+00   -0.185754631873343037E+02   -0.552389509141426327E+01    1
    0.274277886748313904E+03   -0.150019913911819458E+01   -0.109274148941040039E+01    0.301105135488510145E+00   -0.183421406319717910E+02   -0.553170759141427304E+01    1
    0.242990589141845703E+03   -0.118091773986816406E+01   -0.124794423580169678E+01    0.456375566840171831E+00   -0.168229623818032081E+02   -0.553952009141427837E+01    1
    0.172736386954784393E+03   -0.418756783008575439E+00   -0.416243076324462891E+00    0.405239243602752708E+00   -0.167943644173818498E+02   -0.554733259141427215E+01    1
    0.304175665974617004E+03   -0.197950309514999390E+01   -0.182146191596984863E+01    0.517282721328735318E+00   -0.162431677235348957E+02   -0.555514509141427126E+01    1
    0.257035480439662933E+03    0.167410671710968018E+00   -0.761472582817077637E+00    0.202616073560714732E+00   -0.160324533491786312E+02   -0.556295759141427038E+01    1
    0.342011067271232605E+03   -0.237548172473907471E+00    0.455853462219238281E+01    0.410275425338745114E+00   -0.160117349462296232E+02   -0.557077009141426682E+01    1
    0.177990311384201050E+03   -0.538053929805755615E+00   -0.630041956901550293E+00    0.490287842845916755E+00   -0.153450981841282985E+02   -0.557858259141426949E+01    1
    0.246005915105342865E+03    0.848750948905944824E+00   -0.135262012481689453E+01    0.318495438265800512E+00   -0.152093012665886569E+02   -0.558639509141427038E+01    1
    0.224378177523612976E+03    0.403063833713531494E+00   -0.423200726509094238E+00    0.201088828897476202E+00   -0.151236889835332065E+02   -0.559420759141427038E+01    1
    0.260606077313423157E+03   -0.141762071847915649E+01   -0.303713083267211914E+00    0.232644117808341988E+00   -0.140712113523670972E+02   -0.560202009141427748E+01    1
    0.299252940714359283E+03    0.494830608367919922E+00    0.391436517238616943E+01    0.556218555521965086E+00   -0.136976519276341993E+02   -0.560983259141427482E+01    1
    0.278518646955490112E+03    0.286836743354797363E+00    0.441541790962219238E+01    0.460381257605552707E+00   -0.133916083740641838E+02   -0.561764509141427304E+01    1
    0.272672195732593536E+03   -0.170528709888458252E+00   -0.437142848968505859E+00    0.186206586384773248E+00   -0.133192388278345479E+02   -0.562545759141427126E+01    1
    0.188975660502910614E+03   -0.137733966112136841E+01    0.782680511474609375E-01    0.370177235269546545E+00   -0.130883469195912365E+02   -0.563327009141427126E+01    1
    0.162585432827472687E+03    0.698036193847656250E+00    0.684873461723327637E+00    0.117642362666130068E+00   -0.127055267051192224E+02   -0.564108259141427304E+01    1
    0.296417215466499329E+03    0.599918484687805176E+00    0.422866821289062500E+01    0.426860652780532868E+00   -0.126557740407950856E+02   -0.564889509141427038E+01    1
    0.269517193734645844E+03    0.371228873729705811E+00    0.453733086585998535E+01    0.402529957151412987E+00   -0.124350929268749990E+02   -0.565670759141426860E+01    1
    0.151915471255779266E+03   -0.119657182693481445E+01    0.727231502532958984E+00    0.363701661944389354E+00   -0.119421852817008052E+02   -0.566452009141426682E+01    1
    0.258921864628791809E+03    0.897809088230133057E+00   -0.919882059097290039E+00    0.283207980179786711E+00   -0.114799579677025232E+02   -0.567233259141426682E+01    1
    0.349658219516277313E+03    0.561800003051757812E-01   -0.104342639446258545E+01    0.250161986660957347E+00   -0.111186442803691889E+02   -0.568014509141426771E+01    1
    0.156332921981811523E+03    0.772443711757659912E+00    0.843881368637084961E+00    0.148239319539070130E+00   -0.110557625215156285E+02   -0.568795759141426771E+01    1
    0.307066081464290619E+03   -0.127036654949188232E+01   -0.433887839317321777E+00    0.259457319545745857E+00   -0.107515624992755292E+02   -0.569577009141426771E+01    1
    0.285269324481487274E+03    0.583582222461700439E+00   -0.288847684860229492E+00    0.114047994875907902E+00   -0.106941128218069572E+02   -0.570358259141427038E+01    1
    0.214315655827522278E+03   -0.142280828952789307E+01    0.178599357604980469E-01    0.401768654823303262E+00   -0.105267293117846954E+02   -0.571139509141427126E+01    1
    0.215721750259399414E+03   -0.133694005012512207E+01   -0.268982052803039551E+00    0.477573438906669645E+00   -0.104608334394093117E+02   -0.571920759141427038E+01    1
    0.262989836931228638E+03    0.254334986209869385E+00   -0.147442877292633057E+01    0.567428607773780791E+00   -0.103494458717763163E+02   -0.572702009141427482E+01    1
    0.308788743615150452E+03   -0.128495150804519653E+01   -0.118309199810028076E+01    0.485956771588325509E+00   -0.102422489227894253E+02   -0.573483259141427482E+01    1
    0.221760247647762299E+03   -0.135404145717620850E+01    0.933238267898559570E+00    0.129853189373016376E+00   -0.100526851320231039E+02   -0.574264509141427038E+01    1
    0.266478143632411957E+03   -0.109389257431030273E+01    0.217177271842956543E+00    0.192797886943817137E+00   -0.999276444114530449E+01   -0.575045759141426860E+01    1
    0.133505687117576599E+03   -0.117504870891571045E+01    0.154073476791381836E+01    0.301624372744560276E+00   -0.966056853052268671E+01   -0.575827009141427304E+01    1
    0.185573922097682953E+03   -0.788888752460479736E+00    0.137714207172393799E+01    0.978564856767654423E-01   -0.956147485481701409E+01   -0.576608259141427304E+01    1
    0.175336198508739471E+03   -0.288242638111114502E+00    0.556029081344604492E+00    0.356153018760681173E+00   -0.932316330129468795E+01   -0.577389509141427215E+01    1
    0.311007480323314667E+03   -0.697330832481384277E+00   -0.520704984664916992E+00    0.299550289607048048E+00   -0.927591147550109341E+01   -0.578170759141427126E+01    1
    0.209451282024383545E+03   -0.144727772474288940E+01    0.473685383796691895E+01    0.431009706115722646E+00   -0.891024470910732269E+01   -0.578952009141427215E+01    1
    0.222636632621288300E+03    0.451293349266052246E+00    0.430069386959075928E+01    0.425835620641708379E+00   -0.880447528833766846E+01   -0.579733259141427038E+01    1
    0.194850516319274902E+03    0.483321249485015869E+00    0.446262776851654053E+01    0.440076928067207329E+00   -0.828214137450509291E+01   -0.580514509141426771E+01    1
    0.191089831292629242E+03    0.990242838859558105E+00    0.189995765686035156E+00    0.305591612863540640E+00   -0.822801586598235168E+01   -0.581295759141427393E+01    1
    0.289665612578392029E+03    0.710868775844573975E+00    0.358856916427612305E+01    0.399893034338951125E+00   -0.817959712681346396E+01   -0.582077009141427482E+01    1
    0.189007592201232910E+03   -0.158961361646652222E+01    0.449890673160552979E+01    0.525150637936592113E+00   -0.811363850109649221E+01   -0.582858259141427570E+01    1
    0.224573348462581635E+03    0.991149425506591797E+00   -0.154256820678710938E-01    0.264295482158660888E+00   -0.808577501145381206E+01   -0.583639509141427126E+01    1
    0.345955644547939301E+03   -0.145308792591094971E+00   -0.942962765693664551E+00    0.373008970141410823E+00   -0.803855272141298727E+01   -0.584420759141426860E+01    1
    0.178045725822448730E+03   -0.136259233951568604E+01    0.488908827304840088E+01    0.432008160567283639E+00   -0.798180069661282410E+01   -0.585202009141427393E+01    1
    0.324478016793727875E+03    0.356013774871826172E-01    0.279461383819580078E+01    0.553297636985778829E+00   -0.785098730773783515E+01   -0.585983259141427748E+01    1
    0.196176399290561676E+03   -0.570239365100860596E+00    0.810378789901733398E+00    0.302532347059249862E+00   -0.774162419912369071E+01   -0.586764509141427215E+01    1
    0.298781917989253998E+03   -0.128209370374679565E+01    0.361626863479614258E+01    0.423246701431274408E+00   -0.766226290562938761E+01   -0.587545759141427215E+01    1
    0.303534068167209625E+03    0.195546865463256836E+00    0.310391485691070557E+01    0.490120154356956494E+00   -0.763641502041973741E+01   -0.588327009141427304E+01    1
    0.227300631999969482E+03   -0.179464346170425415E+01    0.446893930435180664E+01    0.388178210735321050E+00   -0.760784898046425084E+01   -0.589108259141427215E+01    1
    0.246433097124099731E+03   -0.136588394641876221E+00    0.372288227081298828E+01    0.470568427133560174E+00   -0.749754764426739584E+01   -0.589889509141427570E+01    1
    0.214884082973003387E+03    0.693317651748657227E+00    0.403800070285797119E+01    0.431142526316642793E+00   -0.737864807878953499E+01   -0.590670759141427304E+01    1
    0.210625325143337250E+03    0.571359932422637939E+00   -0.564771890640258789E-01    0.404128473687171974E+00   -0.736578217707761240E+01   -0.591452009141427748E+01    1
    0.236376744508743286E+03   -0.118342381715774536E+01    0.494387447834014893E+01    0.169233816003799442E+00   -0.713395533823217676E+01   -0.592233259141427659E+01    1
    0.276826642453670502E+03    0.277164340019226074E+00    0.872455835342407227E+00    0.392592358589172359E-02   -0.713246514200903814E+01   -0.593014509141427659E+01    1
    0.254583968222141266E+03    0.674565792083740234E+00    0.391900539398193359E+01    0.331153548002243059E+00   -0.713128374021318834E+01   -0.593795759141427748E+01    1
    0.282098537683486938E+03    0.813546061515808105E+00    0.361395597457885742E+01    0.338001618361473077E+00   -0.709881634794576133E+01   -0.594577009141426949E+01    1
    0.210657954216003418E+03   -0.490715086460113525E+00    0.108837187290191650E+01    0.204911921739578257E+00   -0.700924031842733797E+01   -0.595358259141426593E+01    1
    0.275355061888694763E+03   -0.852156162261962891E+00    0.105935692787170410E+01    0.512381304502487200E-01   -0.696783018376106966E+01   -0.596139509141426860E+01    1
    0.143904705345630646E+03   -0.861845552921295166E+00    0.210082948207855225E+01    0.193767000174522419E+00   -0.694032415241245548E+01   -0.596920759141426593E+01    1
    0.273652610182762146E+03   -0.181539463996887207E+01    0.138594269752502441E+01    0.204713697910308828E-01   -0.686991452099522437E+01   -0.597702009141426682E+01    1
    0.180353739857673645E+03    0.224246144294738770E+00    0.127238929271697998E+01    0.192019150471687328E+00   -0.681577756319473949E+01   -0.598483259141427570E+01    1
    0.210600206255912781E+03   -0.449279785156250000E+00    0.673264861106872559E+00    0.333824588513374321E+00   -0.677917814273671659E+01   -0.599264509141427126E+01    1
    0.296074295043945312E+03    0.180451214313507080E+00    0.832400918006896973E+00    0.502683348655700701E-02   -0.673822477156301769E+01   -0.600045759141427215E+01    1
    0.199956691265106201E+03   -0.137780886888504028E+01    0.332951545715332031E+00    0.531850023365020741E+00   -0.662899179667712879E+01   -0.600827009141427126E+01    1
    0.148310180008411407E+03   -0.809545159339904785E+00    0.456778466701507568E+01    0.527243895220756542E+00   -0.628618693296037190E+01   -0.601608259141427038E+01    1
    0.211642405390739441E+03   -0.816457748413085938E+00    0.230783224105834961E-01    0.568947323012351958E+00   -0.626238016705868539E+01   -0.602389509141427926E+01    1
    0.346434405446052551E+03   -0.167247366905212402E+01    0.305166482925415039E+01    0.408460875535011314E+00   -0.620825802354038814E+01   -0.603170759141427570E+01    1
    0.128547650575637817E+03   -0.153673386573791504E+01    0.182334959506988525E+01    0.436587983965873727E+00   -0.615359628499765776E+01   -0.603952009141427215E+01    1
    0.204064789414405823E+03   -0.635315299034118652E+00    0.463771581649780273E+01    0.271560095500946064E+00   -0.612393267639064831E+01   -0.604733259141427837E+01    1
    0.221939714252948761E+03    0.607905209064483643E+00    0.476174712181091309E+01    0.986919598817825316E-01   -0.579573806688956150E+01   -0.605514509141427748E+01    1
    0.185387052595615387E+03   -0.667017757892608643E+00    0.155088841915130615E+01    0.228080909729003911E+00   -0.575844865632436953E+01   -0.606295759141427126E+01    1
    0.143053452670574188E+03   -0.110574847459793091E+01    0.442369818687438965E+01    0.564625395298004151E+00   -0.570026818176391092E+01   -0.607077009141427482E+01    1
    0.345929305255413055E+03    0.415662527084350586E-01    0.286090910434722900E+01    0.350438884234428427E+00   -0.560610151135481338E+01   -0.607858259141427482E+01    1
    0.256341311335563660E+03   -0.802284955978393555E+00    0.363928079605102539E-01    0.467344509315490764E+00   -0.559088217050577896E+01   -0.608639509141426860E+01    1
    0.249979366362094879E+03   -0.176583886146545410E+01    0.406800210475921631E+01    0.298941322803497334E+00   -0.555924790204568176E+01   -0.609420759141427393E+01    1
    0.201047317683696747E+03    0.718756437301635742E+00    0.393107354640960693E+01    0.374546279525756864E+00   -0.545819939069445503E+01   -0.610202009141427393E+01    1
    0.328315667808055878E+03   -0.172582226991653442E+01    0.256979227066040039E+01    0.518924567341804477E+00   -0.541136047018601474E+01   -0.610983259141426860E+01    1
    0.317210987210273743E+03   -0.924512147903442383E+00    0.110844016075134277E+01    0.368354463100433391E-01   -0.539498674726383509E+01   -0.611764509141427482E+01    1
    0.189127500355243683E+03   -0.148400807380676270E+01    0.442246496677398682E+01    0.360289857959747328E+00   -0.539354758701398929E+01   -0.612545759141427215E+01    1
    0.214257478713989258E+03   -0.139415729045867920E+01    0.154797494411468506E+01    0.212893825578689577E+00   -0.531149022047496722E+01   -0.613327009141427215E+01    1
    0.177357417345046997E+03   -0.485429704189300537E+00    0.441786110401153564E+01    0.336542779684066762E+00   -0.509651156027243957E+01   -0.614108259141427126E+01    1
    0.235639257729053497E+03    0.438801407814025879E+00    0.160570383071899414E+01    0.232157292366027852E-02   -0.507965642636264647E+01   -0.614889509141426327E+01    1
    0.290318113565444946E+03   -0.135807442665100098E+01    0.394030570983886719E+01    0.180531584858894367E+00   -0.505704789657532761E+01   -0.615670759141427038E+01    1
    0.219427128136157990E+03    0.684788227081298828E-01    0.450512766838073730E+00    0.432744659328460735E+00   -0.501646927097027007E+01   -0.616452009141426771E+01    1
    0.299851663410663605E+03   -0.521772563457489014E+00    0.313157975673675537E+01    0.339636845541000376E+00   -0.495251088135931017E+01   -0.617233259141426593E+01    1
    0.251288485527038574E+03   -0.175244927406311035E+00    0.171315610408782959E+01    0.603791148662567202E-02   -0.494626316954542489E+01   -0.618014509141427659E+01    1
    0.170454779267311096E+03    0.851292788982391357E+00    0.932247042655944824E+00    0.383657752132415764E+00   -0.487502583228908204E+01   -0.618795759141427215E+01    1
    0.231787109375000000E+03   -0.187955200672149658E+00    0.431349933147430420E+01    0.154380948829650894E+00   -0.482412658710766173E+01   -0.619577009141426949E+01    1
    0.173096768558025360E+03    0.467616915702819824E+00    0.553585290908813477E+00    0.531750433802604672E+00   -0.479425259187700892E+01   -0.620358259141426771E+01    1
    0.284161089360713959E+03   -0.156106704473495483E+01    0.347554922103881836E+01    0.309215628933906583E+00   -0.477922206037793362E+01   -0.621139509141426327E+01    1
    0.223277063667774200E+03    0.700412988662719727E+00    0.445366203784942627E+01    0.801528118371963583E-01   -0.457378311574498042E+01   -0.621920759141426949E+01    1
    0.213484103977680206E+03    0.632042586803436279E+00    0.177896142005920410E+01    0.342614024162292488E-01   -0.453287172200244903E+01   -0.622702009141427304E+01    1
    0.234635816514492035E+03   -0.142505043745040894E+01    0.976019501686096191E+00    0.370047690367698690E+00   -0.448177884334449672E+01   -0.623483259141427393E+01    1
    0.132802116870880127E+03    0.666751265525817871E-01    0.321270346641540527E+01    0.144916630983352671E-01   -0.439986903166203636E+01   -0.624264509141427482E+01    1
    0.290345190465450287E+03    0.944272279739379883E+00    0.112348854541778564E+01    0.100868976116180427E-02   -0.439419621850741304E+01   -0.625045759141427126E+01    1
    0.312274274230003357E+03    0.572749853134155273E+00    0.332242250442504883E+01    0.158981379318237304E+00   -0.439184126484121773E+01   -0.625827009141426860E+01    1
    0.248909473419189453E+03    0.452733159065246582E+00    0.970449447631835938E+00    0.199588161921501167E+00   -0.436185422941752421E+01   -0.626608259141427304E+01    1
    0.285599571466445923E+03   -0.757393717765808105E+00    0.427852869033813477E+01    0.740975003242492700E-02   -0.432485031993049507E+01   -0.627389509141427126E+01    1
    0.139220361411571503E+03    0.520067512989044189E+00    0.229470074176788330E+01    0.202584412336349495E+00   -0.431608075189325202E+01   -0.628170759141427304E+01    1
    0.289794211089611053E+03   -0.373421370983123779E+00    0.249379873275756836E-01    0.451785132837295544E+00   -0.428847292916625733E+01   -0.628952009141427304E+01    1
    0.251731278002262115E+03   -0.103341788053512573E+01    0.340747177600860596E+01    0.344586334204673772E+00   -0.426525512558415532E+01   -0.629733259141426682E+01    1
    0.318309070169925690E+03   -0.699851036071777344E+00    0.256301164627075195E+01    0.405038256239891092E+00   -0.426033999526311469E+01   -0.630514509141426771E+01    1
    0.172666703164577484E+03   -0.255369126796722412E+00    0.354987204074859619E+01    0.529364651370048511E+00   -0.425797489613286206E+01   -0.631295759141427393E+01    1
    0.159275747835636139E+03    0.709261059761047363E+00    0.106333076953887939E+01    0.452402663183212317E+00   -0.424128040012293717E+01   -0.632077009141427393E+01    1
    0.346764612197875977E+03   -0.674247741699218750E-01    0.228216409683227539E+01    0.403450657367706300E+00   -0.423879417212187537E+01   -0.632858259141427215E+01    1
    0.297987876832485199E+03   -0.133656847476959229E+01    0.367974400520324707E+01    0.152168313717842119E+00   -0.414491815549944409E+01   -0.633639509141427126E+01    1
    0.251964160799980164E+03   -0.104772067070007324E+01    0.273590743541717529E+01    0.523895277214050270E+00   -0.414062639927265597E+01   -0.634420759141426949E+01    1
    0.149349576234817505E+03   -0.717883527278900146E+00    0.393261313438415527E+01    0.523907218408584563E+00   -0.410937106646045613E+01   -0.635202009141426949E+01    1
    0.192590647935867310E+03    0.883223235607147217E+00    0.423136413097381592E+01    0.189646981000900272E+00   -0.410409523734023285E+01   -0.635983259141426771E+01    1
    0.185715931653976440E+03   -0.866280853748321533E+00    0.159394145011901855E+01    0.346323641538619997E+00   -0.408082859038432133E+01   -0.636764509141426682E+01    1
    0.295322512090206146E+03   -0.194317150115966797E+01    0.184036910533905029E+01    0.354429665565490701E-01   -0.403462595702082716E+01   -0.637545759141426593E+01    1
    0.220812690258026123E+03   -0.239382803440093994E+00    0.112337470054626465E+01    0.337810832190513610E+00   -0.403298390800973205E+01   -0.638327009141426771E+01    1
    0.275954777002334595E+03   -0.891685485839843750E+00    0.256828069686889648E+01    0.485628695797920229E+00   -0.401742709576235146E+01   -0.639108259141427304E+01    1
    0.242775194346904755E+03   -0.635088026523590088E+00    0.205307126045227051E+01    0.323844513416290322E-01   -0.401528024973369124E+01   -0.639889509141427215E+01    1
    0.180476450920104980E+03   -0.522017002105712891E+00    0.354942798614501953E+01    0.470864056992530866E+00   -0.396003529024133227E+01   -0.640670759141427126E+01    1
    0.319896707925005103E+03   -0.116417638152368896E+01    0.261128833824799678E+01    0.376051355588097880E+00   -0.393707272595791302E+01   -0.641452009141427126E+01    1
    0.303139842693915625E+03   -0.846596661168264930E+00    0.262342821453918162E+01    0.392206303506491549E+00   -0.391011957409378130E+01   -0.642233259141426949E+01    1
    0.324125078320503235E+03   -0.575697839260101318E+00    0.145314097404479980E+01    0.237837206840515146E-01   -0.381513200604273806E+01   -0.643014509141427215E+01    1
    0.308126052536763041E+03   -0.447259447645334207E+00    0.346533456865302902E+01    0.116310930275150326E+00   -0.381200461130575929E+01   -0.643795759141427748E+01    1
    0.318908597528934479E+03    0.751278936862945557E+00    0.347671747207641602E+01    0.352766768932342573E-01   -0.376120750806223203E+01   -0.644577009141427570E+01    1
    0.236436718702316284E+03   -0.778353214263916016E+00    0.966634750366210938E+00    0.400144822955131541E+00   -0.365710882479473698E+01   -0.645358259141426771E+01    1
    0.128444170951843262E+03   -0.789509415626525879E-01    0.356698274612426758E+01    0.222120547771453881E-01   -0.358814069010485515E+01   -0.646139509141426860E+01    1
    0.178503920685111666E+03    0.266982092086561096E+00    0.322529486061975135E+01    0.497456660141939122E+00   -0.357156421299802140E+01   -0.646920759141426949E+01    1
    0.253354483842849731E+03   -0.132449084520339966E+01    0.347156286239624023E+01    0.259255786299705526E+00   -0.355418371134385591E+01   -0.647702009141426327E+01    1
    0.216503708064556122E+03    0.389004051685333252E+00    0.951006412506103516E+00    0.384989127087593086E+00   -0.354422457751969144E+01   -0.648483259141426416E+01    1
    0.210995868719651355E+03   -0.883044793476096990E+00    0.388586814504915523E+01    0.242340362799453257E+00   -0.348784236251548574E+01   -0.649264509141426593E+01    1
    0.254920223355293274E+03   -0.633655190467834473E+00    0.410335421562194824E+01    0.366598425149917626E-01   -0.346313176049106586E+01   -0.650045759141426771E+01    1
    0.267373263835906982E+03    0.443569302558898926E+00    0.567036867141723633E-01    0.488572916722297690E+00   -0.345307854308670725E+01   -0.650827009141426682E+01    1
    0.209283711016178131E+03   -0.494924724102020264E+00    0.299046397209167480E+01    0.483272186350822475E+00   -0.343449832295118140E+01   -0.651608259141426682E+01    1
    0.290865954756736755E+03   -0.130158746242523193E+01    0.263152956962585449E+01    0.388726072740554818E+00   -0.341978137813305461E+01   -0.652389509141426860E+01    1
    0.314890447258949280E+03   -0.577814280986785889E+00   -0.155594348907470703E+00    0.530038339447975182E+00   -0.341065568914529216E+01   -0.653170759141427215E+01    1
    0.151398813411609893E+03   -0.549146590632844545E+00    0.204523393153424138E+01    0.406951228986760505E+00   -0.340742340263620358E+01   -0.653952009141427570E+01    1
    0.311749419569969177E+03   -0.748730361461639404E+00    0.337410092353820801E+01    0.981417437553405853E-01   -0.337929731985259574E+01   -0.654733259141427926E+01    1
    0.184703062474727631E+03   -0.123495727777481079E+01    0.438230812549591064E+01    0.177644101667404186E+00   -0.337378745794318746E+01   -0.655514509141427837E+01    1
    0.130787751078605652E+03   -0.823664844036102295E+00    0.489337325096130371E+01    0.254583401584625280E+00   -0.335772074941394738E+01   -0.656295759141427215E+01    1
    0.238495783507823944E+03   -0.992922782897949219E-01    0.399277389049530029E+01    0.686277849912643456E-01   -0.329698783481560520E+01   -0.657077009141427215E+01    1
    0.313978683948516846E+03    0.624395966529846191E+00    0.286212980747222900E+01    0.169143165278434759E+00   -0.329151490603302221E+01   -0.657858259141427482E+01    1
    0.165874397754669189E+03   -0.393431007862091064E+00    0.447615921497344971E+01    0.188029290318489084E+00   -0.328330489804231940E+01   -0.658639509141427038E+01    1
    0.233637900650501251E+03    0.529459714889526367E+00    0.394502043724060059E+01    0.658840396642684928E-01   -0.327927906176736306E+01   -0.659420759141426860E+01    1
    0.220440248461073509E+03   -0.934801619381445903E+00    0.391781986738056531E+01    0.176485507940736169E+00   -0.325409326071373739E+01   -0.660202009141426860E+01    1
    0.270751680985611074E+03   -0.127166870967090295E+01    0.349797531265463313E+00    0.560752825502911056E+00   -0.317620330413594409E+01   -0.660983259141427215E+01    1
    0.252575662535662048E+03    0.872834303595320105E+00    0.144536711833373577E+01    0.125283719470234284E+00   -0.315230974726856505E+01   -0.661764509141427659E+01    1
    0.223616832494735718E+03   -0.432872712612152100E+00    0.189563035964965820E+01    0.208673500370979315E+00   -0.314425509440795103E+01   -0.662545759141427837E+01    1
    0.137537953749452100E+03   -0.625418784344144774E+00    0.454864345134837578E+01    0.282190069307990565E+00   -0.312823108959394647E+01   -0.663327009141427837E+01    1
    0.171835591087283802E+03    0.158117262146098447E+00    0.298642525199866071E+01    0.551782437407110860E+00   -0.312684858280416034E+01   -0.664108259141427570E+01    1
    0.315358452498912811E+03    0.505239009857177734E+00    0.903194546699523926E+00    0.163855809044837958E+00   -0.311243778033196250E+01   -0.664889509141427126E+01    1
    0.346904162492057367E+03   -0.122964311476395460E+01    0.199200545391313888E+01    0.405915602024419564E+00   -0.310558953594507958E+01   -0.665670759141426949E+01    1
    0.235708144466911250E+03   -0.122122237388480470E+01    0.192158950058299105E+01    0.216692790910932492E+00   -0.309863276280861211E+01   -0.666452009141427482E+01    1
    0.225935575366020203E+03   -0.582248508930206299E+00    0.319314599037170410E+01    0.329406210064888016E+00   -0.308720734165082300E+01   -0.667233259141427837E+01    1
    0.285082779598334355E+03    0.276869956284496954E+00    0.366288838721104959E+01    0.143882222576378936E-02   -0.307322456405243605E+01   -0.668014509141427837E+01    1
    0.172530460357666016E+03    0.389511704444885254E+00    0.141462981700897217E+01    0.456354277396202102E+00   -0.306954384097949395E+01   -0.668795759141427659E+01    1
    0.236985641013967637E+03    0.179698666900454551E+00    0.222253639527359326E+01    0.536190579063021255E+00   -0.306155898731050691E+01   -0.669577009141427304E+01    1
    0.331539723277091980E+03   -0.274271726608276367E+00   -0.333291888236999512E+00    0.567448668980598425E+00   -0.303635701067433406E+01   -0.670358259141426682E+01    1
    0.225754137337207794E+03   -0.113499635457992554E+01    0.290286719799041748E+01    0.417841468548774742E+00   -0.296866528824571407E+01   -0.671139509141426149E+01    1
    0.296976241469383240E+03    0.881761610507965088E+00    0.306841909885406494E+01    0.945739536523819008E-01   -0.293932494014458401E+01   -0.671920759141426238E+01    1
    0.348338565745838537E+03   -0.611286226018526779E+00    0.140500624334725721E+01    0.517415377978283297E+00   -0.292485923541164805E+01   -0.672702009141426149E+01    1
    0.340413208305835724E+03   -0.182422035932540894E+01    0.238216698169708252E+01    0.301323147583007822E+00   -0.292443187737097698E+01   -0.673483259141427038E+01    1
    0.241195579667439176E+03    0.107003013942421621E+00    0.323495463900279212E+01    0.219181089171030408E+00   -0.292362308051827702E+01   -0.674264509141428192E+01    1
    0.246588428849261390E+03   -0.825929603506113885E+00    0.323235020334471557E+01    0.239797281552149855E+00   -0.289910739763802194E+01   -0.675045759141427837E+01    1
    0.333064152648587651E+03   -0.300162175755875449E+00    0.144403167606022986E+01    0.869151202014564889E-01   -0.289751029132352045E+01   -0.675827009141426771E+01    1
    0.269510903954505920E+03    0.354690551757812500E+00    0.164973139762878418E+00    0.528911909508705147E+00   -0.289169105824404316E+01   -0.676608259141426949E+01    1
    0.308570139584595836E+03   -0.853893413316591632E+00    0.218335952511693066E+01    0.374705324246119020E+00   -0.287417548201688300E+01   -0.677389509141427126E+01    1
    0.127998991310596466E+03   -0.190142560005187988E+01    0.426002204418182373E+01    0.251008003234863275E-01   -0.286372946886811386E+01   -0.678170759141426238E+01    1
    0.339980205893516541E+03    0.667584180831909180E+00    0.226393938064575195E+01    0.228699702429771418E+00   -0.286122558888456080E+01   -0.678952009141426061E+01    1
    0.248598055541515350E+03   -0.121117126941680908E+01    0.335278630256652832E+01    0.207086754441261289E+00   -0.285138995158967878E+01   -0.679733259141426327E+01    1
    0.286192286014556885E+03   -0.187844532728195190E+01    0.181463479995727539E+01    0.190799067449569704E+00   -0.284748315279783526E+01   -0.680514509141427482E+01    1
    0.254573393087763890E+03    0.825381105290457384E+00    0.163054283704918745E+01    0.109593727996009388E+00   -0.284616609372163731E+01   -0.681295759141427570E+01    1
    0.153595808148384094E+03    0.829081594944000244E+00    0.344328761100769043E+01    0.422429753136634833E+00   -0.284355819580365266E+01   -0.682077009141426860E+01    1
    0.260719780838886777E+03   -0.171663804867786385E+01    0.358424825503684552E+01    0.121992049208382483E+00   -0.283250112766579143E+01   -0.682858259141427482E+01    1
    0.234174637496471405E+03    0.662030935287475586E+00    0.538787841796875000E+00    0.494911916899681115E+00   -0.280364407307719921E+01   -0.683639509141427926E+01    1
    0.228814873099327087E+03   -0.194765937328338623E+01    0.113964200019836426E+01    0.546426639533042935E+00   -0.279567264253527048E+01   -0.684420759141426682E+01    1
    0.348774619400501251E+03    0.550628602504730225E+00    0.292952120304107666E+01    0.259383898258209247E-01   -0.279427610908266333E+01   -0.685202009141426238E+01    1
    0.311466648478804302E+03   -0.154999979236630381E+01    0.682066306772227904E+00    0.436500090809153862E+00   -0.278836108848251119E+01   -0.685983259141427304E+01    1
    0.166453902423381805E+03   -0.169883406162261963E+01    0.334341824054718018E+01    0.117413808202743539E+00   -0.278619749916997161E+01   -0.686764509141426860E+01    1
    0.179465834796428680E+03    0.240476906299591064E+00    0.150595784187316895E+01    0.453685249829292314E+00   -0.273605378249344700E+01   -0.687545759141427038E+01    1
    0.237110525663510089E+03   -0.113841414435757171E+01    0.256485123014451410E+01    0.758601069450738491E-01   -0.273496014351586059E+01   -0.688327009141427482E+01    1
    0.342678789794445038E+03   -0.101669269800186157E+01    0.284800767898559570E+01    0.105670325732231146E+00   -0.271852673375246123E+01   -0.689108259141427215E+01    1
    0.226776072382926941E+03   -0.862855136394500732E+00    0.395418286323547363E+01    0.599475259780883826E-01   -0.271215566648442641E+01   -0.689889509141426771E+01    1
    0.230307723581790924E+03    0.887621700763702393E+00    0.211377561092376709E+01    0.498296324372291599E+00   -0.268188551663988184E+01   -0.690670759141425794E+01    1
    0.311232314793404271E+03   -0.852557548799967702E+00    0.325302600099746186E+01    0.340672520860975034E-01   -0.267264403502787484E+01   -0.691452009141426860E+01    1
    0.277147221107125063E+03   -0.154506609770074443E+01    0.227640911554634062E+01    0.414566388356356452E+00   -0.267075092045968177E+01   -0.692233259141427748E+01    1
    0.304607890546321869E+03   -0.240663826465606689E+00    0.264683604240417480E+01    0.195368519067764285E+00   -0.266408123646046002E+01   -0.693014509141427659E+01    1
    0.248601046204566956E+03   -0.151083928346633911E+01    0.115839838981628418E+01    0.482648412466049226E+00   -0.266240300254078699E+01   -0.693795759141427570E+01    1
    0.282952606678009033E+03   -0.526978194713592529E+00    0.143050849437713623E+01    0.254347341227531443E+00   -0.265846188081440404E+01   -0.694577009141427482E+01    1
    0.143928469717502594E+03    0.711362123489379883E+00    0.234721302986145020E+01    0.330757305049896255E+00   -0.263214933808413099E+01   -0.695358259141427304E+01    1
    0.158513034880161285E+03   -0.181857573986053467E+01    0.382261931896209717E+01    0.450410940170288127E-01   -0.261678520040326124E+01   -0.696139509141427038E+01    1
    0.258156875556628847E+03    0.898844729997844372E+00    0.271392183276894539E+01    0.231818655961257669E+00   -0.258978876693256188E+01   -0.696920759141427393E+01    1
    0.148508542776107788E+03   -0.992337524890899658E+00    0.287431478500366211E+01    0.321878344559669516E+00   -0.258786605665834024E+01   -0.697702009141427038E+01    1
    0.345371888577938080E+03   -0.122083884477615356E+01    0.329768657684326172E+00    0.489548989963531522E+00   -0.258212692736736704E+01   -0.698483259141426505E+01    1
    0.199398874924773850E+03    0.363911026954074845E+00    0.310190618288864783E+01    0.322993750028196636E+00   -0.257874768130754584E+01   -0.699264509141427038E+01    1
    0.268829931318759918E+03    0.724850594997406006E+00    0.146425962448120117E+01    0.166401910543441778E+00   -0.257171282699532844E+01   -0.700045759141427126E+01    1
    0.236319035230130737E+03   -0.285633340606983310E-02    0.785018791832103879E+00    0.534826657791101168E+00   -0.256005071744667223E+01   -0.700827009141426593E+01    1
    0.302729703745523011E+03    0.255605949248869813E+00    0.192475360210066082E+01    0.135521114975465720E-01   -0.255425802494640308E+01   -0.701608259141426682E+01    1
    0.184265500307083130E+03   -0.101917552947998047E+01    0.285804152488708496E+01    0.476400643014907865E+00   -0.253234185615988006E+01   -0.702389509141426949E+01    1
    0.320105305314064026E+03   -0.614661574363708496E+00    0.133229434490203857E+01    0.227355021572113042E+00   -0.252792196472736697E+01   -0.703170759141427393E+01    1
    0.187099951505661011E+03   -0.183267450332641602E+01    0.265960395336151123E+01    0.553575662112236078E+00   -0.252784985717394761E+01   -0.703952009141427126E+01    1
    0.189425212144851685E+03   -0.188098609447479248E+00    0.269903182983398438E+01    0.477505612921714784E+00   -0.252282005274138221E+01   -0.704733259141426593E+01    1
    0.226132489740848541E+03   -0.187066674232482910E+00    0.295842647552490234E+01    0.283695624446868910E+00   -0.251681572871658599E+01   -0.705514509141426505E+01    1
    0.346969279236871841E+03   -0.534879840314808952E+00    0.155433556320166133E+01    0.402730193102076139E+00   -0.251274566459130755E+01   -0.706295759141427038E+01    1
    0.269442571533383102E+03    0.330256478452369606E+00    0.161613520167318825E+01    0.520069270208039058E+00   -0.250212681114570890E+01   -0.707077009141427748E+01    1
    0.165851947665214539E+03   -0.103532528877258301E+01    0.324502527713775635E+01    0.440808343291282656E+00   -0.249946495045408223E+01   -0.707858259141427659E+01    1
    0.160399150848388672E+03   -0.999983429908752441E+00    0.358663320541381836E+01    0.359955402159690852E+00   -0.249609506696106820E+01   -0.708639509141427038E+01    1
    0.299471768736839294E+03   -0.192831206321716309E+01    0.200271964073181152E+01    0.413062500143051181E+00   -0.249054822635116224E+01   -0.709420759141427215E+01    1
    0.344743600765776591E+03   -0.492321523241641135E+00    0.147268578304469955E+01    0.143244195670926444E+00   -0.248859983906496485E+01   -0.710202009141427038E+01    1
    0.323167259594097061E+03   -0.898759587308602281E+00    0.129681629835641665E+01    0.259078884327613390E+00   -0.248577646324614321E+01   -0.710983259141426949E+01    1
    0.240394867956638336E+03    0.123290479183197021E+00    0.173279464244842529E+01    0.571456440925598219E+00   -0.247746123131705653E+01   -0.711764509141427482E+01    1
    0.266808444261550903E+03   -0.149443703889846802E+01    0.235779881477355957E+01    0.130005763721466078E+00   -0.246221286524653671E+01   -0.712545759141426949E+01    1
    0.267460946984421639E+03   -0.435847504132247598E+00    0.133164480770132343E+01    0.350087588703704322E+00   -0.245559029102671111E+01   -0.713327009141426505E+01    1
    0.194495561950175812E+03    0.251953463581021886E+00    0.147383483600906651E+01    0.468871809539854023E+00   -0.244598878369680195E+01   -0.714108259141426771E+01    1
    0.283100356161594391E+03    0.145952641963958740E+00    0.222978770732879639E+01    0.952688970565795934E-02   -0.243648192695207166E+01   -0.714889509141426682E+01    1
    0.160169418191947045E+03   -0.542484233132108251E+00    0.327163528072452259E+01    0.155580194351748302E+00   -0.243457063721163314E+01   -0.715670759141426238E+01    1
    0.174463675916194916E+03   -0.162500500679016113E+00    0.303055822849273682E+01    0.414677359056472794E+00   -0.242442861933306375E+01   -0.716452009141426149E+01    1
    0.209424510357274585E+03    0.985050315736321735E+00    0.164578311674320332E+01    0.300438128526486214E+00   -0.241847011992593419E+01   -0.717233259141426416E+01    1
    0.155170377845950242E+03   -0.163521808391004342E+01    0.314793048372001394E+01    0.293455767967726600E+00   -0.241463226372399475E+01   -0.718014509141426682E+01    1
    0.258603373816582121E+03    0.447945010837033308E+00    0.174794043020953715E+01    0.177016816380346997E+00   -0.240341042521203896E+01   -0.718795759141426505E+01    1
    0.177852079027936952E+03   -0.526277761627834906E+00    0.304825011441904437E+01    0.150520030610601513E+00   -0.239853553183331636E+01   -0.719577009141426505E+01    1
    0.251448070872316634E+03   -0.926878227987684822E+00    0.348667210199375965E+01    0.537731874015707212E-01   -0.238732068725816715E+01   -0.720358259141426771E+01    1
    0.254141376912593842E+03   -0.788016676902770996E+00    0.266185283660888672E+01    0.520201422214508075E-01   -0.238625631144683137E+01   -0.721139509141426771E+01    1
    0.219975065434155908E+03   -0.126294278503229052E+01    0.183523091491446966E+01    0.423215735863467002E+00   -0.238245453222560766E+01   -0.721920759141426682E+01    1
    0.155268769639450682E+03    0.173065429649729374E+00    0.291681730412519880E+01    0.509189749184413620E+00   -0.238098208707738523E+01   -0.722702009141426416E+01    1
    0.152071388065814972E+03   -0.102014309167861938E+01    0.322724759578704834E+01    0.254545872116088867E+00   -0.237435344755934796E+01   -0.723483259141426949E+01    1
    0.296183822116857925E+03   -0.980394619349791441E+00    0.272342636766444812E+01    0.157690327374829103E+00   -0.237329181380263865E+01   -0.724264509141427215E+01    1
    0.246219097077846527E+03   -0.142586064338684082E+01    0.249391198158264160E+01    0.359862192606925979E+00   -0.236750275479154482E+01   -0.725045759141426771E+01    1
    0.277643879513272338E+03   -0.818932978392992172E+00    0.274619968119381319E+01    0.184163555675562585E+00   -0.236584621230779124E+01   -0.725827009141427038E+01    1
    0.322440170338283565E+03   -0.913368693219311911E-01    0.285214295497320514E+01    0.336170257183583884E-01   -0.236569522209878169E+01   -0.726608259141427482E+01    1
    0.231056328117847443E+03   -0.763472497463226318E+00    0.299042940139770508E+01    0.237119370460510265E+00   -0.235803827986052106E+01   -0.727389509141427393E+01    1
    0.155103379529219723E+03   -0.172160104235450317E+01    0.311064760533815132E+01    0.502862499040679478E+00   -0.235460211400759833E+01   -0.728170759141427215E+01    1
    0.272736950760906211E+03   -0.300140964091686113E+00    0.179436167618263731E+01    0.220038529561739693E+00   -0.235178370136577541E+01   -0.728952009141427304E+01    1
    0.302709020674228668E+03   -0.440738737583160400E+00    0.235049664974212646E+01    0.219402049541473410E+00   -0.234537241242262695E+01   -0.729733259141427304E+01    1
    0.213978596031665802E+03    0.452409148216247559E+00    0.347732722759246826E+01    0.112938487315177916E+00   -0.234394014176719345E+01   -0.730514509141427570E+01    1
    0.328216266295521450E+03   -0.154992174448375630E+01    0.124712360705469116E+01    0.505473695606053819E+00   -0.234277245553737146E+01   -0.731295759141427038E+01    1
    0.253091576769138243E+03   -0.508181410159143088E-01    0.249720021252924873E+01    0.290750298495831172E+00   -0.234132423384016786E+01   -0.732077009141426949E+01    1
    0.193659977614879608E+03   -0.161502933502197266E+01    0.186616837978363037E+01    0.539040908360481241E+00   -0.234111171304095844E+01   -0.732858259141427482E+01    1
    0.144687003196877470E+03   -0.281084017895609550E+00    0.376570828380329559E+01    0.313029353906752628E+00   -0.234063456915610901E+01   -0.733639509141427215E+01    1
    0.209406167268753052E+03    0.490902066230773926E-01    0.279149711132049561E+01    0.334794042921066293E+00   -0.233522378101771633E+01   -0.734420759141426949E+01    1
    0.154428162702388988E+03   -0.191868020969810904E+01    0.371142591259489940E+01    0.178600631833536139E+00   -0.233286897003262172E+01   -0.735202009141427038E+01    1
    0.313415854618721823E+03   -0.141680357350724373E+01    0.199776309485688408E+01    0.314616808989852503E+00   -0.232727593148522915E+01   -0.735983259141427304E+01    1
    0.264742507309856933E+03   -0.123023597662907735E+01    0.220109683781657939E+01    0.369151032097167209E+00   -0.232413256682874092E+01   -0.736764509141427038E+01    1
    0.260020290020725156E+03    0.329682184943568046E+00    0.897545720873175412E+00    0.448893296633280814E+00   -0.232360536742318402E+01   -0.737545759141427038E+01    1
    0.152700403134316673E+03   -0.668437311807720258E+00    0.384110575493609829E+01    0.258944440016619315E+00   -0.232169109420943798E+01   -0.738327009141427215E+01    1
    0.242770573661654254E+03    0.826288713906865979E+00    0.106858443950621762E+01    0.394895278074318845E+00   -0.231875835623322013E+01   -0.739108259141427570E+01    1
    0.298518972909313902E+03    0.166697221493491199E+00    0.197842911150411727E+01    0.692367703659370198E-01   -0.231769199250424673E+01   -0.739889509141427659E+01    1
    0.168696262808509061E+03   -0.149102421348710967E+01    0.346485801037283814E+01    0.170530628887815894E+00   -0.231761958590229522E+01   -0.740670759141427570E+01    1
    0.259398560225963593E+03    0.432460665702819824E+00    0.324907600879669189E+01    0.385989901542663563E-01   -0.231617106248206683E+01   -0.741452009141427482E+01    1
    0.238090442224120181E+03   -0.105598721432112863E+01    0.241764930767330100E+01    0.206158000190330593E+00   -0.231319911890792218E+01   -0.742233259141426682E+01    1
    0.130375129169393460E+03   -0.136637744330996069E+01    0.369260219826009717E+01    0.272790044517813468E+00   -0.230751580972410997E+01   -0.743014509141426416E+01    1
    0.219371968507766724E+03   -0.120994067192077637E+01    0.240978598594665527E+01    0.282289565849304203E+00   -0.230668734676522380E+01   -0.743795759141426238E+01    1
    0.290242421627044678E+03   -0.189096552133560181E+01    0.280527412891387939E+01    0.148499432873725884E+00   -0.230639531440801493E+01   -0.744577009141426949E+01    1
    0.203299182117330446E+03   -0.199570868570786031E+01    0.306798293815809942E+01    0.200992039358195013E+00   -0.230599639201000972E+01   -0.745358259141427304E+01    1
    0.316045079501919759E+03   -0.284024080781872801E+00    0.101822440576323370E+01    0.546844367136813836E+00   -0.230441403826663738E+01   -0.746139509141426682E+01    1
    0.347463227868507033E+03   -0.158579797264771005E+01    0.153147060023449733E+01    0.375685751759280206E+00   -0.229945225225557870E+01   -0.746920759141426505E+01    1
    0.304527421027508751E+03   -0.106245982222994417E+01    0.199340304116286049E+01    0.314805561243799770E+00   -0.229621100898452823E+01   -0.747702009141426416E+01    1
    0.244405390938317765E+03   -0.337429462179426043E+00    0.245370795757300808E+01    0.130014947025836353E+00   -0.229558712864232417E+01   -0.748483259141426682E+01    1
    0.185690184598438066E+03    0.710231378869519148E-01    0.290333230881382676E+01    0.362097201746135355E+00   -0.229531504234959627E+01   -0.749264509141427215E+01    1
    0.158304144442081451E+03   -0.195083761215209961E+01    0.325982511043548584E+01    0.315778236508369448E+00   -0.229250069239091259E+01   -0.750045759141427659E+01    1
    0.305004014580616513E+03   -0.113395401322113143E+01    0.155434103807133539E+01    0.295309992322329407E+00   -0.229005026591011918E+01   -0.750827009141427748E+01    1
    0.292021034657955170E+03    0.380091428756713867E+00    0.246681630611419678E+01    0.179110070943832411E+00   -0.228983305963234018E+01   -0.751608259141427304E+01    1
    0.306600831515429718E+03   -0.504358881624393351E+00    0.289365624444107983E+01    0.399728784522167813E-01   -0.228921318895407655E+01   -0.752389509141426505E+01    1
    0.223047652685878973E+03    0.135449553670987655E-01    0.335311095369470635E+01    0.116834043703603688E+00   -0.228789717866369724E+01   -0.753170759141426505E+01    1
    0.147181949019432068E+03   -0.108669620752334595E+01    0.278486967086791992E+01    0.443773444247245796E+00   -0.228498815130095245E+01   -0.753952009141426505E+01    1
    0.184807440638542175E+03   -0.197531545162200928E+01    0.290153324604034424E+01    0.401756986570358299E+00   -0.227854727410860480E+01   -0.754733259141426505E+01    1
    0.258080838544433504E+03    0.406304901590993417E+00    0.176186656014693810E+01    0.455233056396189661E+00   -0.227613134408305973E+01   -0.755514509141427393E+01    1
    0.309179635345935822E+03   -0.176100963354110718E+01    0.292992413043975830E+01    0.426650351285934454E-01   -0.227549928036215565E+01   -0.756295759141428103E+01    1
    0.312596705537768798E+03   -0.963626182106146256E+00    0.274534623162022573E+01    0.724856030183995692E-01   -0.227178813662870382E+01   -0.757077009141427126E+01    1
    0.177016844016394117E+03   -0.106571807148763065E+01    0.267523530275301535E+01    0.348137243485369563E+00   -0.226886822172309266E+01   -0.757858259141426327E+01    1
    0.334318505227565765E+03    0.862719893455505371E+00    0.144457638263702393E+01    0.344713081455230719E+00   -0.226685973546789388E+01   -0.758639509141426505E+01    1
    0.341767319136544813E+03   -0.123804049353994938E+01    0.236206544917644479E+01    0.128517068760140796E+00   -0.226494500160361101E+01   -0.759420759141427126E+01    1
    0.165523892718025877E+03   -0.111660752314621892E+01    0.298202772258566728E+01    0.320022709476879108E+00   -0.226311579606079727E+01   -0.760202009141427393E+01    1
    0.324373658083736018E+03    0.845559404572471252E-01    0.378167506295898015E+00    0.488238277369518858E+00   -0.226244284819198782E+01   -0.760983259141427126E+01    1
    0.161642233345326900E+03   -0.150829789983362894E+01    0.271919223384383280E+01    0.444256369514154092E+00   -0.226186578122500359E+01   -0.761764509141427304E+01    1
    0.166639658581057176E+03    0.129842953099477132E+00    0.305497396651643705E+01    0.390346491726936751E+00   -0.226086857072998093E+01   -0.762545759141426949E+01    1
    0.247794224321842194E+03   -0.180348438024520874E+01    0.216843187808990479E+01    0.403868257999420166E+00   -0.226078805518027748E+01   -0.763327009141426949E+01    1
    0.219669382989528629E+03   -0.154610314246170510E+01    0.214177640796092739E+01    0.409823229544108991E+00   -0.225800752470607113E+01   -0.764108259141427304E+01    1
    0.335659336163582225E+03   -0.734631540347144618E+00    0.264881733724194390E+01    0.437123746983126213E-01   -0.225751659222024648E+01   -0.764889509141427393E+01    1
    0.133141311329195787E+03   -0.152547729243217978E+01    0.293723512123579855E+01    0.519860127150838958E+00   -0.225696303743697912E+01   -0.765670759141426949E+01    1
    0.306007909774780273E+03   -0.176721411943435669E+01    0.134724318981170654E+01    0.479775088119506865E+00   -0.225639007657632895E+01   -0.766452009141426771E+01    1
    0.184455660597659971E+03   -0.136981041695527717E+01    0.277383495715767925E+01    0.321073642885572275E+00   -0.225509617790650374E+01   -0.767233259141426682E+01    1
    0.320524079233326972E+03   -0.679811087135789860E+00    0.256912395282460260E+01    0.953694831307055763E-01   -0.225488997869331964E+01   -0.768014509141426771E+01    1
    0.338405414001787108E+03   -0.106030068217525808E+01    0.888874575559944979E+00    0.425298731908966388E+00   -0.225476915378237219E+01   -0.768795759141427126E+01    1
    0.146067611873149872E+03   -0.182760834693908691E+00    0.235112607479095459E+01    0.512093487596511854E+00   -0.225406123722817142E+01   -0.769577009141427393E+01    1
    0.286460815370082855E+03   -0.900286436080932617E-02    0.658296346664428711E+00    0.514321100378036467E+00   -0.225308466250888539E+01   -0.770358259141427570E+01    1
    0.214522628486156464E+03    0.743683278560638428E+00    0.358226299285888672E+01    0.453296273946762127E-01   -0.225278552163534052E+01   -0.771139509141427304E+01    1
    0.273878303977417318E+03   -0.185214440442210559E+01    0.280532428902952979E+01    0.995243975986752072E-01   -0.225195656719588211E+01   -0.771920759141427215E+01    1
    0.326354389379777786E+03    0.882788318336471534E-01    0.108392292490619635E+01    0.484172497687291481E+00   -0.225188287173388213E+01   -0.772702009141426860E+01    1
    0.254579348319596505E+03    0.783456611606338171E+00    0.314350925176982088E+01    0.504672092622638346E-01   -0.224834868229969453E+01   -0.773483259141426682E+01    1
    0.336394897103309631E+03   -0.826654613018035889E+00    0.212616324424743652E+01    0.185604170179367062E+00   -0.224784790903896070E+01   -0.774264509141426860E+01    1
    0.307489357831198390E+03   -0.186180754700090589E+01    0.100854224061717801E+01    0.538386333965841124E+00   -0.224751774267792692E+01   -0.775045759141427126E+01    1
    0.161704750313079529E+03   -0.155113961059596517E+01    0.336311223739463649E+01    0.272358021115218008E+00   -0.224674243454588352E+01   -0.775827009141427570E+01    1
    0.267705167206162173E+03   -0.175598889523313906E+01    0.267641925060884311E+01    0.151699590579850024E+00   -0.224491221687965892E+01   -0.776608259141427570E+01    1
    0.277111292168544878E+03   -0.163064916879963206E+01    0.162186721541812684E+01    0.414110135158236858E+00   -0.224391066338353262E+01   -0.777389509141427215E+01    1
    0.232996768243770987E+03   -0.142980446415451645E+01    0.173204712557074103E+01    0.483837385312582080E+00   -0.224210308422169557E+01   -0.778170759141426682E+01    1
    0.333845118373264654E+03   -0.111354683698163992E+01    0.163202282238249907E+01    0.328093984536215189E+00   -0.224201727068627132E+01   -0.778952009141426416E+01    1
    0.140273283283030281E+03   -0.542968966643842421E+00    0.357153467143561265E+01    0.220399595150061189E+00   -0.224101044622988077E+01   -0.779733259141426682E+01    1
    0.282399971304656106E+03   -0.148983578169517861E+01    0.228779179748173878E+01    0.260158596933871833E+00   -0.224084525931839673E+01   -0.780514509141427038E+01    1
    0.266759034935154205E+03   -0.159945675353319161E+01    0.161649911150146686E+01    0.484365851778757406E+00   -0.224069215344272132E+01   -0.781295759141427038E+01    1
    0.170939848850871812E+03   -0.173716843751705996E+01    0.255798448659493527E+01    0.516706335501489922E+00   -0.223909537329025143E+01   -0.782077009141427304E+01    1
    0.248306251090840988E+03   -0.104547946582078954E+01    0.205215613444963019E+01    0.413893887164870966E+00   -0.223778743352181397E+01   -0.782858259141427038E+01    1
    0.247588741447444590E+03   -0.126734782152084335E+01    0.144818593693317954E+01    0.514047839774697590E+00   -0.223710370457185093E+01   -0.783639509141426327E+01    1
    0.133357538237849326E+03    0.567118700194830794E-01    0.474338572622183108E+01    0.399340543509851403E-01   -0.223687522785160509E+01   -0.784420759141426505E+01    1
    0.287512549757957458E+03   -0.848244607448577881E+00    0.198097407817840576E+01    0.223888185739517215E+00   -0.223661390944920191E+01   -0.785202009141426771E+01    1
    0.234106689067389880E+03   -0.163391915824221723E+01    0.274636078470625478E+01    0.226071057051198482E+00   -0.223576162618269336E+01   -0.785983259141426682E+01    1
    0.211319207055919236E+03   -0.162692640710521230E+01    0.292074890357552075E+01    0.265734680163491999E+00   -0.223511687339620124E+01   -0.786764509141426416E+01    1
    0.280447843222894107E+03   -0.250280156638940987E+00    0.166731938209043129E+01    0.274050009195198618E+00   -0.223369345241158657E+01   -0.787545759141426682E+01    1
    0.183773657789019722E+03   -0.145128271738822878E+01    0.403093897266203527E+01    0.349249653163964530E-01   -0.223338992590740304E+01   -0.788327009141426682E+01    1
    0.272268033653983025E+03    0.998178885468457011E-01    0.128456658538259294E+01    0.544480522883856732E+00   -0.223275398717684626E+01   -0.789108259141426682E+01    1
    0.236415663361549377E+03   -0.112515854835510254E+01    0.196592688560485840E+01    0.385711978769302355E+00   -0.223250640852550797E+01   -0.789889509141427570E+01    1
    0.334050701889751963E+03   -0.212811498007273947E+00    0.270797351961664923E+01    0.780840430797256208E-02   -0.223091096803382216E+01   -0.790670759141427926E+01    1
    0.221213831500402932E+03   -0.825942775153868824E+00    0.188923146326712033E+01    0.534912549731523690E+00   -0.222847545126760105E+01   -0.791452009141427482E+01    1
    0.315623310286693936E+03   -0.886152875864645972E+00    0.216752445893032686E+01    0.204247909251710713E+00   -0.222721136789494567E+01   -0.792233259141427482E+01    1
    0.337846870720386505E+03   -0.129248332977294922E+01    0.899360775947570801E+00    0.512440601062774670E+00   -0.222653352039747121E+01   -0.793014509141427393E+01    1
    0.335721343479363554E+03    0.245153299293612292E+00    0.497929717879442180E+00    0.420534928603645108E+00   -0.222592327014189006E+01   -0.793795759141427215E+01    1
    0.192363245174635324E+03    0.725791144246219933E+00    0.237688680580857259E+01    0.456908047260019934E+00   -0.222279663181145581E+01   -0.794577009141427126E+01    1
    0.200729084100663385E+03   -0.152114348200696581E+00    0.181894983461742488E+01    0.460781868604971279E+00   -0.222185733504056948E+01   -0.795358259141427304E+01    1
