luminosity_distance KNtimeshift supernova_mag_boost Ebv log_likelihood log_prior
162.52454798045076 -1.1701360318045384 2.4253760543169616 0.11758199791013602 -9.841618874474866 -7.796174076164528
306.9755329342783 0.5835859115750202 2.2225255520065783 0.3804899003361745 -8.301174723576228 -8.659044388233205
293.23759179948513 -0.3105493600986553 0.3285215745144665 0.36595313909129373 -8.136974333500676 -8.586028372564828
340.4132083058357 -1.824220359325409 2.3821669816970825 0.3013231475830078 -7.79405213300568 -8.313669050758348
185.71593165397644 -0.8662808537483215 1.5939414501190186 0.34632364153862 -7.699827758024679 -8.495198608183635
154.38040401156906 -1.2838609338544007 2.7998605540454697 0.15225754124697896 -7.5250847529002005 -7.8754775784155555
315.89223489354663 0.6080483420346203 2.4031829156821063 0.26992941337407694 -7.507046349839799 -8.204087381240218
267.373263835907 0.4435693025588989 0.05670368671417236 0.4885729167222977 -7.480163479407118 -9.487315274944127
216.50370806455612 0.38900405168533325 0.9510064125061035 0.3849891270875931 -7.455669684274082 -8.682768031757778
137.18790115277667 -1.2383590999810203 4.723282611003528 0.18480988590070602 -7.296274857952528 -7.95612304541752
296.97624146938324 0.8817616105079651 3.068419098854065 0.0945739536523819 -7.102532787262808 -7.746824673207358
295.64745494826957 -0.19373482111510976 2.8028125154646926 0.19698444742987153 -7.012112982522155 -7.988037867065788
127.91723267477374 -0.6158309120467433 3.702002825593471 0.019002619178518265 -7.000010807693859 -7.599995085232385
315.3584524989128 0.5052390098571777 0.9031945466995239 0.16385580904483796 -6.928078843420644 -7.903471332647101
286.50842420609 -1.6197695894576456 1.2058691580697287 0.25200666991870774 -6.883643052779432 -8.146522022185685
181.8375118896483 -0.4211952258882814 3.3262038854201066 0.352754406294911 -6.842250034752844 -8.524056109996218
314.8904472589493 -0.5778142809867859 -0.1555943489074707 0.5300383394479752 -6.831745518852317 -10.169827698779343
156.64106961278165 -1.1035398907219587 1.9429288984564161 0.4317052118205365 -6.745164245594589 -8.969478498333967
184.26550030708313 -1.0191755294799805 2.858041524887085 0.47640064301490787 -6.617707807759245 -9.351729926315638
304.60789054632187 -0.2406638264656067 2.646836042404175 0.19536851906776428 -6.615262619417972 -7.983742731928288
160.39915084838867 -0.9999834299087524 3.5866332054138184 0.35995540215969085 -6.589281394871269 -8.557390181362553
315.55863683179484 -1.0527869815736692 0.1492262822638324 0.4783839318296264 -6.587196669228604 -9.372605714044616
261.47402837357527 0.05201631843559884 1.9422437404392117 0.0485152065488418 -6.5488990832247405 -7.654799619366791
319.88856856278824 -1.3787455103889608 1.4620543014421852 0.11787425250329023 -6.540180569170635 -7.796816857518333
135.97204088746304 -0.28512024279776016 2.0985140338378923 0.47097019226754805 -6.403730703079702 -9.296704409871822
253.41427043745583 -1.0415512724073843 2.261219935257765 0.04291331744733861 -6.383531681648275 -7.6441634059503905
225.0052749970679 -1.5723055732971272 2.497956467122152 0.4372603371026867 -6.369998232536194 -9.009762636038248
295.4127354298472 -0.9238034925392102 1.865038947763109 0.43332430876833256 -6.356609563269463 -8.981053093532152
186.76539906249232 -0.6406159832963572 4.00853461520434 0.1037467022473309 -6.283025402407339 -7.766208161814489
223.61683249473572 -0.4328727126121521 1.8956303596496582 0.20867350037097931 -6.2756600195520225 -8.0196692091213
311.2295762239892 -0.11089105063401838 1.9242776470725422 0.3564564484461158 -6.272084989301211 -8.54105438155765
154.2024748647198 -1.3418857954463734 4.1509346564130745 0.2009728771786747 -6.23172202964262 -7.998718744838862
294.4518853468087 -0.8230392927712178 2.152191654064147 0.3375031218029223 -6.162853820633447 -8.45692481803557
200.3490637026204 -0.36848074210990145 3.9071697022089626 0.07618100282886042 -6.1324847164092615 -7.709054063853608
142.425527031598 0.5240154043292162 1.8062089701758888 0.4907903518382881 -6.118787673805655 -9.514123927432617
266.0399506166343 -1.042012031707294 2.0633595937401514 0.42754071175013525 -6.111409968854294 -8.940308574299536
189.96863803947133 -0.607896559048831 3.506120067057438 0.2225787429263677 -6.07375386129315 -8.058649089729595
319.6989297495007 -1.1502153740009449 1.6169408455277807 0.10481649724677503 -6.021461946822264 -7.768493471395275
231.05632811784744 -0.7634724974632263 2.990429401397705 0.23711937046051026 -6.011115190818918 -8.101103538421055
227.66188211086475 -1.6075158494117092 3.1457759665027716 0.20687014342503904 -5.950385332573779 -8.01472345689985
160.68272288901335 -1.9107635034156598 3.987342217006706 0.19762880158889498 -5.935847495656793 -7.989755717498734
143.9284697175026 0.7113621234893799 2.34721302986145 0.33075730504989626 -5.910639716902291 -8.428611251732416
182.99078646132244 0.12402666833678522 1.200208040926574 0.5376798193833643 -5.872929300816435 -10.368750327818425
179.63167388784032 0.7894715748731986 1.2250627113978645 0.49988745321104555 -5.86771367198181 -9.63231181364347
333.159190570497 -0.5419144673052276 1.323443269363783 0.45605284103792776 -5.858598019898017 -9.159492948270088
312.82647784912285 -1.4887640638166326 2.882806199789747 0.07537472040633293 -5.854497896224389 -7.707430530512428
290.2424216270447 -1.8909655213356018 2.8052741289138794 0.14849943287372588 -5.833930556141471 -7.866572503453884
292.6470405263856 0.20314611956675588 2.109899215136588 0.30364547547382914 -5.813882104197568 -8.322273004942708
302.88195820837973 0.4946078922756092 1.9810886910416867 0.30656131546729437 -5.800213226041819 -8.333181743997203
184.80744063854218 -1.9753154516220093 2.9015332460403442 0.4017569865703583 -5.785527823720673 -8.776497686108302
143.19089223651932 -0.14926618362302801 2.188744420998172 0.4549623266812446 -5.766806797089684 -9.150163666678232
302.70902067422867 -0.4407387375831604 2.3504966497421265 0.2194020495414734 -5.762020418151815 -8.04960916883914
276.2036999512342 -0.47182278508688236 1.624519046594397 0.19047958130223958 -5.7571287642845785 -7.970859160802139
216.21331439993185 -1.3970356615325303 2.165852937619773 0.2466640960479508 -5.75314899880575 -8.129984477215814
194.4575418410798 -0.9345288638676614 2.7242344293368674 0.13726658861600333 -5.725871784822188 -7.84041874278426
136.31402488059715 0.0057044615700165835 3.42315203651485 0.42515613661983087 -5.688646265815515 -8.923981272863369
286.1922860145569 -1.878445327281952 1.8146347999572754 0.1907990674495697 -5.668097887170532 -7.971696036327503
286.1922860145569 -1.878445327281952 1.8146347999572754 0.1907990674495697 -5.668097887170532 -7.971696036327503
127.99899131059647 -1.9014256000518799 4.260022044181824 0.025100800323486328 -5.6540874004436 -7.611075783852517
247.7942243218422 -1.8034843802452087 2.168431878089905 0.40386825799942017 -5.627831961801283 -8.788947307812519
247.7942243218422 -1.8034843802452087 2.168431878089905 0.40386825799942017 -5.627831961801283 -8.788947307812519
255.53236385513608 -0.34889389007660343 2.2845852653550995 0.0655478847517857 -5.614183967494974 -7.687852144547466
161.45989522593078 -1.065015127459739 2.7885637046768412 0.4970704742601521 -5.602654690512817 -9.594199253638617
143.52174151164974 -0.5572281559127705 4.609514285251892 0.039033577216748216 -5.602238158149839 -7.636862759335294
143.52174151164974 -0.5572281559127705 4.609514285251892 0.039033577216748216 -5.602238158149839 -7.636862759335294
228.67295257952912 0.371133284139757 3.1878561955074005 0.12797374812287401 -5.591248434017049 -7.819287291037532
228.67295257952912 0.371133284139757 3.1878561955074005 0.12797374812287401 -5.591248434017049 -7.819287291037532
310.37615473318743 -1.1722006186836653 1.1182599649948308 0.30693275135841164 -5.582785978740789 -8.33457994389838
309.1796353459358 -1.7610096335411072 2.9299241304397583 0.042665035128593445 -5.5768429109833155 -7.643694604498123
166.4539024233818 -1.6988340616226196 3.34341824054718 0.11741380820274354 -5.574223966133655 -7.795804348896972
166.4539024233818 -1.6988340616226196 3.34341824054718 0.11741380820274354 -5.574223966133655 -7.795804348896972
282.95260667800903 -0.5269781947135925 1.4305084943771362 0.25434734122753144 -5.565852881096106 -8.153854456993903
144.67638417169013 -1.2728152345280817 3.0582447843295792 0.2737444714088824 -5.563821010162295 -8.21678058874132
269.43434392168876 0.1913657393443553 2.7867747683632427 0.13832014580638496 -5.558914668643485 -7.842842906676015
269.43434392168876 0.1913657393443553 2.7867747683632427 0.13832014580638496 -5.558914668643485 -7.842842906676015
162.4849745558053 -0.4665052223715045 3.147097706610783 0.37568334713915746 -5.548676809378956 -8.634307036663381
278.4077807967141 -0.2507256829932518 1.7426188604868331 0.16285399307133905 -5.548668635412508 -7.901022173674502
278.4077807967141 -0.2507256829932518 1.7426188604868331 0.16285399307133905 -5.548668635412508 -7.901022173674502
177.09716097756757 0.8424371549641743 3.4435376750128928 0.20529757601680912 -5.546928502737579 -8.010430526148465
174.02063841993416 -1.6676405676705928 3.0955953586214804 0.15878005227673425 -5.546328125120484 -7.891123868152876
174.02063841993416 -1.6676405676705928 3.0955953586214804 0.15878005227673425 -5.546328125120484 -7.891123868152876
144.29108791268993 0.7227629910676017 3.225809869032542 0.10556928661076417 -5.544655915564545 -7.770104725834359
228.76370377906707 -0.7959586747240328 0.9836821770706283 0.540563134397637 -5.531927013695595 -10.45544650569549
214.52262848615646 0.7436832785606384 3.5822629928588867 0.04532962739467621 -5.51701989126737 -7.648737345707188
210.91714152598718 0.4920436674904276 1.6513669997066138 0.33014444622156175 -5.506535788898831 -8.426078243367014
126.65687525449307 -1.6630631442906578 4.13165945670972 0.08139586422416484 -5.499212077090641 -7.719618868761332
126.65687525449307 -1.6630631442906578 4.13165945670972 0.08139586422416484 -5.499212077090641 -7.719618868761332
325.9673968226127 -0.5696063500073665 2.2979644684364944 0.15886697135110872 -5.496271497071737 -7.891334032601719
325.9673968226127 -0.5696063500073665 2.2979644684364944 0.15886697135110872 -5.496271497071737 -7.891334032601719
299.9358851230767 0.7484170659970388 2.1542413505241935 0.22626828957967068 -5.47599655989045 -8.069252051111555
330.66673481179953 -1.1613921894626331 0.7736102728403749 0.37619923682545525 -5.472071856393972 -8.636932982786872
330.66673481179953 -1.1613921894626331 0.7736102728403749 0.37619923682545525 -5.472071856393972 -8.636932982786872
209.2871141046121 -1.4583879565842832 2.145074248554602 0.3147599019465281 -5.469312719461374 -8.364507777427203
213.34568631107004 -0.3638330465048054 2.689931798066194 0.3191138733667337 -5.469160093054011 -8.381551634677797
163.3381747262569 0.9286439043264023 2.872040794367998 0.4184951801450859 -5.459964938056617 -8.879737061239044
163.3381747262569 0.9286439043264023 2.872040794367998 0.4184951801450859 -5.459964938056617 -8.879737061239044
248.60104620456696 -1.5108392834663391 1.1583983898162842 0.4826484124660492 -5.458181380526195 -9.419025704076569
184.59872179551928 0.15204512967533956 3.7582937498260787 0.08939956058869696 -5.452619950984728 -7.736053856282675
280.5275771493811 -0.7911980373840777 2.3722354916309243 0.23046839501262792 -5.444167996820276 -8.08146068804327
156.6009684179564 -1.149562707486007 2.824066988679008 0.486963365324181 -5.443827457685862 -9.468296433410483
156.6009684179564 -1.149562707486007 2.824066988679008 0.486963365324181 -5.443827457685862 -9.468296433410483
203.91600502980145 -0.39056926488888255 2.1060527858893625 0.5137621694949992 -5.441105904926525 -9.844691359640231
212.39705778253074 -1.211502648395479 2.0342504085809505 0.5135181852118602 -5.4340670919579095 -9.840539123934006
212.39705778253074 -1.211502648395479 2.0342504085809505 0.5135181852118602 -5.4340670919579095 -9.840539123934006
280.35426844729807 0.5469071896602178 1.1547553747442327 0.28189818337346156 -5.42959582285745 -8.244461589969035
334.31850522756577 0.8627198934555054 1.444576382637024 0.3447130814552307 -5.428409606069416 -8.488099898665999
334.31850522756577 0.8627198934555054 1.444576382637024 0.3447130814552307 -5.428409606069416 -8.488099898665999
130.20530257598608 -1.6744581316317788 4.011760163842666 0.11087427886047503 -5.4260999430815815 -7.781533633519128
130.20530257598608 -1.6744581316317788 4.011760163842666 0.11087427886047503 -5.4260999430815815 -7.781533633519128
332.89411322143883 -0.8378290147019487 1.5014509699622263 0.36218169219003943 -5.409181779606143 -8.567924867941151
158.51303488016129 -1.8185757398605347 3.822619318962097 0.04504109401702881 -5.4008906028992945 -7.6481900669266984
158.51303488016129 -1.8185757398605347 3.822619318962097 0.04504109401702881 -5.4008906028992945 -7.6481900669266984
197.8599517442592 -1.5066456947559663 3.5247301128712056 0.12235620386119928 -5.397794000652727 -7.806726516907575
153.8354955503334 -1.0454894223070887 4.108865106547299 0.11569948538853944 -5.3894810940778735 -7.792043572694604
148.5085427761078 -0.9923375248908997 2.874314785003662 0.3218783445596695 -5.383798353573682 -8.392526054037058
148.5085427761078 -0.9923375248908997 2.874314785003662 0.3218783445596695 -5.383798353573682 -8.392526054037058
320.105305314064 -0.6146615743637085 1.3322943449020386 0.22735502157211304 -5.375136377069731 -8.072396638900704
283.1003561615944 0.14595264196395874 2.2297877073287964 0.00952688970565796 -5.372362323528255 -7.58301719831155
306.77943419340954 -0.4419713502979783 2.0311946480929137 0.2550253266611928 -5.36840048757896 -8.155988408924143
223.68668376517746 -0.32772015736023796 1.1392410321090605 0.5113170821144245 -5.357660881055756 -9.803839168941112
258.5706649903409 0.8872951021116253 1.5253136653427548 0.22310006800001508 -5.356114940324083 -8.060140462551425
258.5706649903409 0.8872951021116253 1.5253136653427548 0.22310006800001508 -5.356114940324083 -8.060140462551425
301.8642950096339 -0.38882964656740127 1.0512791597864517 0.338068873384555 -5.339396019787857 -8.45933623359466
292.23753029190823 -1.6138078323730645 2.8390502421793196 0.06000635554030547 -5.322921243868033 -7.676978253217873
205.4870363989088 -0.9111142807646841 3.487955526924253 0.09583315537783667 -5.320674630771291 -7.749463423910598
233.54762658544178 0.004637082479050925 2.133989791027325 0.17840231294306197 -5.319042741361427 -7.939726380822244
233.54762658544178 0.004637082479050925 2.133989791027325 0.17840231294306197 -5.319042741361427 -7.939726380822244
207.3865835013141 -1.1406462579788996 3.4589483828322827 0.09792777571778552 -5.315921560362278 -7.753868340165484
207.3865835013141 -1.1406462579788996 3.4589483828322827 0.09792777571778552 -5.315921560362278 -7.753868340165484
276.9552695854444 -1.958898175995878 2.406940269959115 0.2111556069063916 -5.314835022343265 -8.026516701231035
276.9552695854444 -1.958898175995878 2.406940269959115 0.2111556069063916 -5.314835022343265 -8.026516701231035
150.89578049533787 -1.2393239957251205 2.580504112278086 0.42716378505893937 -5.302875898004539 -8.937709934202305
150.89578049533787 -1.2393239957251205 2.580504112278086 0.42716378505893937 -5.302875898004539 -8.937709934202305
279.2907904669679 -0.22083182570258542 0.8477553057989589 0.4449624251237282 -5.295204877209675 -9.06844478380169
213.63751957886916 -0.5255235672603067 3.3180399702628804 0.11065693453149292 -5.279741953275567 -7.78106281865752
201.84312679768965 -1.1096461146986276 2.213743479180107 0.3348785975893008 -5.278926589287863 -8.445813684861069
201.84312679768965 -1.1096461146986276 2.213743479180107 0.3348785975893008 -5.278926589287863 -8.445813684861069
158.9475533761501 -1.5931328911586684 3.3946772184646843 0.19005502309053166 -5.267153241868142 -7.969748137699902
196.43082783658997 -0.8161284612778279 2.697272690487244 0.3407201179721215 -5.265244019471218 -8.470714819694734
188.55024719349888 -1.9753245005375029 2.6522007316369294 0.35141908784622916 -5.264362431973794 -8.517995092246393
268.31429372424907 -0.6527079784608261 0.8782573097338586 0.49375104344265086 -5.2572684967324035 -9.551077057185084
268.31429372424907 -0.6527079784608261 0.8782573097338586 0.49375104344265086 -5.2572684967324035 -9.551077057185084
239.55832591928896 -1.7132799320335605 2.18659125947966 0.2712566551196022 -5.249236618558104 -8.208485039462643
239.55832591928896 -1.7132799320335605 2.18659125947966 0.2712566551196022 -5.249236618558104 -8.208485039462643
266.8084442615509 -1.494437038898468 2.3577988147735596 0.13000576372146608 -5.247879799206758 -7.823869997869323
219.06341857950457 -0.5333905926194848 1.2175149203650184 0.5353956212185678 -5.245919291923327 -10.305035168603016
312.8812014354424 -0.8197647106459938 0.7824155001239665 0.42845027244144646 -5.23384442857154 -8.946607295244336
294.36262305742696 -1.277555635115939 1.8670546279914868 0.31023806336923165 -5.232432319313103 -8.347109028116593
268.1155333088984 0.02193175882804166 1.5860664106973381 0.4431278122202698 -5.230058539645061 -9.054151255426204
147.23774426829334 -1.1829769038228402 3.9404778450171367 0.06333610875548666 -5.226655114857922 -7.683497887942224
147.23774426829334 -1.1829769038228402 3.9404778450171367 0.06333610875548666 -5.226655114857922 -7.683497887942224
193.6599776148796 -1.6150293350219727 1.8661683797836304 0.5390409083604812 -5.214080228069667 -10.408741071600469
193.6599776148796 -1.6150293350219727 1.8661683797836304 0.5390409083604812 -5.214080228069667 -10.408741071600469
326.64350402867194 -1.5707711150019883 1.5060858341406824 0.25132275103701995 -5.2109281422688145 -8.144389674535853
131.16677023338664 -1.2843957396993213 4.1342392402781645 0.09933735474173015 -5.210240062300647 -7.756843597560382
131.16677023338664 -1.2843957396993213 4.1342392402781645 0.09933735474173015 -5.210240062300647 -7.756843597560382
128.50137010677545 -1.3843239304752113 2.7804535061596614 0.5250990434315337 -5.206103678772008 -10.059540900960883
232.2676252020981 -0.39227906398493273 3.0190158393966033 0.12146036548893009 -5.203333852744253 -7.804737937235616
232.2676252020981 -0.39227906398493273 3.0190158393966033 0.12146036548893009 -5.203333852744253 -7.804737937235616
201.91445322740856 -0.23165949344023118 2.1757652577750664 0.4606509159742397 -5.201684713566675 -9.19981538286649
201.91445322740856 -0.23165949344023118 2.1757652577750664 0.4606509159742397 -5.201684713566675 -9.19981538286649
175.50878435942798 0.1940540814968652 1.9508005411276912 0.4246154649382999 -5.197401663045888 -8.920316050873476
333.3364864566019 -0.40548070010521364 0.14664715326056132 0.5484264990200648 -5.196432191822515 -10.739122325173152
307.55519102742926 -1.7502736265583814 1.8151119132454312 0.2188648195903772 -5.195307926597851 -8.048088419050739
267.6506529609853 -0.06772461411738018 1.7086402599025874 0.4035343581214398 -5.193427822013138 -8.786968039430851
346.7988266577007 0.19407842519989904 1.44066827483773 0.3077932257996603 -5.188838446304828 -8.337826566671774
317.3182709710493 -1.77130226822087 2.445413000618375 0.07739920009353869 -5.188452268662788 -7.711512041149051
141.13303441108323 -0.8531254280846534 3.491371246196543 0.2096690524039872 -5.188435924104029 -8.022410051437788
134.32550662226998 -1.3223397399368897 4.450698400304713 0.04418059584394395 -5.187926935557648 -7.646559684120552
212.60839288593593 0.2929970694179742 2.2623821692525947 0.3987491077891213 -5.187078460057689 -8.759024502528447
206.67106172857177 -1.4919916590657771 1.69156495313306 0.5445764377568324 -5.184476482781335 -10.590188195267068
186.84983406425846 -1.453653895832395 3.0608680062145677 0.22248105984119101 -5.183270309980426 -8.058369891575202
325.9027753975331 -1.8083969868849596 2.069115186479289 0.15180606091480614 -5.179246840438962 -7.874403566687903
251.73301835129897 0.30205838410375074 2.283533148200929 0.2775022122841304 -5.176229289232771 -8.229442605707218
155.53184488632604 -1.2304735905261577 2.9115046493389016 0.352422170598909 -5.173384777955902 -8.522544653864497
155.53184488632604 -1.2304735905261577 2.9115046493389016 0.352422170598909 -5.173384777955902 -8.522544653864497
152.07138806581497 -1.0201430916786194 3.2272475957870483 0.25454587211608887 -5.17048250447604 -8.154478859498086
184.73225831985474 0.29296737909317017 3.790176510810852 0.0387783127784729 -5.169597647711489 -7.63638428269483
184.73225831985474 0.29296737909317017 3.790176510810852 0.0387783127784729 -5.169597647711489 -7.63638428269483
151.90754276104286 -0.7417912633654411 3.692484086332801 0.19886872156097227 -5.166568133176727 -7.993069674475228
270.6957951976169 -0.037753236130989354 1.9296967551970132 0.327627404757707 -5.1640913748387085 -8.415741822857159
313.2816948093935 -1.3970314917553162 1.5388322042208271 0.3428005585301015 -5.16350363965995 -8.479735187869025
248.4957562348789 -0.930364934027196 0.9420311556705467 0.5711213920312287 -5.161896055994144 -13.670299457938727
138.24606914544657 -1.1296570048314007 3.7260188041925772 0.1978996184421253 -5.161702632057257 -7.990478597886202
263.1548748094012 0.05751362567631979 2.1317373442620324 0.2894018133397687 -5.15725997855177 -8.270630929627396
301.58983082146176 -1.5894777420366597 1.882780244795863 0.22816663470067272 -5.152398869288541 -8.074751604818427
151.33637729136234 -0.8506098743660335 3.7982338741585924 0.08267121465391168 -5.151737708072155 -7.722219681115391
345.64034460194296 -1.1147438242514698 0.9969215497838091 0.3479781969190334 -5.151727746058601 -8.502544089080548
143.78337226490052 -0.8925974336520004 3.2334209993042293 0.29091942596677606 -5.148224769871733 -8.276007983253523
189.79668276565172 -1.1549209287391053 2.4212432149889507 0.3630475087256632 -5.146856689847 -8.572052027250137
308.0054607703876 -1.1574317245569983 1.6124163667200921 0.2488202191175612 -5.143863396570945 -8.136625718278701
227.00640966100903 -0.7649619928289524 2.693439727299416 0.2089509258781801 -5.14324121778571 -8.02043223123226
236.41566336154938 -1.1251585483551025 1.9659268856048584 0.38571197876930235 -5.142542710221729 -8.686632531720951
283.59634662042265 0.14587810114189903 1.221965759133977 0.32654312965962157 -5.142251094728777 -8.411321880968888
304.7018903243579 -1.2328153595318814 1.5838300748599687 0.3432402780543328 -5.141723777594029 -8.48165218351274
264.8871648220719 0.273198913402549 1.3205338872085388 0.3332549956072902 -5.141103989121211 -8.439001338793252
324.223124179353 0.21685374891497133 0.6442870180881846 0.5651675126369466 -5.139890140865068 -11.937488409067067
220.4269272501213 -0.5743662256758446 3.082817465880506 0.12116034114615182 -5.1398137515832465 -7.804072826971957
348.32416798939573 -0.6714305988320768 1.296397453970334 0.23348485974540578 -5.133063868503541 -8.09032166737761
218.0833019266702 -0.3188426660462085 1.8468539978122456 0.3676294346711646 -5.132971790809573 -8.59418126083331
334.35197268581237 -1.3953241812389843 2.0088602044802384 0.10912906336317553 -5.132377509925783 -7.777759360430314
270.7186769554287 -1.1503061027057164 1.8971451247343545 0.26385265381041095 -5.131767860245632 -8.184196115867799
215.88725723067708 -0.6668525759491502 2.2142933166468826 0.2960433499458009 -5.131602096246494 -8.294379177815864
216.53509178058107 -0.007776103053409367 1.9085754652593314 0.33096003817640496 -5.128452104790431 -8.429450582789194
328.64156819854304 -0.20410267370568658 1.2853122504547105 0.3762338814249138 -5.128180258299239 -8.637109575670522
281.6094270852369 -1.282302331231266 2.3160657155614146 0.1628774720029337 -5.125467250409728 -7.901079504485294
243.51682098809385 0.17407778173983735 2.7976899848729264 0.1420583545197742 -5.1203022744980276 -7.851492002096261
253.33136175913972 0.56911178997778 1.5029581383229953 0.29117001155725164 -5.120037440111165 -8.276898620905454
232.38245366051194 -1.0403387834965412 2.6512035318184797 0.16291133085791762 -5.119055372845901 -7.9011621867614865
138.28261382154082 -0.14886150879307447 3.4976620950398676 0.1868436978900007 -5.1188164190992405 -7.961384187777918
239.51670219710093 -0.7256312284634983 2.695383905478339 0.09213439473626756 -5.11817640449658 -7.74173212452621
216.51181932191085 -0.9956539332427601 2.3101347508804153 0.31062263502122395 -5.117885278515951 -8.348577029161273
262.5453655081776 -0.2229451966741216 2.08040560123976 0.16965580681462047 -5.117122992930757 -7.917769815649336
220.34754608902125 -0.5280426914423226 3.083437721574013 0.02709074031346879 -5.113612009936081 -7.6147183369980125
298.8312102383843 -0.23223769539917072 2.3440604342033016 0.13856052404096106 -5.113504949626648 -7.843396825069974
144.43114126984625 -0.5659958570563717 3.0602284046314043 0.3224014465556846 -5.1101207723792985 -8.394616288066317
177.88060454858473 0.6764526063237621 3.4765723023023334 0.14028187262163352 -5.108503196898797 -7.847372425818221
229.27901091863896 0.6451234441026683 1.0713391439570668 0.4751505387703037 -5.107264817705985 -9.338791977260412
249.49823546234168 -1.0228991983560987 2.2147770435713916 0.2424399569323489 -5.104766291596577 -8.117099854172707
150.7422096949278 -0.10634017804546847 3.3232991557201803 0.29990261242648814 -5.100309807567351 -8.308442392517936
268.1220169264953 -0.47620508409335094 2.7466372875873635 0.08803111169389359 -5.09756100865735 -7.733224637351696
340.9112274646759 -0.9070118069648743 0.9942275285720825 0.4221393774032593 -5.097004810177782 -8.903700149293718
145.08557056437746 -0.5357102241838279 2.8125562811854277 0.46343087229467933 -5.096994902932498 -9.225006809638995
158.5971882847697 -0.01949532746207905 3.0172295201391766 0.22599547787934407 -5.093760853942696 -8.068464188465184
316.87818331804397 -0.0468946834192463 1.5008942520347865 0.3300594734180427 -5.0871250331838604 -8.42572754798241
236.63786268963355 0.24433876902914387 2.55983188979119 0.2201858879740757 -5.086576755339156 -8.051832156212981
346.8095976063446 -0.10225994012917394 1.1228310545234486 0.37561373614030774 -5.083165277356648 -8.633953234967802
325.8959830901837 -0.9693059191397615 1.842147362468241 0.20178405650959647 -5.081529070313261 -8.000905086011967
181.56663600841568 -0.3643093971321274 2.734392739538645 0.24114118952587382 -5.0807813107319815 -8.113171445084625
132.6671829130663 -0.587798101150319 3.7293595101727455 0.2003855811055156 -5.079884154421376 -7.997138805698062
228.24649492802968 -0.22929419611802682 1.808737261469754 0.4486903219041778 -5.079558512842708 -9.098133904904689
318.26823353767395 -0.958755373954773 1.3647156953811646 0.345152005648613 -5.072657324314449 -8.490029512406913
200.18629747790743 -0.6399817582798011 2.810574266645956 0.23206972288458658 -5.069160571275366 -8.086154870305093
255.94031503238463 0.24011211294376889 2.6453930615219985 0.14508156078779935 -5.067684407581658 -7.858541925121577
277.41694406377326 -0.1764072889833046 2.217241756753758 0.20738169699224587 -5.065382467980466 -8.0161239221371
287.51254975795746 -0.8482446074485779 1.9809740781784058 0.22388818573951721 -5.0652737143956434 -8.062399289746084
142.8386344444116 -0.19195644190909267 2.710195482388807 0.4160315845153537 -5.060768429789099 -8.863856559001036
249.4203195057099 0.7240807558365856 1.6970701838753968 0.4243908363467503 -5.060132232468429 -8.91879723126571
253.53107126843494 0.6345668815281944 0.828759937893663 0.4884512994899559 -5.059511552275537 -9.485865515617752
264.0443472635793 -0.07629266999992668 1.8235231813900379 0.3517993519427759 -5.057303508454301 -8.51971737517126
231.97545576583954 -0.41854217041652975 3.074622149396621 0.0027347449827750613 -5.054754124665751 -7.57102250327178
136.58792195957707 0.12246589157719168 3.60633912125426 0.1498522655371731 -5.053815364814196 -7.869768998296621
262.2074123161902 -0.6584211672589708 2.6201702383714762 0.07301553378256789 -5.053713157248841 -7.702695147218184
338.09518298404146 -0.4652425142730079 1.0217934047880783 0.3338730096246773 -5.052672741338843 -8.441588948571484
255.91068013615822 -0.4900242987279755 2.1967820262854643 0.21429689842788965 -5.022145153281769 -8.035250481532286
214.71699476242065 -0.37536758184432983 2.395485043525696 0.3104768579006195 -5.042967738048735 -8.348020309729463
259.9571960480497 0.21240227416946666 2.953257951994779 0.01569644976516692 -4.945784704800911 -7.594038547234466
201.05359887979284 0.05005537424947004 3.242805109628563 0.03513529080894632 -4.969514347291864 -7.629580505870144
290.80940037965775 -0.21648085117340088 2.585775852203369 0.005628635573387146 -4.991658129118965 -7.576115434626207
318.14406866022443 -0.01396840297179347 2.4295715626715353 0.0032585567290488466 -4.931934354781728 -7.571942434255681
236.1159092146001 -0.22453770312846588 2.871440273126675 0.041961865784143265 -5.0253997957896885 -7.642368086313184
239.23356876069963 0.046348212897193264 2.6847811085929365 0.05352173158273168 -5.035265366924513 -7.664402114290154
274.48573306213177 -0.19118026556204026 2.7599592925639254 0.04413082345028862 -5.0157817072150905 -7.646465461817346
297.32840030886825 -0.3244858245742108 2.540933793798991 0.00614542307804675 -5.00060007175397 -7.57702766006013
213.03939597555936 0.09140010608899063 3.256526856535176 0.03486729731391623 -4.928144758568302 -7.629081819331411
131.74587089612763 -0.2663974976553778 3.749588802038824 0.1951535296971415 -5.018766909805676 -7.983172678472284
174.0358734521371 0.11135430285953785 3.100738148244025 0.2292237984338901 -4.959810506507957 -8.077827397235687
153.63357774064713 -0.14134386120006148 3.147976471368249 0.31477130844323964 -5.029677245780508 -8.36455205139428
148.5737689791295 -0.028529266421406074 3.142098691251242 0.29995283208222273 -4.963139297813063 -8.308626703583604
143.7487645600094 0.5630512747789016 3.7886560617883305 0.09868425874610764 -4.829666253792257 -7.755463979883183
148.55610813257564 0.29620962978432264 4.036498854099992 0.031130487396913764 -4.888414063845106 -7.622154090023432
183.49801080956618 0.21095694206789428 3.7480067772019847 0.005639879519818639 -4.953694031906702 -7.576135273416009
156.10795616665268 -0.1056224554144376 3.5532342758488777 0.1060303524317929 -5.043705505064537 -7.771092864883237
129.44884842705025 0.5530850514698811 4.175884486872967 0.1402021146056863 -5.008496515791312 -7.8471878682837195
166.71957192481932 0.6531190373572708 3.827231328792166 0.06891777052494015 -5.007182604507416 -7.694523002145251
132.4975506024612 0.4422773236685198 3.267225781768735 0.29948782449807754 -4.866649722920475 -8.306921377719299
132.96385091966138 0.9129573201961461 3.9742190495389984 0.09150086953226644 -4.7979631007877614 -7.740413879542404
138.22987634111817 0.7536239110878209 3.2486477643307765 0.25268017346576827 -4.833033477600477 -8.148626349486674
179.40517850692112 0.3543072370468714 2.946231326231448 0.22069115971350342 -4.87771193744431 -8.053267744652155
164.8622110727068 0.1288783653529606 2.781504510086731 0.2921981127777768 -4.962195744507875 -8.280561050540397
190.83484512628365 0.9232049354174432 3.5266269452922145 0.0295315504592742 -4.881396123449405 -7.619204395145486
196.09858585820683 0.5594135915254088 3.1209601505041658 0.054222081396969185 -4.875598876671702 -7.6657527641960534
204.54162044554045 0.8512171082374871 3.41083307495804 0.041792053936722855 -4.9543734209168155 -7.642048002478888
195.1537447986345 0.8075679455725044 2.6843510566616846 0.18316378134892577 -4.831534624531174 -7.951885014480166
188.1144051058762 0.875092148892799 3.278770402740271 0.13689929276456533 -4.994137788446242 -7.839574999435883
194.82032965005175 0.4696625313620295 3.293157239825115 0.09899756890506729 -4.913912238806673 -7.756125587229627
321.72524415048395 0.33747112937853396 2.1376204459732087 0.11722840046395167 -4.973945285468349 -7.795396930000772
307.15004712475564 0.23485658028769052 2.4598436123776164 0.023194161345056665 -4.889250878778642 -7.607598114651955
227.321937691818 0.4243544693446655 2.613978342988526 0.08749890522286392 -4.966881164006717 -7.732126477842368
258.42120394680296 0.6458743017906583 2.8806562422016473 0.06276757976658616 -5.042386473878366 -7.6823816984723665
265.54010808467865 0.6809383630752563 2.472240924835205 0.09529967122077942 -4.821506119370129 -7.748344618047117
258.9266348412804 0.7441880045838927 2.592293605470144 0.14260263707208187 -5.051116657970193 -7.852757571079027
265.401821256373 0.2647195658810828 2.1560381810620433 0.1325916902649421 -4.963203467403379 -7.829732447397084
261.2532978824936 0.3993745394152981 2.265124773221636 0.16435313790536504 -4.85653932843528 -7.904689393805521
230.3751195680257 0.4217274682970804 2.240828983067498 0.24177550929102806 -4.856691575673408 -8.115088157466449
275.21838642478326 0.6277528946686077 2.0481120004695272 0.20921102465121405 -4.857514232537595 -8.021148127638542
311.1528313171906 0.10157621873579625 2.2015582197564987 0.04897602259853261 -4.921193313812029 -7.6556796197874
244.90596550489443 0.4205916485010417 2.9448973464758676 0.06377639655591777 -4.967710259453254 -7.684363159118688
241.15561555706955 0.16979544989260997 2.7641682665199134 0.13622253128249173 -5.0215813410669 -7.838022220814775
272.8924247600034 0.6457632349641043 2.2807557476943874 0.03916801344809512 -4.97542166995925 -7.637114843401578
246.9898962838692 0.3676587221528993 2.3260619654603634 0.10772936487486594 -5.034863523422307 -7.77474257663173
281.89686472618826 0.8964985243763737 2.066342577067717 0.14931545228413723 -4.797411260922225 -7.868499384218594
223.98638655820758 0.3809646210437059 2.930798516712196 0.04661565082269651 -4.885136418020413 -7.651180273569854
274.05859797339247 0.4888419762232403 1.9257125013555427 0.15246776800559655 -4.961625688007037 -7.875978073824646
261.035901516282 0.5913559811121187 2.388025840238316 0.12640331388867942 -4.819966271000159 -7.815759897940301
183.68311648469228 0.6965931788978628 2.9931231390358137 0.21538154196131304 -4.908027917659063 -8.03828393605641
240.9421158452362 0.6133130052077984 2.800508738427868 0.1135601964193724 -4.964180317794572 -7.787370282354246
276.6486059145439 0.7922602251826776 2.636742808367451 0.08317428414414102 -5.052399214066088 -7.723247450095245
273.94590406553516 0.6276874414329825 1.8660799117092495 0.1733715617369895 -4.901561927758661 -7.927038731496949
193.44514547693606 0.391220026204377 3.3372050105815134 0.029337288528403695 -4.879576096402958 -7.618846615684103
266.3030250803543 0.38060812000729527 2.169994614938422 0.18060615899373414 -4.859654613723444 -7.945335634041185
146.06761187314987 -0.1827608346939087 2.3511260747909546 0.5120934875965119 -5.041293926360597 -9.816631321729684
167.4518609104526 -0.28188580132030516 2.4270281843996386 0.4480171171128361 -5.020260309761623 -9.092706846221457
172.25820786542064 0.10299993732389012 2.5226807284292674 0.31573765777465007 -5.034400901205461 -8.368310042124063
209.24566564277845 -0.021819858843904028 2.450852619551817 0.2285164991144457 -5.016896706048665 -8.075768479890419
133.77920566311556 0.21974684290860091 3.0234419892137296 0.45883471766417666 -5.031877370776009 -9.183693573352269
126.79283102992578 0.14522755218894146 2.9190741578888595 0.5195015049297913 -5.0100300876661095 -9.947696529807786
236.5845082209629 -0.19158467034780569 2.167656741047214 0.3167695533277494 -5.048753686008665 -8.372338585843707
246.8445079435627 0.3188778690291123 1.8016506933893526 0.3997030646519088 -5.029118376457114 -8.764533180217407
176.19400232639188 0.11349379854891684 2.203310692003713 0.5046661023998619 -5.032323017718553 -9.700484661976866
217.2214191242292 0.7996143810331318 2.1406347269602897 0.2670209728956157 -4.834552195077472 -8.194517702791225
195.24546579011093 0.7780898943751033 2.125431104398256 0.3206769182471728 -4.89931254947531 -8.387741818324319
188.25254698841158 0.37390471978792705 2.4606796313653607 0.32330243431637423 -4.869844624428002 -8.398226769915004
178.40201918935682 0.24112734505520894 2.652952042100164 0.28623653694409307 -4.8965497415888874 -8.25950822299471
168.79338006480666 0.5582288827794568 2.171617910725285 0.403139222302366 -4.963207217765368 -8.78463083076529
200.34509982986646 0.6920590505205721 2.543935299314377 0.3103191663117533 -4.9624805431983 -8.347418437984542
155.84501554800252 0.5692418767093597 2.54510876487121 0.3314212671984996 -5.03019046761912 -8.431362735729232
162.52821642221562 0.530691545214923 2.675623041194701 0.35914209765097743 -4.837906249002804 -8.55356917726755
196.98417978670665 0.7634777925715381 2.4802861190856635 0.2166721200858575 -4.888516633271588 -8.041905363389779
268.8309140567018 0.8773323313739327 1.4641724001424983 0.3677089691339544 -4.814718628816901 -8.594569743975704
243.9279016825451 0.2805456390435306 1.9210969742433885 0.32955277133099914 -4.898663897566108 -8.42363886266102
259.309846973944 0.7993258738711488 1.6104889039442245 0.40360201367840814 -4.9694864341638025 -8.78736876697284
243.108233329737 0.5571777221268621 1.6797781684439306 0.35560258350357155 -4.823715221061446 -8.537108066723984
262.60701636250445 0.9207934828095965 1.383985494642852 0.3451326109062832 -4.838089490416852 -8.489944169894656
227.52731586265702 0.7214060359294803 1.693240060560396 0.35878112065917367 -4.850075920249488 -8.551877930081805
229.75690844428084 0.5842213250916988 1.3954713330194473 0.5238171437804162 -4.888193646971726 -10.03280070369796
343.7313959002495 0.4463791847229004 0.30125319957733154 0.5326404622077943 -4.840941158992692 -10.233221662912806
294.687771484823 0.4137896907066758 1.0491947442966953 0.4227797556532293 -4.849878410668785 -8.90797104013046
288.1250648885325 0.3014825537464123 0.7081897647298998 0.4988573120786473 -4.928315617125798 -9.618205394016782
324.38434788154683 0.22964468929126003 0.5891620265107589 0.5213747656399486 -4.9072693624375425 -9.98375111796009
275.0190634992993 0.4595806561624203 0.8864528860939487 0.5141623348507608 -4.837365190693478 -9.85153910676158
323.4257974591204 0.6677574784406466 0.6628122816799866 0.48359737834724725 -4.835823082339781 -9.429655247010174
322.7934960259952 0.5639346393616154 0.9274437319672497 0.4018240389486219 -4.8256402334462285 -8.776890702816877
322.0855146775761 0.6154576747598721 0.6127559271933123 0.4545142659608213 -4.822695245240458 -9.146355619982783
345.2765923827126 0.2516294076834815 0.3017736874788355 0.46817348604487014 -5.0255152334396005 -9.269504870192943
287.4652794354214 0.45210243851542575 0.7668730159623856 0.5567005498681094 -4.892537080131457 -11.162445731394612
313.6733998157815 0.3994557260472922 1.072239928145179 0.4138661463698756 -4.910213887106256 -8.850103261606565
311.70649411557395 0.9454729130958732 1.0554884486131089 0.34031856393620774 -4.802881690919094 -8.468983092098664
292.6281293263859 0.7985059236542305 1.269887662038034 0.4230109087441435 -4.981485468537302 -8.909517166685314
296.69163977817607 0.5649472812570298 1.5839107442384464 0.3327824666457394 -4.997152419800081 -8.437027378519712
314.2945851070734 0.8922233929280283 1.1658930467743964 0.359506688537893 -4.839630025643829 -8.55528026461896
266.9519826769829 0.05814659595489502 1.877758502960205 0.2848591403245926 -4.928511358723849 -8.254706448939745
304.8690502217088 -0.5558322760815959 1.9241011615901886 0.18231075253235351 -5.0116119409528945 -7.949695867084562
268.09168892938385 -0.3768311978833756 1.640094063005824 0.33033640358508454 -5.006893850297436 -8.426870932954026
299.42466191228027 0.17583972477278653 1.826123830413664 0.2408195759902625 -4.940365881288499 -8.112201033123117
290.9529367439211 -0.11686296636488347 1.499425896499611 0.3095771964252443 -4.977836647377426 -8.344591365249627
276.5520298971305 0.11536514142731713 1.3122755955823227 0.3766845352528276 -4.924523458653012 -8.639409525684748
334.3764170942804 -0.6260837445144669 1.809216458997006 0.15783947012118196 -5.017900926653596 -7.888852424704503
323.40224269511555 -0.031172949230062974 1.0831686809149392 0.36765551239455074 -4.93811648958571 -8.594308619880232
339.513790257664 0.1281406423335847 0.9933450032214255 0.34187511878544646 -4.904024553886398 -8.475712618546288
303.62867040615254 -0.40587545711309225 1.0209619177349758 0.406536415891979 -5.034508893851104 -8.804905751662671
299.7813128485326 -0.2796882415821662 0.7588822796939612 0.5119963998703858 -4.98059354278721 -9.815022711729673
301.92883657752395 -0.29325169623274805 0.9669942343700466 0.49670245201930896 -5.031967536349444 -9.589325651042536
280.23554052192964 -0.45452272640211855 0.9811311929169433 0.5007176030380459 -5.0101150772176695 -9.643826211822102
348.8151862871305 -0.033856963058461975 0.24866092178526777 0.5100311706759763 -5.010714250396758 -9.783005799184131
324.0560514806344 -0.02108865961584705 0.6189060061129332 0.552455798747061 -5.043605972594563 -10.923132982617265
251.19039199628355 -0.011294697779549168 1.310817825622217 0.526088767988073 -5.033194363023078 -10.08068689596733
243.12247856505363 -0.1357654284951979 1.082141678863115 0.5217126831049916 -5.041510816261949 -9.990395700248913
276.47893395854044 0.04345457376157258 1.3983478012611723 0.4058232916205786 -4.945311597060825 -8.800615505375793
