

    0.473541185666723984E-32    0.150951146199586901E+03    0.299252940714359283E+03    0.494830608367919922E+00    0.391436517238616943E+01    0.556218555521965086E+00
    0.271771194129194466E-25    0.119809886649574750E+03    0.289665612578392029E+03    0.710868775844573975E+00    0.358856916427612305E+01    0.399893034338951125E+00
    0.226641365593603581E-24    0.115552274730277247E+03    0.282098537683486938E+03    0.813546061515808105E+00    0.361395597457885742E+01    0.338001618361473077E+00
    0.558713559106355991E-24    0.113732113641659822E+03    0.172153596580028534E+03   -0.155356955528259277E+01   -0.435067772865295410E+01    0.301451361894607528E+00
    0.127504532546494315E-23    0.112066288479368666E+03    0.214884082973003387E+03    0.693317651748657227E+00    0.403800070285797119E+01    0.431142526316642793E+00
    0.358466571350064086E-23    0.109983296486457363E+03    0.194850516319274902E+03    0.483321249485015869E+00    0.446262776851654053E+01    0.440076928067207329E+00
    0.577559897306380550E-23    0.109013717995476384E+03    0.254583968222141266E+03    0.674565792083740234E+00    0.391900539398193359E+01    0.331153548002243059E+00
    0.351941861830412048E-22    0.105383615126677768E+03    0.215450592339038849E+03   -0.187191736698150635E+01   -0.413024246692657471E+01    0.165004893136024483E+00
    0.307701921867032630E-21    0.101031488877653857E+03    0.209451282024383545E+03   -0.144727772474288940E+01    0.473685383796691895E+01    0.431009706115722646E+00
    0.993357208348151861E-21    0.986719462825096372E+02    0.303534068167209625E+03    0.195546865463256836E+00    0.310391485691070557E+01    0.490120154356956494E+00
    0.742010427902272219E-19    0.900294349684275375E+02    0.180468954145908356E+03    0.490760803222656250E-01   -0.388320147991180420E+01    0.187134758377075189E+00
    0.753356568063423425E-19    0.899834592707487531E+02    0.294512605667114258E+03   -0.169725441932678223E+01   -0.453371405601501465E+01    0.174372794365882877E+00
    0.158461644111828575E-18    0.884807162340359810E+02    0.192590647935867310E+03    0.883223235607147217E+00    0.423136413097381592E+01    0.189646981000900272E+00
    0.381699076699067114E-17    0.821016811084810314E+02    0.148310180008411407E+03   -0.809545159339904785E+00    0.456778466701507568E+01    0.527243895220756542E+00
    0.414002006886123129E-17    0.819235795474127144E+02    0.316646207869052887E+03   -0.547633171081542969E-01   -0.489956915378570557E+01    0.183913228797912609E+00
    0.608446845355965396E-17    0.811378770800469340E+02    0.204064789414405823E+03   -0.635315299034118652E+00    0.463771581649780273E+01    0.271560095500946064E+00
    0.948697672772497992E-17    0.802338908434902578E+02    0.197935070097446442E+03   -0.829560160636901855E-01   -0.466736555099487305E+01    0.462301606392860442E+00
    0.119005361264769073E-16    0.797649389146701964E+02    0.345929305255413055E+03    0.415662527084350586E-01    0.286090910434722900E+01    0.350438884234428427E+00
    0.334264810015458054E-16    0.776837839577552103E+02    0.127392289042472839E+03    0.623948037624359131E+00   -0.267389774322509766E+01    0.757583840131759723E-01
    0.489262206578896667E-16    0.769062288930766726E+02    0.270144455134868622E+03   -0.745544433593750000E-01   -0.472800970077514648E+01    0.286724320793151854E+00
    0.206504855322398495E-15    0.740105829690021011E+02    0.249979366362094879E+03   -0.176583886146545410E+01    0.406800210475921631E+01    0.298941322803497334E+00
    0.818495971544446300E-15    0.712406688680753319E+02    0.163520477712154388E+03    0.351837217807769775E+00   -0.426153063774108887E+01    0.496765906763076803E+00
    0.303194840930358312E-14    0.686060593557330947E+02    0.195900614559650421E+03    0.452427387237548828E+00   -0.462301254272460938E+01    0.481409632945060728E+00
    0.104936669726685986E-13    0.661073014007255324E+02    0.260751238465309143E+03   -0.367305040359497070E+00   -0.407623350620269775E+01    0.245730302309989934E+00
    0.125517512825559687E-13    0.657334998596631550E+02    0.346764612197875977E+03   -0.674247741699218750E-01    0.228216409683227539E+01    0.403450657367706300E+00
    0.131414866246240600E-13    0.656260469722111850E+02    0.197904264926910400E+03   -0.100372135639190674E+00   -0.338347852230072021E+01    0.224641948056221008E+00
    0.182162530134564236E-13    0.649573418236162752E+02    0.186489748954772949E+03   -0.139641284942626953E+00   -0.283049464225769043E+01    0.103895795989036560E+00
    0.285467545049617736E-13    0.640432587560900402E+02    0.224864582717418671E+03    0.823709845542907715E+00   -0.409127712249755859E+01    0.183305114936828606E+00
    0.288442507503254713E-13    0.640068988755138832E+02    0.318309070169925690E+03   -0.699851036071777344E+00    0.256301164627075195E+01    0.405038256239891092E+00
    0.393321039018850158E-13    0.633710131030468062E+02    0.251731278002262115E+03   -0.103341788053512573E+01    0.340747177600860596E+01    0.344586334204673772E+00
    0.399498304263122615E-13    0.633242214050909098E+02    0.264377236366271973E+03   -0.758976221084594727E+00   -0.365611135959625244E+01    0.168376950001716624E+00
    0.496963340518483275E-13    0.628719829225017719E+02    0.302488180994987488E+03   -0.188144940137863159E+01   -0.330179274082183838E+01    0.454155698776245106E-01
    0.581484962066755520E-13    0.625422202241214222E+02    0.149349576234817505E+03   -0.717883527278900146E+00    0.393261313438415527E+01    0.523907218408584563E+00
    0.722042072103357921E-13    0.620935986285767285E+02    0.251964160799980164E+03   -0.104772067070007324E+01    0.273590743541717529E+01    0.523895277214050270E+00
    0.981664932228403757E-13    0.614636403650178025E+02    0.180476450920104980E+03   -0.522017002105712891E+00    0.354942798614501953E+01    0.470864056992530866E+00
    0.107464401576607579E-12    0.612670259709984748E+02    0.263162410259246826E+03    0.279692411422729492E-01   -0.370931267738342285E+01    0.145159241938591005E+00
    0.229859781705275097E-12    0.597307813036922681E+02    0.345768144726753235E+03   -0.267052650451660156E+00   -0.383772790431976318E+01    0.494834230899810837E-01
    0.326720376022490768E-12    0.590118858884474591E+02    0.334318505227565765E+03    0.862719893455505371E+00    0.144457638263702393E+01    0.344713081455230719E+00
    0.590526266843961577E-12    0.578124420261500731E+02    0.348774619400501251E+03    0.550628602504730225E+00    0.292952120304107666E+01    0.259383898258209247E-01
    0.890948592169445915E-12    0.569742718021479249E+02    0.188436120748519897E+03   -0.130969166755676270E+01   -0.273754894733428955E+01    0.228670156502723709E+00
    0.105824765981635298E-11    0.566144809241468181E+02    0.259889176487922668E+03    0.242750167846679688E+00   -0.310835540294647217E+01    0.237674124240875272E-02
    0.108780925139295515E-11    0.565437530769322905E+02    0.329428006708621979E+03   -0.135392898321151733E+01   -0.328661561012268066E+01    0.195786802053451552E-01
    0.178811772086013144E-11    0.555341326742547068E+02    0.257064220309257507E+03   -0.169231057167053223E+01   -0.264418721199035645E+01    0.327693331003189106E-01
    0.189544158645752136E-11    0.554019310251528907E+02    0.271039655804634094E+03    0.370879828929901123E+00   -0.423071146011352539E+01    0.286913059902191181E+00
    0.189019934197344464E-11    0.553918451113303831E+02    0.253354483842849731E+03   -0.132449084520339966E+01    0.347156286239624023E+01    0.259255786299705526E+00
    0.190143115110536630E-11    0.553643710221265124E+02    0.140910877287387848E+03   -0.477226257324218750E+00   -0.173133969306945801E+01    0.100754067707061773E+00
    0.207456342317097397E-11    0.551744582360892224E+02    0.238495783507823944E+03   -0.992922782897949219E-01    0.399277389049530029E+01    0.686277849912643456E-01
    0.216945651029726158E-11    0.550693813420395912E+02    0.141609632968902588E+03   -0.986450254917144775E+00   -0.140717446804046631E+01    0.394639420509338423E-01
    0.240109721955630657E-11    0.548508580868442550E+02    0.213370861113071442E+03    0.348511993885040283E+00   -0.321447193622589111E+01    0.174252870655059816E+00
    0.278825121390233756E-11    0.545362555137253082E+02    0.272373732924461365E+03   -0.105665349960327148E+01   -0.406279981136322021E+01    0.367819156408309922E+00
    0.291607970911666294E-11    0.544309794045154973E+02    0.317829625308513641E+03   -0.157334208488464355E-01   -0.374810934066772461E+01    0.103311359810829173E+00
    0.311189600890635242E-11    0.542853703230439280E+02    0.148360350728034973E+03    0.259562969207763672E+00   -0.366691052913665771E+01    0.568897545289993256E+00
    0.334636584479498098E-11    0.541244598331532742E+02    0.214522628486156464E+03    0.743683278560638428E+00    0.358226299285888672E+01    0.453296273946762127E-01
    0.454781778613508478E-11    0.534952896812939827E+02    0.184703062474727631E+03   -0.123495727777481079E+01    0.438230812549591064E+01    0.177644101667404186E+00
    0.501092750761342693E-10    0.486805474578045505E+02    0.327308873832225800E+03   -0.195897936820983887E+00   -0.319956243038177490E+01    0.984223959445953457E-02
    0.837098632964386995E-10    0.476386210790185061E+02    0.295982201397418976E+03   -0.102343595027923584E+01   -0.374363780021667480E+01    0.297231650805473313E+00
    0.122531303791297413E-09    0.468609766252508635E+02    0.340413208305835724E+03   -0.182422035932540894E+01    0.238216698169708252E+01    0.301323147583007822E+00
    0.235779291602948722E-09    0.455362923774846564E+02    0.312197710573673248E+03   -0.122350817918777466E+01   -0.378302156925201416E+01    0.301596942114830013E+00
    0.290707584976366020E-09    0.451018239035683877E+02    0.342678789794445038E+03   -0.101669269800186157E+01    0.284800767898559570E+01    0.105670325732231146E+00
    0.393340958499054199E-09    0.444814810730006940E+02    0.294781228899955750E+03   -0.776798427104949951E+00   -0.272966206073760986E+01    0.353769829273223868E-01
    0.414540941373322318E-09    0.443608662170116546E+02    0.282609806954860687E+03    0.441906332969665527E+00   -0.304324924945831299E+01    0.312344801902771016E-01
    0.519059522365536888E-09    0.438955475757798297E+02    0.210961084067821503E+03   -0.192743855714797974E+01   -0.194626629352569580E+01    0.109761310744285592E+00
    0.750308303608802941E-09    0.431429913151531110E+02    0.274512647092342377E+03    0.628530323505401611E+00   -0.393319606781005859E+01    0.266973550915718061E+00
    0.828989146125234327E-09    0.429279205776018387E+02    0.242020997405052185E+03    0.181063294410705566E+00   -0.335590600967407227E+01    0.280300231075286899E+00
    0.152568037565577924E-08    0.416923182272009711E+02    0.322774854302406311E+03   -0.186920762062072754E+00   -0.301769673824310303E+01    0.477739899158477824E-01
    0.161253410891482850E-08    0.415659602997139572E+02    0.265540108084678650E+03    0.680938363075256348E+00    0.247224092483520508E+01    0.952996712207794250E-01
    0.167435284739747244E-08    0.414750956825565567E+02    0.209587511420249939E+03   -0.583336949348449707E-01   -0.235492467880249023E+01    0.142331874132156366E+00
    0.172606052650808064E-08    0.413986408251765567E+02    0.160399150848388672E+03   -0.999983429908752441E+00    0.358663320541381836E+01    0.359955402159690852E+00
    0.172762831939835672E-08    0.413812000356623102E+02    0.165851947665214539E+03   -0.103532528877258301E+01    0.324502527713775635E+01    0.440808343291282656E+00
    0.173916607063584895E-08    0.413522626870919510E+02    0.220696362853050232E+03    0.948727607727050781E+00   -0.449605584144592285E+01    0.547711239123344407E+00
    0.183807194739019724E-08    0.412260148091566379E+02    0.323820620775222778E+03   -0.151184421777725220E+01   -0.434633135795593262E+01    0.505408329248428378E+00
    0.257369229686400231E-08    0.405371410257923870E+02    0.187099951505661011E+03   -0.183267450332641602E+01    0.265960395336151123E+01    0.553575662112236078E+00
    0.381127731887518548E-08    0.397362703697700965E+02    0.224754357337951660E+03   -0.183825796842575073E+01   -0.325003981590270996E+01    0.486457789993286149E+00
    0.453654916447747778E-08    0.393722408900652638E+02    0.173101489245891571E+03   -0.154396545886993408E+01   -0.116417348384857178E+01    0.481771587610244773E-01
    0.471818796510663656E-08    0.392780995038947651E+02    0.275330613553524017E+03    0.840737044811248779E+00   -0.459367632865905762E+01    0.459830325007438701E+00
    0.550410145146931606E-08    0.389543370787177992E+02    0.231056328117847443E+03   -0.763472497463226318E+00    0.299042940139770508E+01    0.237119370460510265E+00
    0.619746011878126428E-08    0.387014200445587022E+02    0.252018448710441589E+03    0.364786386489868164E-02   -0.406003057956695557E+01    0.529146843981742832E+00
    0.636322275220985553E-08    0.386330042021582116E+02    0.169677166640758514E+03   -0.165610986948013306E+01   -0.167072236537933350E+01    0.227618921971321109E+00
    0.816876917033514374E-08    0.381178126539190174E+02    0.184732258319854736E+03    0.292967379093170166E+00    0.379017651081085205E+01    0.387783127784728995E-01
    0.115311580227639210E-07    0.374127186145462929E+02    0.182083469629287720E+03    0.357845187187194824E+00   -0.315821349620819092E+01    0.456177445363998402E+00
    0.310087109098002229E-07    0.354186628200665439E+02    0.166688635945320129E+03    0.351289868354797363E+00   -0.215037465095520020E+01    0.264398074078559864E+00
    0.317124207041770236E-07    0.353581572953474108E+02    0.335138295590877533E+03    0.441492915153503418E+00   -0.458088040351867676E+01    0.458112737703323392E+00
    0.412379426660615620E-07    0.348172316021760082E+02    0.290242421627044678E+03   -0.189096552133560181E+01    0.280527412891387939E+01    0.148499432873725884E+00
    0.452895965545737862E-07    0.346141694453090096E+02    0.329701055586338043E+03   -0.109415256977081299E+01   -0.245995640754699707E+01    0.245224029779434229E-01
    0.558759074041542967E-07    0.341784325588783986E+02    0.256262145936489105E+03   -0.177906054258346558E+01   -0.314915478229522705E+01    0.434829898953437821E+00
    0.600292160563713963E-07    0.340194113883110347E+02    0.343731395900249481E+03    0.446379184722900391E+00    0.301253199577331543E+00    0.532640462207794263E+00
    0.664371397274030059E-07    0.338009366775571607E+02    0.309179635345935822E+03   -0.176100963354110718E+01    0.292992413043975830E+01    0.426650351285934454E-01
    0.749976519329636313E-07    0.335429105333014235E+02    0.201245224475860596E+03    0.578020572662353516E+00   -0.236289978027343750E+01    0.173455676507949824E+00
    0.778580122157904564E-07    0.334524255210329571E+02    0.311580252647399902E+03   -0.153060555458068848E-01   -0.399480164051055908E+01    0.429928140950202931E+00
    0.775658414473244656E-07    0.334443198587854553E+02    0.184807440638542175E+03   -0.197531545162200928E+01    0.290153324604034424E+01    0.401756986570358299E+00
    0.929481660726688354E-07    0.330668651768400537E+02    0.319234083592891693E+03    0.433629751205444336E-02   -0.310919463634490967E+01    0.170942055058479314E+00
    0.100416870219792950E-06    0.328966636978333469E+02    0.247794224321842194E+03   -0.180348438024520874E+01    0.216843187808990479E+01    0.403868257999420166E+00
    0.106914726970862520E-06    0.327556359992018784E+02    0.239240780472755432E+03    0.777775228023529053E+00   -0.401049196720123291E+01    0.496149468183517461E+00
    0.167644788951255867E-06    0.318403793652212670E+02    0.321604137122631073E+03   -0.138009786605834961E-01   -0.428684115409851074E+01    0.516452774190902741E+00
    0.209472918296282814E-06    0.313792602188112433E+02    0.266951982676982880E+03    0.581465959548950195E-01    0.187775850296020508E+01    0.284859140324592586E+00
    0.271871778115247147E-06    0.308421630419486092E+02    0.342930461466312408E+03    0.411484181880950928E+00   -0.434832990169525146E+01    0.453323875164985679E+00
    0.356226051506358760E-06    0.302860681333100139E+02    0.334929338097572327E+03   -0.104040521383285522E+01   -0.392245233058929443E+01    0.479496141815185573E+00
    0.426866519882473370E-06    0.299086314151683581E+02    0.214716994762420654E+03   -0.375367581844329834E+00    0.239548504352569580E+01    0.310476857900619518E+00
    0.440435813655639709E-06    0.298304196997006308E+02    0.340911227464675903E+03   -0.907011806964874268E+00    0.994227528572082520E+00    0.422139377403259297E+00
    0.459846268111312510E-06    0.297285396765370145E+02    0.340840604901313782E+03    0.575102686882019043E+00   -0.406253755092620850E+01    0.353187133097648653E+00
    0.709987963915585060E-06    0.288442031089526978E+02    0.289259231090545654E+03   -0.411978662014007568E+00   -0.288606286048889160E+01    0.275710138249397274E+00
    0.837368386530965258E-06    0.284985459423948662E+02    0.318268233537673950E+03   -0.958755373954772949E+00    0.136471569538116455E+01    0.345152005648612981E+00
    0.928874807594751383E-06    0.282755012055935424E+02    0.236415663361549377E+03   -0.112515854835510254E+01    0.196592688560485840E+01    0.385711978769302355E+00
    0.128417559622190645E-05    0.276120796801095700E+02    0.290809400379657745E+03   -0.216480851173400879E+00    0.258577585220336914E+01    0.562863557338714581E-02
    0.132303149739930625E-05    0.275368372014936789E+02    0.287512549757957458E+03   -0.848244607448577881E+00    0.198097407817840576E+01    0.223888185739517215E+00
    0.134468446357090305E-05    0.274887448143976734E+02    0.143928469717502594E+03    0.711362123489379883E+00    0.234721302986145020E+01    0.330757305049896255E+00
    0.254181204415403551E-05    0.261996841265294549E+02    0.146067611873149872E+03   -0.182760834693908691E+00    0.235112607479095459E+01    0.512093487596511854E+00
    0.320584649318872981E-05    0.257198612424294950E+02    0.231238315999507904E+03   -0.174423849582672119E+01   -0.266970515251159668E+01    0.494550917530059808E+00
    0.320523714803062099E-05    0.257046164247475204E+02    0.185730294883251190E+03   -0.131601202487945557E+01   -0.224932372570037842E+01    0.494627921175956720E+00
    0.320111318992801695E-05    0.256915663439790229E+02    0.130095352232456207E+03    0.732440352439880371E+00   -0.152410924434661865E+01    0.320996402049064655E+00
    0.339343341982008733E-05    0.255592541521992551E+02    0.193659977614879608E+03   -0.161502933502197266E+01    0.186616837978363037E+01    0.539040908360481241E+00
    0.401382048581157032E-05    0.252078265316005243E+02    0.253724843263626099E+03   -0.876918315887451172E+00   -0.256363749504089355E+01    0.359856017303466835E+00
    0.443729628360668822E-05    0.249915980946523852E+02    0.169931936264038086E+03    0.129081726074218750E+00   -0.246889650821685791E+01    0.531801439762115469E+00
    0.461710195889580079E-05    0.248965291330167560E+02    0.309259162843227386E+03    0.812873899936676025E+00   -0.366017758846282959E+01    0.342153025817871104E+00
    0.545964178887203372E-05    0.245456722239667755E+02    0.198420523107051849E+03   -0.793279170989990234E+00   -0.161855340003967285E+01    0.265784446763992321E+00
    0.543303721375424356E-05    0.245398169520618872E+02    0.139306795597076416E+03    0.636200726032257080E+00   -0.465127229690551758E+00    0.869967198371887195E-03
    0.552992848606233271E-05    0.244888388193992945E+02    0.152071388065814972E+03   -0.102014309167861938E+01    0.322724759578704834E+01    0.254545872116088867E+00
    0.571583360438463417E-05    0.244070832880198978E+02    0.215932504832744598E+03   -0.100384777784347534E+01   -0.186342120170593262E+01    0.294348807621002184E+00
    0.613293911152194707E-05    0.242505903891371197E+02    0.132383893430233002E+03    0.692331850528717041E+00   -0.509061813354492188E+00    0.439254452705383283E-01
    0.631641156290108933E-05    0.241760110738598435E+02    0.254141376912593842E+03   -0.788016676902770996E+00    0.266185283660888672E+01    0.520201422214508075E-01
    0.698542914149369125E-05    0.239590357295059420E+02    0.306257489323616028E+03    0.129699707031250000E+00   -0.273724496364593506E+01    0.215957219624519359E+00
    0.769372544743509225E-05    0.237502533468877175E+02    0.155503877997398376E+03    0.360984086990356445E+00   -0.182013809680938721E+01    0.394795133686065669E+00
    0.902350828509732871E-05    0.234157721791331852E+02    0.283100356161594391E+03    0.145952641963958740E+00    0.222978770732879639E+01    0.952688970565795934E-02
    0.898083257423076169E-05    0.234096284017166170E+02    0.266808444261550903E+03   -0.149443703889846802E+01    0.235779881477355957E+01    0.130005763721466078E+00
    0.921741678127736246E-05    0.233419989408175184E+02    0.284087918698787689E+03   -0.686721622943878174E+00   -0.209200084209442139E+01    0.170061101961135858E+00
    0.114395362848558449E-04    0.228944126851295522E+02    0.244500270485877991E+03   -0.187748348712921143E+01   -0.183471679687500000E+01    0.275311336469650281E+00
    0.153389553686658999E-04    0.222921471961128894E+02    0.320105305314064026E+03   -0.614661574363708496E+00    0.133229434490203857E+01    0.227355021572113042E+00
    0.200510229397830670E-04    0.217407532425252619E+02    0.148508542776107788E+03   -0.992337524890899658E+00    0.287431478500366211E+01    0.321878344559669516E+00
    0.205960389080560108E-04    0.216714910437295991E+02    0.158513034880161285E+03   -0.181857573986053467E+01    0.382261931896209717E+01    0.450410940170288127E-01
    0.223560569740730601E-04    0.214918690065174651E+02    0.221397358179092407E+03   -0.190446794033050537E+01   -0.118336141109466553E+01    0.186201809906959531E+00
    0.263087187489598916E-04    0.211506377950820976E+02    0.248601046204566956E+03   -0.151083928346633911E+01    0.115839838981628418E+01    0.482648412466049226E+00
    0.269441223366891102E-04    0.210872832293981602E+02    0.210843053460121155E+03   -0.114203929901123047E+00   -0.196011543273925781E+01    0.339265133213996872E+00
    0.280612469181523585E-04    0.209904095637990338E+02    0.282952606678009033E+03   -0.526978194713592529E+00    0.143050849437713623E+01    0.254347341227531443E+00
    0.296078751493171938E-04    0.208674828297362964E+02    0.202552962303161621E+03   -0.156185668706893921E+01   -0.163573324680328369E+01    0.370896265769004807E+00
    0.331666474650687426E-04    0.206248490332013752E+02    0.309178227186203003E+03   -0.112767124176025391E+01   -0.340805709362030029E+01    0.554605811905860890E+00
    0.330816936616863696E-04    0.206143534506934678E+02    0.152717424929141998E+03   -0.171999830007553101E+01   -0.107049942016601562E-02    0.985446737766265957E-01
    0.386217811270580776E-04    0.202890557958507465E+02    0.161877182126045227E+03   -0.170956397056579590E+01   -0.760673880577087402E+00    0.287232538032531737E+00
    0.417925702170622503E-04    0.201156264308511687E+02    0.166453902423381805E+03   -0.169883406162261963E+01    0.334341824054718018E+01    0.117413808202743539E+00
    0.415863840535578950E-04    0.201098929717367589E+02    0.185841593146324158E+03   -0.188394117355346680E+01   -0.107997536659240723E+01    0.291051912045478811E+00
    0.433453983015269457E-04    0.200114124955524204E+02    0.315358452498912811E+03    0.505239009857177734E+00    0.903194546699523926E+00    0.163855809044837958E+00
    0.440425431940438927E-04    0.199638764712002441E+02    0.269510903954505920E+03    0.354690551757812500E+00    0.164973139762878418E+00    0.528911909508705147E+00
    0.503281432376697347E-04    0.196814347296150984E+02    0.286192286014556885E+03   -0.187844532728195190E+01    0.181463479995727539E+01    0.190799067449569704E+00
    0.520883524663098008E-04    0.195970558609916026E+02    0.340295673906803131E+03    0.928085505962371826E+00   -0.300949871540069580E+01    0.209886213970184338E+00
    0.517498769877106305E-04    0.195944694761214677E+02    0.349412073194980621E+03   -0.138405734300613403E+01   -0.183482050895690918E+01    0.759610772609710660E-01
    0.523014377346818821E-04    0.195576408646288087E+02    0.127998991310596466E+03   -0.190142560005187988E+01    0.426002204418182373E+01    0.251008003234863275E-01
    0.575833968692678847E-04    0.193495950316031298E+02    0.170454779267311096E+03    0.851292788982391357E+00    0.932247042655944824E+00    0.383657752132415764E+00
    0.693826426554393838E-04    0.189611651255052713E+02    0.172530460357666016E+03    0.389511704444885254E+00    0.141462981700897217E+01    0.456354277396202102E+00
    0.923424793988402370E-04    0.183738050513592093E+02    0.133816246688365936E+03   -0.944782495498657227E+00   -0.383684039115905762E+00    0.302531528234481817E+00
    0.100957507412151619E-03    0.181797891670631202E+02    0.141972951591014862E+03   -0.168415594100952148E+01   -0.505436062812805176E+00    0.346529030084610001E+00
    0.111633564621221678E-03    0.179631200603422485E+02    0.341209100186824799E+03   -0.115978068113327026E+01   -0.201780676841735840E+01    0.160678871297836312E+00
    0.114291269240415194E-03    0.179004382197385645E+02    0.193763819336891174E+03   -0.177407431602478027E+01   -0.827165246009826660E+00    0.240370548319816607E+00
    0.120838299264226516E-03    0.177734070220260918E+02    0.196450530815543146E+03   -0.110673370194841469E+01   -0.157856257218654061E+01    0.413863170882841303E+00
    0.125367275261614562E-03    0.176841933236765065E+02    0.223616832494735718E+03   -0.432872712612152100E+00    0.189563035964965820E+01    0.208673500370979315E+00
    0.135678146140898425E-03    0.175104925693406273E+02    0.267373263835906982E+03    0.443569302558898926E+00    0.567036867141723633E-01    0.488572916722297690E+00
    0.149264860839187124E-03    0.173039939514531262E+02    0.330265499651432037E+03   -0.194584155082702637E+01   -0.207193255424499512E+01    0.251065866851806652E+00
    0.153828525187888002E-03    0.172281365678360068E+02    0.233380853363912252E+03   -0.463647096523285951E+00    0.547484590222867773E+00    0.553508307556401680E+00
    0.180850698512374845E-03    0.168888449447567943E+02    0.309457418322563171E+03    0.767002403736114502E+00   -0.203395485877990723E+01    0.651281961679458649E-01
    0.189410195501412657E-03    0.167807335666525184E+02    0.145892289280891418E+03    0.835478305816650391E-03   -0.474688410758972168E+00    0.234729800963401791E+00
    0.188068078481724323E-03    0.167793305525803937E+02    0.348419991135597229E+03    0.663328588008880615E+00   -0.303868234157562256E+01    0.286946085834503206E+00
    0.198050744419361511E-03    0.166602670206977592E+02    0.216503708064556122E+03    0.389004051685333252E+00    0.951006412506103516E+00    0.384989127087593086E+00
    0.204802391337007038E-03    0.165775974472137904E+02    0.223200942575931549E+03   -0.627201616764068604E+00   -0.475124120712280273E+00    0.603736560344696107E-02
    0.224310205765388424E-03    0.163800037042976641E+02    0.314890447258949280E+03   -0.577814280986785889E+00   -0.155594348907470703E+00    0.530038339447975182E+00
    0.226612941692701524E-03    0.163439516673807397E+02    0.317254774272441864E+03   -0.166233491897583008E+01   -0.305144786834716797E+01    0.559729642009735073E+00
    0.244056045270561668E-03    0.161800178010097326E+02    0.255883136391639709E+03   -0.427946746349334717E+00   -0.178526401519775391E+01    0.281522190570831332E+00
    0.242294653290315529E-03    0.161788794641236429E+02    0.224573348462581635E+03    0.991149425506591797E+00   -0.154256820678710938E-01    0.264295482158660888E+00
    0.240558258355558067E-03    0.161776389889177032E+02    0.213484103977680206E+03    0.632042586803436279E+00    0.177896142005920410E+01    0.342614024162292488E-01
    0.242741953417733799E-03    0.161439406682840563E+02    0.167828796927417159E+03   -0.180059972593753259E+01   -0.318865098501680322E+00    0.233611568973246919E+00
    0.261800337196754752E-03    0.159771493033712542E+02    0.191089831292629242E+03    0.990242838859558105E+00    0.189995765686035156E+00    0.305591612863540640E+00
    0.275955403450085714E-03    0.158562100443909664E+02    0.179137140897526677E+03   -0.745812153405936762E+00   -0.166974860103538258E+01    0.514028913593916781E+00
    0.274810651103654397E-03    0.158488989481650524E+02    0.217578013241291046E+03   -0.129861342906951904E+01   -0.208146512508392334E+01    0.544709461641311621E+00
    0.291689138211617314E-03    0.157140613062713292E+02    0.128444170951843262E+03   -0.789509415626525879E-01    0.356698274612426758E+01    0.222120547771453881E-01
    0.317257568330254157E-03    0.155303856615988671E+02    0.325061397254467010E+03   -0.228271484375000000E-01   -0.231830120086669922E+01    0.252495569014549281E+00
    0.342156885711434569E-03    0.153636498622516484E+02    0.236436718702316284E+03   -0.778353214263916016E+00    0.966634750366210938E+00    0.400144822955131541E+00
    0.341808448733362891E-03    0.153500626088488357E+02    0.153355017631656807E+03    0.487978885091324699E+00   -0.977425980024885455E+00    0.314753866453077347E+00
    0.380136359443929096E-03    0.151218785283197494E+02    0.222613324224948883E+03   -0.136207771301269531E+01   -0.192075192928314209E+01    0.504162657952308635E+00
    0.388454467931127756E-03    0.150629616597550111E+02    0.138272508978843689E+03   -0.130486565828323364E+01   -0.115305185317993164E-01    0.273318453454971300E+00
    0.408121686913201997E-03    0.149485578219605291E+02    0.316308560810670770E+03   -0.629584152919351325E-01   -0.224120212863029344E+01    0.266375117521394922E+00
    0.405568829830461268E-03    0.149454823867216646E+02    0.329647363516598716E+03   -0.758923346021580514E-01    0.354939753349016840E+00    0.286738193054886847E+00
    0.438080867083484636E-03    0.147756315435500731E+02    0.231531134556157724E+03   -0.193376675542987009E+01   -0.145373522392589294E+01    0.380160817660693096E+00
    0.464992038210662725E-03    0.146407730196822961E+02    0.309284962109905109E+03   -0.386973738150736546E+00   -0.207835432388341612E+01    0.266304054373949162E+00
    0.480031789969375300E-03    0.145614839246851275E+02    0.247706167399883270E+03    0.199441432952880859E+00   -0.256538927555084229E+01    0.508265618276596109E+00
    0.491871866394587428E-03    0.144971270894764181E+02    0.138147674069191311E+03    0.894994127421807395E+00    0.179649131605544632E+00    0.633652395786418049E-01
    0.515027849223037419E-03    0.143894966355828018E+02    0.248909473419189453E+03    0.452733159065246582E+00    0.970449447631835938E+00    0.199588161921501167E+00
    0.513434285622836584E-03    0.143800694908912412E+02    0.339138488471508026E+03   -0.174103826284408569E+01   -0.168740034103393555E+01    0.187971324348449709E+00
    0.511223323771288203E-03    0.143730755312022183E+02    0.151413749372358296E+03    0.405699481320981548E+00   -0.585332239386841202E+00    0.254151554382431311E+00
    0.541057691469391030E-03    0.142440117628354805E+02    0.210320291862558690E+03   -0.915566326864121871E+00   -0.228575694313168931E+00    0.531505164390625312E-01
    0.540068056515020521E-03    0.142320482619076234E+02    0.226050508022308350E+03   -0.191951370239257812E+01   -0.448948144912719727E+00    0.124952045488357547E+00
    0.557947536596356476E-03    0.141512837112596692E+02    0.136099105507981250E+03    0.685561776443635473E+00   -0.127160432718036054E+01    0.495013511859983713E+00
    0.565726698530391744E-03    0.141079663927103240E+02    0.295322512090206146E+03   -0.194317150115966797E+01    0.184036910533905029E+01    0.354429665565490701E-01
    0.573450934751663097E-03    0.140652188285919930E+02    0.236608754366630023E+03   -0.156119165398598891E+01    0.138421471900474558E+01    0.290806370538167103E+00
    0.608617416178444670E-03    0.139305588786216212E+02    0.185715931653976440E+03   -0.866280853748321533E+00    0.159394145011901855E+01    0.346323641538619997E+00
    0.686712060181478312E-03    0.136734834303267334E+02    0.337038560211658478E+03    0.829187631607055664E+00   -0.205607175827026367E+01    0.127138546442985528E+00
    0.710385517238080284E-03    0.135900729769097737E+02    0.329909785091876984E+03    0.739494740962982178E+00   -0.240239441394805908E+01    0.231324922871589678E+00
    0.707520866972185559E-03    0.135825293402364853E+02    0.342184887826442719E+03   -0.182545489072799683E+01   -0.281393766403198242E+01    0.524834571576118458E+00
    0.765299462222023019E-03    0.134099041640817340E+02    0.173096768558025360E+03    0.467616915702819824E+00    0.553585290908813477E+00    0.531750433802604672E+00
    0.777110699218308380E-03    0.133636479657962575E+02    0.289794211089611053E+03   -0.373421370983123779E+00    0.249379873275756836E-01    0.451785132837295544E+00
    0.909233320466318914E-03    0.130339851074645541E+02    0.223136893520630281E+03   -0.170986891464150981E+01   -0.244994708469612021E+00    0.996485093653079190E-01
    0.993891372579171727E-03    0.128403077511782335E+02    0.234635816514492035E+03   -0.142505043745040894E+01    0.976019501686096191E+00    0.370047690367698690E+00
    0.113156260485252898E-02    0.125652290010652674E+02    0.176099571953532006E+03   -0.354164189987244526E+00   -0.134175234869741278E+01    0.499695508972453128E+00
    0.114195860490760490E-02    0.125313133029741852E+02    0.235639257729053497E+03    0.438801407814025879E+00    0.160570383071899414E+01    0.232157292366027852E-02
    0.120717451557212350E-02    0.124046129925691293E+02    0.235523614287376404E+03   -0.114728552103042603E+01   -0.576993227005004883E+00    0.141386029171943678E+00
    0.122064281794240204E-02    0.123667977884745266E+02    0.133461149036884308E+03   -0.953080356121063232E+00   -0.303468704223632812E+00    0.440627007722854624E+00
    0.124343683462426174E-02    0.123141696552862498E+02    0.167561149113189828E+03    0.349773587552125953E+00   -0.107133845004382877E+01    0.399039557360054420E+00
    0.127088889105945665E-02    0.122548698886147029E+02    0.288147030903534528E+03    0.268053222742682173E+00   -0.744669804547545056E+00    0.567108922553672845E+00
    0.126706118972403281E-02    0.122452776380633317E+02    0.153908186354528965E+03    0.767551440592727285E+00   -0.416201937739065997E+00    0.240621951382150367E+00
    0.127969482492343062E-02    0.122098097653906397E+02    0.213115382988734297E+03   -0.194842903166131887E+01   -0.977204279271681742E+00    0.380754566539034334E+00
    0.137379176061353577E-02    0.120522787778155589E+02    0.258921864628791809E+03    0.897809088230133057E+00   -0.919882059097290039E+00    0.283207980179786711E+00
    0.147220206211588940E-02    0.118982844656541094E+02    0.317743687331676483E+03   -0.169203162193298340E+00   -0.177663505077362061E+01    0.231101997828483591E+00
    0.146410963185166399E-02    0.118936834325844725E+02    0.239737113668418289E+03    0.271406531695116637E+00   -0.140682468129997851E+00    0.507442002756666843E+00
    0.170607121094193729E-02    0.115721666490145871E+02    0.254507552087306976E+03   -0.154448956251144409E+01   -0.569626092910766602E+00    0.140085906028747570E+00
    0.175286459887055474E-02    0.115024253017586737E+02    0.195448987252196844E+03    0.794372303305357352E+00   -0.796929287678411313E+00    0.244286123759825780E+00
    0.175026119720139597E-02    0.114897729636612027E+02    0.137049674941019077E+03    0.186679482523226525E-01   -0.868765336818141165E+00    0.543604112694625385E+00
    0.174523041988545406E-02    0.114799048429108712E+02    0.228751719913113249E+03    0.353601758736000527E+00   -0.201385692659943327E+01    0.483056923446390785E+00
    0.184676757516259119E-02    0.113511793199683062E+02    0.134014502433228415E+03   -0.157035949889342308E+01    0.273377572490275700E+01    0.202903156799287471E+00
    0.183966986510831088E-02    0.113432557595719388E+02    0.153211587417540557E+03   -0.558150109770630287E+00    0.267455072061775567E+01    0.673636823789923594E-01
    0.183045385594426003E-02    0.113376751387104235E+02    0.296806338441816024E+03    0.397775404309152592E+00    0.734961742658199135E+00    0.744755025587531816E-01
    0.182171166275492792E-02    0.113316249620218485E+02    0.287594479669944121E+03   -0.794012350221520391E+00    0.318013490153282063E+00    0.336185555022561089E+00
    0.181472998478130528E-02    0.113236796524761001E+02    0.278100450336933136E+03   -0.370758652687072754E+00   -0.227407157421112061E+01    0.495864585399627689E+00
    0.187820906518219735E-02    0.112392906325377453E+02    0.246005915105342865E+03    0.848750948905944824E+00   -0.135262012481689453E+01    0.318495438265800512E+00
    0.191466945315508868E-02    0.111852130315135163E+02    0.218230022235949320E+03    0.857027541198286613E+00   -0.347846660433913435E+00    0.156938981118022736E+00
    0.194123127867905300E-02    0.111420331253789371E+02    0.279931521714521523E+03    0.694328535156200743E+00   -0.111976128567417810E+01    0.827607180898276701E-01
    0.193574411847453453E-02    0.111320694085249450E+02    0.137887665698601779E+03   -0.119427378768167181E+01   -0.765507836055663304E-01    0.410536764822413358E+00
    0.198847208364779987E-02    0.110626949350097750E+02    0.254259378131933687E+03    0.813572856665959243E+00   -0.123484726190563832E+01    0.419982695732089906E+00
    0.207240530277645954E-02    0.109643831989117544E+02    0.317210987210273743E+03   -0.924512147903442383E+00    0.110844016075134277E+01    0.368354463100433391E-01
    0.222675279294048782E-02    0.108050892731509443E+02    0.241515232777695928E+03   -0.102353475555122819E+01   -0.102402146851262366E+01    0.301949219365017729E+00
    0.220976758352673351E-02    0.108047783399956661E+02    0.237555213272571564E+03   -0.125937342643737793E+01    0.153553485870361328E-01    0.291232087612152100E-01
    0.229066222675722601E-02    0.107172461128420355E+02    0.155382580046465591E+03   -0.177948608831998434E+01    0.258262113690881723E+01    0.131665760622738159E+00
    0.235119907275411783E-02    0.106494521448420194E+02    0.331790612422398908E+03    0.168027395666439539E+00   -0.334884067347869241E+00    0.307793282242901645E+00
    0.233372182664862149E-02    0.106487493410179006E+02    0.256341311335563660E+03   -0.802284955978393555E+00    0.363928079605102539E-01    0.467344509315490764E+00
    0.233724254976155075E-02    0.106301093543933369E+02    0.163405071725988535E+03    0.114745650896996843E-01    0.211692038547236727E+00    0.141364052403525925E+00
    0.234917686741045436E-02    0.106042980331234578E+02    0.213435168968550499E+03    0.757950704092865468E+00   -0.821238312301606044E+00    0.244946229585236236E+00
    0.250430031353828008E-02    0.104607842692081938E+02    0.156332921981811523E+03    0.772443711757659912E+00    0.843881368637084961E+00    0.148239319539070130E+00
    0.251905076504214042E-02    0.104334137282992163E+02    0.232112591890748320E+03   -0.107356298060589817E+01   -0.536786321139899769E+00    0.206740708264913559E+00
    0.251951273581415202E-02    0.104174219802979344E+02    0.210625325143337250E+03    0.571359932422637939E+00   -0.564771890640258789E-01    0.404128473687171974E+00
    0.252208563361549587E-02    0.103997556451211324E+02    0.185387052595615387E+03   -0.667017757892608643E+00    0.155088841915130615E+01    0.228080909729003911E+00
    0.253680582095845665E-02    0.103724915506520592E+02    0.277376156014494654E+03   -0.110139873874581595E+01   -0.512180788116786800E+00    0.572198826240681746E+00
    0.263048016764304282E-02    0.102843452227973220E+02    0.298745568936105713E+03    0.184044995200525641E+00   -0.168021880200060725E+01    0.268154098317928413E+00
    0.262594644359135602E-02    0.102721702663430765E+02    0.219282127916812897E+03    0.471400797367095947E+00   -0.161737501621246338E+01    0.434368627667427065E+00
    0.261485217741475083E-02    0.102650128939327878E+02    0.258793027530289351E+03   -0.273510192362995230E+00   -0.185564424652890025E+01    0.462767378092595050E+00
    0.268703930195742435E-02    0.101949231158807887E+02    0.242766050764173599E+03    0.525759059552198593E+00   -0.185754492490109868E+01    0.429507205099399769E+00
    0.267704866273094479E-02    0.101867481434303198E+02    0.251480330517191817E+03   -0.159089691729395888E+01   -0.792586993992413724E+00    0.268421907857204878E+00
    0.282143741501336915E-02    0.100660600749003049E+02    0.284293243295399407E+03   -0.376833382112427895E+00   -0.649325058253589660E+00    0.539628315606446418E+00
    0.281250080362983141E-02    0.100567799218132308E+02    0.158570792119666805E+03   -0.161712142681547166E+01   -0.121761289261112182E+00    0.395988230895404358E+00
    0.280181392767273139E-02    0.100487689508628790E+02    0.246051045118922815E+03    0.340803110625450323E+00   -0.700455752894182382E+00    0.567800378144641016E+00
    0.296538770286015755E-02    0.991966246090576398E+01    0.326761686155374036E+03    0.707639017171532103E+00   -0.717178384235444000E+00    0.131067862104493282E+00
    0.301225501428458581E-02    0.987267508344272215E+01    0.128547650575637817E+03   -0.153673386573791504E+01    0.182334959506988525E+01    0.436587983965873727E+00
    0.300708539875778292E-02    0.986048542116618876E+01    0.297800053243462685E+03    0.683878074317715967E+00   -0.432577434928719917E+00    0.138814677212016985E+00
    0.300604502724983146E-02    0.984555248765712143E+01    0.335811489820480347E+03   -0.192535877227783203E+00   -0.162279427051544189E+01    0.230437248587608334E+00
    0.302083675622567003E-02    0.982011029912949951E+01    0.274277886748313904E+03   -0.150019913911819458E+01   -0.109274148941040039E+01    0.301105135488510145E+00
    0.311501883393244978E-02    0.974308263148959952E+01    0.160331586457710500E+03   -0.278341702652947109E+00    0.608962272456321507E+00    0.553094971573059979E+00
    0.314923936951364740E-02    0.970560612097774289E+01    0.310029289783241097E+03   -0.270620245164853390E+00    0.637280549025208032E+00    0.885220992329310286E-01
    0.317160575099582898E-02    0.967582701695731728E+01    0.283967612187542159E+03    0.719743101032792598E+00   -0.128783970398197223E+01    0.294791231445391211E+00
    0.320508721896382159E-02    0.963919942152914544E+01    0.312175808091197609E+03   -0.139643717339668805E+01   -0.677041973445373202E+00    0.517773732452868507E+00
    0.319481352982641095E-02    0.962999558233498121E+01    0.170406178621995480E+03    0.715599953528205823E+00   -0.477118200658321001E+00    0.405634288813307375E+00
    0.321480070497695558E-02    0.960189729504937262E+01    0.175989767412307060E+03    0.638377265805329053E+00   -0.108956834596849550E+01    0.476801731421126862E+00
    0.339364312324429152E-02    0.947799500439601061E+01    0.302665371175363248E+03   -0.158413157426225748E+00   -0.180096640254024809E+01    0.364553478301434863E+00
    0.339213799710421596E-02    0.946325722792301605E+01    0.244621728566209981E+03   -0.116140264648502289E+01   -0.364549471659473490E+00    0.172948496868218671E+00
    0.337162431345135443E-02    0.945976378761346126E+01    0.333884859203973008E+03    0.629364273052448464E+00   -0.176761128544357149E+01    0.244266228189137929E+00
    0.335375806774408387E-02    0.945476497165676477E+01    0.162585432827472687E+03    0.698036193847656250E+00    0.684873461723327637E+00    0.117642362666130068E+00
    0.333292540512203231E-02    0.945160219159697235E+01    0.296074295043945312E+03    0.180451214313507080E+00    0.832400918006896973E+00    0.502683348655700701E-02
    0.335747522514040541E-02    0.942129948748911161E+01    0.180353739857673645E+03    0.224246144294738770E+00    0.127238929271697998E+01    0.192019150471687328E+00
    0.343578435908191947E-02    0.935956254261784792E+01    0.157927669735523807E+03   -0.978315261503551303E+00    0.219774230430599093E+01    0.126979301041854731E+00
    0.344361827772025030E-02    0.933938254129687984E+01    0.283539994817364004E+03   -0.891661604232507177E+00   -0.644529672079372062E+00    0.538435371170761790E+00
    0.343771356160804458E-02    0.932718985219210417E+01    0.199956691265106201E+03   -0.137780886888504028E+01    0.332951545715332031E+00    0.531850023365020741E+00
    0.344451195241765725E-02    0.930761357625262598E+01    0.147369757452386239E+03   -0.107017472452739559E+01    0.928906469902068821E-01    0.387826960998462145E+00
    0.343116729131597064E-02    0.929975198544298287E+01    0.239207593979557544E+03    0.290224667362460664E+00    0.641986664853051892E+00    0.173559856955975422E+00
    0.347351204291531475E-02    0.925959563188731494E+01    0.188639100417879320E+03    0.496047817420492976E-01   -0.103338815653507865E+01    0.458734081757560697E+00
    0.348741535344822750E-02    0.923598127746387298E+01    0.184494702337623863E+03   -0.797227926618899962E+00    0.150396083750048426E+01    0.197591195788164281E+00
    0.348444497526389108E-02    0.922206048737286110E+01    0.241400481760501862E+03    0.337888479232788086E+00   -0.489748120307922363E+00    0.110394330525398252E+00
    0.348872154127725367E-02    0.920398233124105936E+01    0.266237278966164752E+03    0.208100085891504083E+00    0.910645115342579636E+00    0.322839244625779953E-01
    0.347764988172930001E-02    0.919471453972024122E+01    0.171050770762561910E+03   -0.168573022012542140E+01   -0.243664676601087926E+00    0.428015474846020538E+00
    0.347715106388326927E-02    0.917937643094877309E+01    0.276826642453670502E+03    0.277164340019226074E+00    0.872455835342407227E+00    0.392592358589172359E-02
    0.345251337022003252E-02    0.917797307051702660E+01    0.210600206255912781E+03   -0.449279785156250000E+00    0.673264861106872559E+00    0.333824588513374321E+00
    0.351236301146351168E-02    0.912797496113586959E+01    0.240903870778681977E+03    0.630131652875877357E+00   -0.354428576920296834E+00    0.103683862951294892E+00
    0.348874724409595780E-02    0.912584259648868468E+01    0.262482852903949833E+03   -0.591091247860737745E+00   -0.151026876993114900E+01    0.429733492294682884E+00
    0.352985980128815149E-02    0.908678672072930205E+01    0.153084340679844189E+03   -0.118048424729945434E+01    0.185174859574362216E+01    0.246604226932487042E+00
    0.353394061931234724E-02    0.906885088620104085E+01    0.193597876391940360E+03   -0.722484918453325964E+00   -0.909386842675397489E+00    0.483187428720200374E+00
    0.353514744261398299E-02    0.905254301265198436E+01    0.323719730997222598E+03   -0.120984426972084114E+01   -0.175145598207883690E+01    0.397713220406185453E+00
    0.355154571305312406E-02    0.902766218664312881E+01    0.131276213992272602E+03   -0.131482840018775793E+01    0.324792070869918348E+00    0.430602535178109369E+00
    0.353465524398792821E-02    0.902157149206570708E+01    0.267839004585162570E+03    0.130349982426398281E+00   -0.167217661076552071E+01    0.404861091388768968E+00
    0.351912437846694159E-02    0.901475362324889851E+01    0.143904705345630646E+03   -0.861845552921295166E+00    0.210082948207855225E+01    0.193767000174522419E+00
    0.352426511254749168E-02    0.899620915670517185E+01    0.227400199499536143E+03    0.629735154045635959E+00   -0.167847487201774381E+01    0.545590628982720816E+00
    0.350849546582983557E-02    0.898955342160292581E+01    0.275355061888694763E+03   -0.852156162261962891E+00    0.105935692787170410E+01    0.512381304502487200E-01
    0.348541029386635441E-02    0.898713149101491915E+01    0.335530021941325117E+03    0.206964262281301714E+00   -0.194168890405684280E+01    0.321467614988017458E+00
    0.347327935561182483E-02    0.897847961449322618E+01    0.168173577114782404E+03   -0.660864225086124080E-01    0.201770818655437001E+01    0.555763207719949526E-01
    0.345344337884952255E-02    0.897430940010890055E+01    0.242990589141845703E+03   -0.118091773986816406E+01   -0.124794423580169678E+01    0.456375566840171831E+00
    0.345281835201784659E-02    0.895904640598574886E+01    0.210657954216003418E+03   -0.490715086460113525E+00    0.108837187290191650E+01    0.204911921739578257E+00
    0.345158638054969416E-02    0.894413513672949279E+01    0.162363469761992349E+03   -0.153688508312778893E+01   -0.122624534471436952E+00    0.433085942511924227E+00
    0.342681077070834195E-02    0.894291797997767723E+01    0.330339371040414164E+03    0.635831875620628040E+00   -0.583240164070347511E+00    0.173567126634589265E-01
    0.343882520659408684E-02    0.892029322165122451E+01    0.243502809438247994E+03   -0.948427033136270303E+00    0.136259854777485945E+01    0.524244423234587545E-01
    0.344540066122009728E-02    0.890084762845634714E+01    0.232859210700002563E+03   -0.145573389207932502E+01    0.860139988531429367E+00    0.251272182448273318E+00
    0.342373191663476739E-02    0.889784070866656585E+01    0.172736386954784393E+03   -0.418756783008575439E+00   -0.416243076324462891E+00    0.405239243602752708E+00
    0.347304963316527561E-02    0.885361189872395826E+01    0.329295335476301034E+03    0.154397487010416778E+00   -0.119939479191898091E+01    0.140006006770169333E+00
    0.348406117963509726E-02    0.883165579033058279E+01    0.127858826320800063E+03   -0.171259733629587352E-01    0.318188013472530784E+00    0.369498282007830581E+00
    0.347753813607906172E-02    0.881977880579038676E+01    0.198449798375857426E+03    0.237260582154281696E+00   -0.244482854449135090E-02    0.472389415755456676E+00
    0.352094797786861070E-02    0.877934249785124798E+01    0.168148268632148017E+03   -0.547614018729161600E+00    0.104956837259331515E+01    0.362308628816343570E+00
    0.349378305457662174E-02    0.877920779047233957E+01    0.241712717140364731E+03   -0.338432166902502551E+00   -0.141430395136419929E+01    0.462671847973316841E+00
    0.346688652241624847E-02    0.877903915755231701E+01    0.306741335193551095E+03   -0.103145127198289477E+01   -0.731745961844209702E+00    0.148477309680917102E+00
    0.347495382956410168E-02    0.875876564340012465E+01    0.304175665974617004E+03   -0.197950309514999390E+01   -0.182146191596984863E+01    0.517282721328735318E+00
    0.344869372076320830E-02    0.875831197298163389E+01    0.221464467048645020E+03   -0.173339915275573730E+01    0.570587515830993652E+00    0.468594991207122794E-01
    0.342678958686839369E-02    0.875543034360488726E+01    0.139078881006875974E+03    0.611339697290865125E+00    0.651419869501906668E+00    0.285431560820431751E+00
    0.344772319865962931E-02    0.872762488680852044E+01    0.189088998187651043E+03    0.569122605727947040E+00   -0.522609179600551421E+00    0.482616859632180872E+00
    0.344951702017183255E-02    0.871095957416419608E+01    0.170879868907498235E+03   -0.941954974794202871E+00    0.188910985648588792E+01    0.126769148849365354E+00
    0.344502142029136545E-02    0.869794278386897979E+01    0.285269324481487274E+03    0.583582222461700439E+00   -0.288847684860229492E+00    0.114047994875907902E+00
    0.342710930338426282E-02    0.869274375403231581E+01    0.232353343911334633E+03   -0.873516662610370975E+00    0.595959208799072826E+00    0.283488443693996617E+00
    0.345639514640944980E-02    0.866010066684188473E+01    0.314532540114288167E+03   -0.133462977889739776E+01   -0.938481566159685698E-01    0.293724986364067131E+00
    0.344902086557758239E-02    0.864874726097743718E+01    0.271673141306170351E+03   -0.138336296081333998E+01   -0.471869655801111954E+00    0.503456294826717388E+00
    0.346265587830696647E-02    0.862523124933285068E+01    0.247626802271458160E+03    0.276657937830701250E+00   -0.375950888033930397E+00    0.103971016074986558E+00
    0.346651711949660718E-02    0.860737727246040407E+01    0.281542953892901494E+03    0.582682595890863464E+00   -0.173573014486280108E+01    0.511723255256093634E+00
    0.348967237088261767E-02    0.857843731780489094E+01    0.175404271224382938E+03    0.714136755957568425E-01   -0.455820379488047323E+00    0.379213171942675120E+00
    0.350090846830539495E-02    0.855638303396863975E+01    0.215996366921525521E+03    0.345283438853352997E+00   -0.208882082274169711E+00    0.435669820760254956E+00
    0.349685481338056926E-02    0.854307514886096797E+01    0.257035480439662933E+03    0.167410671710968018E+00   -0.761472582817077637E+00    0.202616073560714732E+00
    0.349466812597157327E-02    0.852870119959727369E+01    0.334168141756428156E+03   -0.696521013108120757E+00   -0.191811292797632271E+01    0.419601518419362773E+00
    0.347577482785021465E-02    0.852391817593352386E+01    0.195998083494825778E+03    0.290665475079221469E+00    0.127494017108320978E+01    0.820687683413506425E-01
    0.345925202473021604E-02    0.851782325259193662E+01    0.305339294318466045E+03   -0.113641456544542097E+01   -0.540979916812007744E+00    0.121354406649008498E+00
    0.347745491934501683E-02    0.849170166592964115E+01    0.206237106559366111E+03   -0.129284360573277279E+01    0.135949910510309735E+01    0.159952307550322470E+00
    0.348357223663899734E-02    0.847256148420047417E+01    0.319681532175324662E+03   -0.809959782120325933E+00    0.522274794397698194E+00    0.713596975868241168E-01
    0.346431891914528688E-02    0.846802092196402079E+01    0.278265025071863818E+03   -0.147690507251281034E+01   -0.665398690974679852E+00    0.244301963873647970E+00
    0.351146469707463126E-02    0.842536154224578659E+01    0.211064665160708785E+03   -0.741362015238833605E+00   -0.814534938364917416E+00    0.438547987196794331E+00
    0.349419810253677465E-02    0.841959521229269825E+01    0.156710386223715005E+03   -0.160406079576317762E+01    0.603042550593090532E+00    0.282998020381761750E+00
    0.351328830544074154E-02    0.839307315219482675E+01    0.297814922520407492E+03   -0.475324518411901042E+00   -0.110529707436026303E+01    0.552302893007352691E+00
    0.349876416941522330E-02    0.838573340496424535E+01    0.196176399290561676E+03   -0.570239365100860596E+00    0.810378789901733398E+00    0.302532347059249862E+00
    0.349089734747625585E-02    0.837461038277344016E+01    0.231433931850882175E+03   -0.918107927461561779E+00   -0.243494325241436549E+00    0.508219159486109628E+00
    0.346638553377802156E-02    0.837307819201398118E+01    0.217813038813328120E+03   -0.113875935863578803E-01    0.105872397641908389E+01    0.113494015281326605E+00
    0.345358744948682898E-02    0.836485096591502497E+01    0.131342378085237044E+03   -0.989143255760597917E+00    0.278029919575559870E+01    0.223535793165762844E-01
    0.344421968939505286E-02    0.835465828123633258E+01    0.330605033882407781E+03   -0.856329955144234489E+00   -0.102596625561159538E+01    0.199830571017418135E+00
    0.342409677553423943E-02    0.835075258481885463E+01    0.141894703983229306E+03   -0.108835993948347776E+01    0.498362843812934386E+00    0.356080580528226665E+00
    0.341604873537859188E-02    0.833983394310121007E+01    0.237592654588010134E+03   -0.180471271408739264E+01   -0.113241001559735421E+01    0.514883336873637520E+00
    0.340849250932375109E-02    0.832863779999968479E+01    0.269886630534594474E+03   -0.171369568512626569E+01    0.592649373937872426E-01    0.823876436875851242E-01
    0.343452130240364277E-02    0.829779791408733480E+01    0.224378177523612976E+03    0.403063833713531494E+00   -0.423200726509094238E+00    0.201088828897476202E+00
    0.342493201784257496E-02    0.828776478292014218E+01    0.216829040680492511E+03   -0.420280238947951412E+00    0.120692203292280631E+01    0.103122212303070240E+00
    0.340249010799457659E-02    0.828528793181716594E+01    0.344674959968124540E+03   -0.126194304783716449E+01   -0.160075070354909421E+00    0.229243740386955802E+00
    0.340189644974907886E-02    0.827001191742634134E+01    0.306005143419626563E+03   -0.275853173703398458E+00   -0.127412233477776038E+01    0.286339358660470167E+00
    0.338656024181888810E-02    0.826342357168697816E+01    0.177990311384201050E+03   -0.538053929805755615E+00   -0.630041956901550293E+00    0.490287842845916755E+00
    0.337250751668759100E-02    0.825611495251443728E+01    0.292560511066650520E+03   -0.192913811017084558E+01   -0.167836762605921486E+01    0.542547408891800864E+00
    0.336755064262434780E-02    0.824343169268329135E+01    0.225924252833227939E+03   -0.122966228021268442E+00   -0.424350372792222430E+00    0.517313514079774328E+00
    0.335319670585817802E-02    0.823634976555723242E+01    0.257945108127690958E+03    0.133751704213922906E+00   -0.782348781013247674E+00    0.487301414085904216E+00
    0.333543637372587642E-02    0.823134599333971728E+01    0.250239993125438986E+03   -0.183811444656467682E+01    0.464104236966289108E+00    0.365809208718154699E-01
    0.333117760469234811E-02    0.821827627530241678E+01    0.263742368528204793E+03   -0.165872840489060702E+01    0.133413006708181570E+00    0.834703817292970357E-01
    0.331086780968426440E-02    0.821488236198707611E+01    0.345955644547939301E+03   -0.145308792591094971E+00   -0.942962765693664551E+00    0.373008970141410823E+00
    0.328948953625759002E-02    0.821221323517111657E+01    0.319739291382398108E+03   -0.173153194651894493E+01   -0.171707743409826463E+01    0.480036392224742814E+00
    0.332276164018754233E-02    0.817646051536029717E+01    0.205663274894145218E+03   -0.787355358659671545E+00    0.666243751236949677E+00    0.309297999634499554E+00
    0.334285911053038183E-02    0.814877510448762266E+01    0.200386795447798306E+03    0.518351619339445513E+00   -0.965371479217526307E+00    0.533474470941415424E+00
    0.333304413153979063E-02    0.813903094829644225E+01    0.305050974303864336E+03   -0.504056840755966240E+00    0.439374851659760424E+00    0.798590810331304690E-01
    0.333510342063542348E-02    0.812217064920026210E+01    0.196299029543353413E+03    0.114173120494553970E-01    0.503293132685445066E+00    0.320844660392770153E+00
    0.331978171088388773E-02    0.811575496627832216E+01    0.213690449210438771E+03    0.979450401406261051E-01    0.108711961205152363E+01    0.805593226198975942E-01
    0.331056153329389044E-02    0.810569238330180042E+01    0.331312391484622253E+03   -0.194629727820727405E+01   -0.204579066991597358E+01    0.567172848583685107E+00
    0.330086932358518220E-02    0.809593129800447642E+01    0.151594885909329292E+03   -0.121989028231635754E+01    0.995709642064440459E+00    0.437841239210718380E+00
    0.329486274478397794E-02    0.808394900537915717E+01    0.263213120815642583E+03   -0.100917080744782806E+01   -0.692253824817782082E+00    0.528284334330609728E+00
    0.327815889271161056E-02    0.807848912513808060E+01    0.148032737478784668E+03   -0.854900665097267032E+00    0.233400643600443214E+01    0.406784476490677019E-01
    0.326247860908082188E-02    0.807245359629688686E+01    0.276331745215657065E+03   -0.576451860341587352E+00   -0.258759746524940049E+00    0.344072062655685684E+00
    0.324115200304559174E-02    0.806994538213522894E+01    0.313499406501289855E+03   -0.176485438373058656E+01   -0.174127095689910805E+01    0.511305527131789561E+00
    0.322461809768592733E-02    0.806454898051750035E+01    0.127569870166462366E+03    0.490633458955056501E+00    0.147457038102201121E+01    0.798696543491136252E-01
    0.320522510259312358E-02    0.806098838289488739E+01    0.202615173982536362E+03    0.118172537380769604E-01    0.904769081063925285E-01    0.175827033594634724E+00
    0.318249235029417288E-02    0.805959873280764683E+01    0.194116293466597483E+03    0.499965355991736971E+00    0.358998912961614458E+00    0.137693946405199719E+00
    0.315937984796366145E-02    0.805855151295488703E+01    0.304787843473626310E+03   -0.971840973231411276E+00   -0.929331892092070788E+00    0.255951539168660813E+00
    0.314899614221981995E-02    0.804951059427014926E+01    0.136278164026265102E+03   -0.138979033190928192E+00    0.114977872454538321E+01    0.393103166101408275E+00
    0.314177365436308460E-02    0.803847803129373695E+01    0.260938822711363969E+03   -0.133781499590648467E+01   -0.332711305892562592E+00    0.446242472826022474E+00
    0.315200879354055443E-02    0.801634810470314996E+01    0.166447903901484352E+03    0.495747509658693630E+00    0.388038295698585500E+00    0.267495391959285733E+00
    0.315759430617131671E-02    0.799718214404270356E+01    0.129271058950271254E+03   -0.769717100785618502E-01    0.100315643985152025E+01    0.229155562581934175E+00
    0.314644213986045454E-02    0.798863335817318543E+01    0.238779297675314524E+03    0.921701656766691357E-01   -0.289918469309728088E+00    0.385217982705882867E+00
    0.312720413002342363E-02    0.798527431599741089E+01    0.294065079145482173E+03   -0.691956200379180153E-01    0.435995737158183516E+00    0.664285711473065199E-01
    0.311438852405003432E-02    0.797786236333539556E+01    0.246971357917678802E+03    0.452146114845047187E+00   -0.727104299459099934E+00    0.264833535458786185E+00
    0.309937520786240190E-02    0.797190193769001532E+01    0.342352553553769894E+03   -0.126916917169062637E+01   -0.404686596679661115E+00    0.274913829043128333E+00
    0.308920211381873448E-02    0.796285234439709377E+01    0.174143030854258541E+03   -0.341414254895004987E-01   -0.142880918980655025E+00    0.355403554869890448E+00
    0.307153244662343623E-02    0.795869981766971701E+01    0.291616842871316635E+03   -0.721644672705103130E+00   -0.145770180919951731E+01    0.434807718293043377E+00
    0.305218456268007256E-02    0.795571285975693954E+01    0.272534020936128286E+03   -0.756178957389131323E+00   -0.946068321204570850E+00    0.548439853026119195E+00
    0.307049969591592382E-02    0.792812239683784004E+01    0.320995768442738154E+03   -0.663564024256959151E+00   -0.713746582247464900E+00    0.155573011893230917E+00
    0.304667937560212021E-02    0.792807349191982702E+01    0.138258524041695210E+03   -0.477563822599086585E+00    0.236825035824657348E+01    0.390382576151006577E-01
    0.305451214144286101E-02    0.790731325227223358E+01    0.217983620985765469E+03   -0.467044948580730424E-01   -0.143214730587368777E+00    0.214647008882050405E+00
    0.303256148737574742E-02    0.790611275281573533E+01    0.160685080726236578E+03   -0.602982247722420039E+00    0.299376234912074324E-01    0.411903459811403749E+00
    0.301583994498165822E-02    0.790154626814937888E+01    0.220828900395382874E+03   -0.133210343660924546E+01    0.487146247864027160E+00    0.115230221875622887E+00
    0.299925141862775711E-02    0.789695256753042774E+01    0.240665411013315833E+03   -0.190275892845798178E+01    0.117408656410198198E+01    0.861477152243824290E-01
    0.297983239053910666E-02    0.789431892004437863E+01    0.212239679438492601E+03   -0.452134874824203781E-01   -0.170316489965331108E+00    0.241511790694590056E+00
    0.297025778461722538E-02    0.788513053791343665E+01    0.226056636460608388E+03   -0.609672376934476290E+00   -0.843648186880980866E+00    0.434032537731316725E+00
    0.294829591281284406E-02    0.788434833480391983E+01    0.264404236875762763E+03   -0.757991186011351958E+00   -0.402319234274816750E+00    0.207089926178817940E+00
    0.293117272367882748E-02    0.788037284846260988E+01    0.347490556899385922E+03   -0.739749766958459620E+00   -0.102664073509388487E+01    0.205555941735828196E+00
    0.290954268953483699E-02    0.787956119340189076E+01    0.260606077313423157E+03   -0.141762071847915649E+01   -0.303713083267211914E+00    0.232644117808341988E+00
    0.293000462383915215E-02    0.784992002608468908E+01    0.264848842168731949E+03   -0.502056532490731122E+00   -0.506034876372627451E+00    0.418524146547399944E+00
    0.292126198186689560E-02    0.784027161137283013E+01    0.193513335219317071E+03   -0.877290134304209879E+00    0.650515482427351799E-01    0.497937484523426788E+00
    0.290159969145282201E-02    0.783815362304506547E+01    0.264012081123783673E+03   -0.604625762867339045E+00   -0.801418318922336503E+00    0.316244793485022824E+00
    0.290651196608967361E-02    0.781914557802268995E+01    0.315519665906244882E+03   -0.481531958263542226E+00   -0.944522471967593091E+00    0.227546653769452406E+00
    0.292216883759371417E-02    0.779277584199121343E+01    0.286395481819074178E+03   -0.190093879154006173E+01   -0.143776925679043632E+01    0.531107891400970589E+00
    0.290413906135343495E-02    0.778952906443029214E+01    0.278026139835268680E+03   -0.108419823229146917E+01   -0.860083485352123311E+00    0.334219415464835357E+00
    0.288641308828474627E-02    0.778614885765914000E+01    0.255639787591881600E+03    0.358385527115892888E+00   -0.344687604054207064E+00    0.147605335539076760E+00
    0.287730876842273893E-02    0.777684222461746710E+01    0.143650492669927758E+03    0.209641355280419717E+00    0.159108694353712110E+01    0.142957181647299258E+00
    0.286522889737529955E-02    0.776963154565006420E+01    0.233149716677886147E+03   -0.152159273346208046E+00   -0.782083324249994050E+00    0.553672855938337372E+00
    0.284883929530796659E-02    0.776547973530135227E+01    0.307506302769598051E+03    0.267641509210283512E+00   -0.297235031958428486E+00    0.152359577979025496E+00
    0.283466846849706128E-02    0.775982805231966033E+01    0.235574263713473499E+03   -0.103565977950564503E+01    0.991741117346817802E+00    0.935489900167572885E-01
    0.281766928054516357E-02    0.775623293443816308E+01    0.129681406306180378E+03    0.297988125654680136E+00    0.130560781074698085E+01    0.134273428291849406E+00
    0.280102996945578997E-02    0.775245363679128108E+01    0.132715139224314811E+03    0.377703207850901279E+00    0.857462611086141635E+00    0.250301961213576396E+00
    0.278169968520474787E-02    0.775067875148259144E+01    0.342909272887222869E+03   -0.124541123534699816E+01   -0.905457035189670911E+00    0.224839548426476160E+00
    0.276231494226831815E-02    0.774903987759263213E+01    0.187802420699411300E+03   -0.835073527234874158E+00    0.459238838576931485E+00    0.384938145467112580E+00
    0.275760650120457839E-02    0.773682684079095129E+01    0.293351601803993958E+03   -0.784383679750455531E-01    0.589338656381728221E+00    0.115165797347239552E-02
    0.274945238266782396E-02    0.772712451179750381E+01    0.232859493050058575E+03    0.350821415263935066E+00    0.496152061562838753E+00    0.899712914545893749E-01
    0.274512909415237623E-02    0.771464682296278337E+01    0.198875845349193810E+03   -0.829186680831134115E+00    0.153993676136119362E+01    0.375162049769955722E-01
    0.272583140038491073E-02    0.771313106306429486E+01    0.162386303604048521E+03   -0.896685920167155759E+00    0.990543186756873695E+00    0.166949917694433375E+00
    0.270566331914124780E-02    0.771235882457917565E+01    0.256327520105491772E+03   -0.490309852344924968E+00    0.581184691225844929E+00    0.117749105487648539E+00
    0.268631707314342981E-02    0.771108575289414411E+01    0.243420679149129057E+03   -0.161323887776203745E+01   -0.908840577200343169E+00    0.485481228545711074E+00
    0.267331645614906450E-02    0.770516338828596670E+01    0.147974775244342368E+03   -0.475052608384939568E+00    0.130124829162939548E+01    0.110229750259834794E+00
    0.265601932721151908E-02    0.770252101154579982E+01    0.210557789662330492E+03   -0.163114886613358423E+01    0.308426911836187756E+00    0.240970899842793101E+00
    0.264034613932036168E-02    0.769873298445926579E+01    0.260296574731664919E+03   -0.125523314420820009E+01   -0.869953888438208089E+00    0.405384118143396643E+00
    0.261998042341185771E-02    0.769859433681458771E+01    0.194727495808517574E+03   -0.492764284309375133E+00   -0.115227505299609234E+00    0.506336898974682925E+00
    0.260387811877739548E-02    0.769529919261257422E+01    0.300841613455697768E+03   -0.139042001918176439E+01   -0.140364358716601867E+01    0.464476611077392798E+00
    0.258665945903457191E-02    0.769294351020949208E+01    0.317095525458995610E+03    0.574383167207050960E-01    0.240446654525858783E+00    0.159980631299650559E-01
    0.257501026793500705E-02    0.768634598503369215E+01    0.289916476979983486E+03    0.132083388181773564E+00   -0.716442959513642563E+00    0.193498363116872102E+00
    0.255584086926862993E-02    0.768566547462920457E+01    0.344320229529595736E+03   -0.853022690390430771E+00   -0.158434366054463815E+01    0.548700110621063386E+00
    0.253766441297361822E-02    0.768431475722633994E+01    0.239218397438526154E+03    0.221003890037536621E+00   -0.100215017795562744E+01    0.397334718704223655E+00
    0.253116193235791145E-02    0.767382111011924550E+01    0.142250408498779962E+03   -0.435658561346635498E+00    0.123398081991539854E+01    0.158175996816800807E+00
    0.251659428690034900E-02    0.766974000032996095E+01    0.208103906941865063E+03   -0.248310887701307603E+00   -0.902389095300550892E+00    0.508063579150795697E+00
    0.250172352379444789E-02    0.766596822062764360E+01    0.207192101865535676E+03   -0.103108046526997699E+01   -0.534050488837287674E-01    0.322082983515268373E+00
    0.248404832389224201E-02    0.766452379245454640E+01    0.319488011186708945E+03   -0.182500683200003433E+01   -0.938987994846016250E+00    0.323982987430434133E+00
    0.246820181623945249E-02    0.766169827655926738E+01    0.247481388382720183E+03   -0.166889488070903980E+01   -0.751410269245940121E+00    0.440103634842858471E+00
    0.245659024186569569E-02    0.765550441253703795E+01    0.311007480323314667E+03   -0.697330832481384277E+00   -0.520704984664916992E+00    0.299550289607048048E+00
    0.244217812268866406E-02    0.765164739965960639E+01    0.212060545614385404E+03   -0.428241301949189301E+00    0.418847631988654712E-01    0.392204137697852784E+00
    0.243357455312943850E-02    0.764308065635214628E+01    0.175336198508739471E+03   -0.288242638111114502E+00    0.556029081344604492E+00    0.356153018760681173E+00
    0.241931888637657386E-02    0.763920593105821055E+01    0.273347721277979758E+03   -0.225465845442886614E+00   -0.269670527929871895E+00    0.136956388945713492E+00
    0.240176837620436094E-02    0.763814244944178711E+01    0.146643122082672221E+03   -0.144909617214363795E+00    0.645445720172847182E+00    0.293421344611777324E+00
    0.238394226407676654E-02    0.763741696670187586E+01    0.286106231473208425E+03   -0.146954150563261798E+01    0.762645212790387106E+00    0.382364007101401171E-01
    0.236568712482526687E-02    0.763716599077680591E+01    0.258092215516367332E+03   -0.874358273520488005E+00    0.512396538604483531E+00    0.145385407789784732E+00
    0.234881977280328776E-02    0.763585207302402580E+01    0.183756387706404411E+03   -0.902867439134047656E+00    0.164836428189891748E+00    0.469582490029885835E+00
    0.233294063092019362E-02    0.763379393796676986E+01    0.153995976509857229E+03   -0.139287558321974925E+01    0.153791552251146690E+01    0.225704169230673435E+00
    0.232932003320392806E-02    0.762127524085708785E+01    0.188975660502910614E+03   -0.137733966112136841E+01    0.782680511474609375E-01    0.370177235269546545E+00
    0.231160952553812523E-02    0.762091493592762514E+01    0.336584944148902309E+03   -0.134364208830161891E+01   -0.589441730445532386E+00    0.167695542146403226E+00
    0.240803240213261502E-02    0.753916271655129577E+01    0.315650913899496118E+03   -0.801407471082484779E+00   -0.133178684046144635E+01    0.506772851742342323E+00
    0.251349159508199374E-02    0.745343696286403290E+01    0.318904469761173800E+03   -0.104289521301829713E+01   -0.115157189617346667E+01    0.444250583013372891E+00
    0.260108938692935662E-02    0.738492197884089130E+01    0.306668839621884331E+03   -0.843870339750433018E+00   -0.160469762203692490E+01    0.540896123485280378E+00
    0.249792733143304729E-02    0.746586004217185639E+01    0.308788743615150452E+03   -0.128495150804519653E+01   -0.118309199810028076E+01    0.485956771588325509E+00
    0.235150789652911578E-02    0.758666912237560798E+01    0.293299992491422927E+03   -0.102359385054906005E+01   -0.109808077018558947E+01    0.517720889065337087E+00
    0.247363604025078922E-02    0.748540438480584314E+01    0.275366584589879608E+03   -0.968103035866283657E+00   -0.127196592604256198E+01    0.494468893444891255E+00
    0.256975650309261517E-02    0.740916038625347095E+01    0.288523971733040753E+03   -0.125389109382893271E+01   -0.123647919343325485E+01    0.507558603765530636E+00
    0.251552717302290377E-02    0.745181789708126807E+01    0.265107556621993410E+03   -0.970156366138266613E+00   -0.969020875556891426E+00    0.444288559792243687E+00
    0.243948246558360875E-02    0.751321085825604840E+01    0.292316900762925115E+03   -0.129740557882733687E+01   -0.522334066903235694E+00    0.357629809385297093E+00
    0.238227425550130911E-02    0.756067148142202505E+01    0.295341926035827896E+03   -0.170182156513603577E+01   -0.113053683640431402E+01    0.547631293624114557E+00
    0.258051855862709073E-02    0.740080194242701150E+01    0.278491171911485253E+03   -0.123014118977413456E+01   -0.107822768021983872E+01    0.492715954668909661E+00
    0.231188589806582967E-02    0.762065548824440508E+01    0.306635375012116015E+03   -0.170134618148713246E+01   -0.117756655748560313E+01    0.539038428391951263E+00
    0.236513625226119359E-02    0.757511141886534745E+01    0.295733182596245797E+03   -0.165835731593560864E+01   -0.127381874371934600E+01    0.478541228011507336E+00
    0.237576017961793140E-02    0.756614775952979635E+01    0.349454495665784179E+03   -0.151150755258805969E+01   -0.137458892013812850E+01    0.387846129032444253E+00
    0.256289111052773700E-02    0.741451076070043857E+01    0.330762697504309813E+03   -0.134571030686193671E+01   -0.906123525196742108E+00    0.320782532539265197E+00
    0.247075569239590693E-02    0.748773457896233818E+01    0.323364469119536693E+03   -0.107527278239739088E+01   -0.763892537313559217E+00    0.337602730129673900E+00
    0.252532006511767011E-02    0.744404705702047487E+01    0.302542453826690235E+03   -0.188458678210751440E+01   -0.102900262883560689E+01    0.466350208180883352E+00
    0.257366444639497505E-02    0.740612120739353319E+01    0.329034362186741419E+03   -0.123128839286030622E+01   -0.119569180974380718E+01    0.420728038440897179E+00
    0.249702153036562369E-02    0.746658541582625190E+01    0.310715139110925463E+03   -0.128254543519973385E+01   -0.945822814651775090E+00    0.415104374357507577E+00
    0.256101272351592869E-02    0.741597713255814028E+01    0.307066081464290619E+03   -0.127036654949188232E+01   -0.433887839317321777E+00    0.259457319545745857E+00
    0.256382376251316655E-02    0.741378308068014036E+01    0.324161538705562862E+03   -0.743131989593456277E+00   -0.467609244680491365E+00    0.163228174968285067E+00
    0.252088151458019572E-02    0.744756538787747946E+01    0.341620378887501829E+03   -0.719392911044160810E+00   -0.226990841918466302E+00    0.125618755266910159E+00
    0.248423296447313922E-02    0.747685479194689862E+01    0.294435073331273088E+03   -0.911909811310564589E+00   -0.515400302558154166E+00    0.323603909379128973E+00
    0.260894508059586342E-02    0.737889077143242655E+01    0.302909740210908240E+03   -0.743583026230055122E+00   -0.659793490136307170E+00    0.291333956471374222E+00
    0.259362144312607701E-02    0.739067240398853986E+01    0.243626816404077630E+03   -0.103072009036600543E+01   -0.301232390315642640E+00    0.352058959029947383E+00
    0.251987522582552232E-02    0.744836390986127128E+01    0.274403190761037649E+03   -0.137921759878143968E+01   -0.286410691261318462E-01    0.184376057094637086E+00
    0.257647225944842217E-02    0.740394043939298463E+01    0.273856301017045325E+03   -0.789199869353344186E+00   -0.293125374375216907E+00    0.276439678648730258E+00
    0.252776176020547833E-02    0.744211422049634841E+01    0.237550782606152097E+03   -0.808269046999959384E+00   -0.461177125509833807E+00    0.366647915831443072E+00
    0.257935679930650519E-02    0.740170255281747824E+01    0.253628296750430508E+03   -0.767703649877699679E+00   -0.456165975625043352E+00    0.377390014161151033E+00
    0.254323440970310750E-02    0.742990936212493747E+01    0.294837593588914160E+03   -0.832235382856046257E+00    0.143719971337098684E+00    0.119999134392952220E+00
    0.255194300452740545E-02    0.742307262016564451E+01    0.243964788255492863E+03   -0.156177383123253710E+01   -0.514835714924467780E+00    0.436796693482888687E+00
    0.243812530606576970E-02    0.751432382970959534E+01    0.263548364460321864E+03   -0.775133444710649933E+00   -0.474426361846077782E+00    0.384773872267657635E+00
    0.235023027513532774E-02    0.758775605778424556E+01    0.269361404426789363E+03   -0.197654819499241841E+01   -0.438259662038882780E+00    0.319268207345929311E+00
    0.255294767553290421E-02    0.742228539780854746E+01    0.240860176445500883E+03   -0.142954888059048790E+01   -0.253474046558142874E+00    0.386391362112103121E+00
    0.252611534567752415E-02    0.744341731081825841E+01    0.258636322868909588E+03   -0.151748906115913251E+01   -0.679075764038339358E+00    0.424997085937914132E+00
    0.233851431526861967E-02    0.759775104388304623E+01    0.241206361813772560E+03   -0.121544436969160019E+01   -0.119115392734486392E+01    0.562567365052541124E+00
    0.257207285127764550E-02    0.740735842186913640E+01    0.243312185776814204E+03   -0.136003238693464312E+01   -0.904814294460346780E+00    0.545781319561469580E+00
    0.253151888370077918E-02    0.743914373955219510E+01    0.279600581177277718E+03   -0.190561284991166002E+01   -0.297951591193927889E+00    0.306063565790276326E+00
    0.253088301790627091E-02    0.743964616177011528E+01    0.214315655827522278E+03   -0.142280828952789307E+01    0.178599357604980469E-01    0.401768654823303262E+00
    0.252857227354552194E-02    0.744147303394373960E+01    0.215721750259399414E+03   -0.133694005012512207E+01   -0.268982052803039551E+00    0.477573438906669645E+00
    0.254707720357899483E-02    0.742688966910977921E+01    0.205151289697788116E+03   -0.145493059518557422E+01    0.743068090601788356E-01    0.410072997454328569E+00
    0.236350987022070601E-02    0.757648718864172288E+01    0.233839693932200873E+03   -0.702354518330749356E+00   -0.570217196924343028E+00    0.502007930196615715E+00
    0.254732514826058482E-02    0.742669498901609249E+01    0.222834090971594975E+03   -0.134038971103778937E+01   -0.784694692330436538E-01    0.352066183684823564E+00
    0.241081000472594034E-02    0.753685709817541216E+01    0.204652369200777684E+03   -0.113798502987054451E+01   -0.474185584398613358E+00    0.480003212199012486E+00
    0.244309300286620458E-02    0.751025296198672621E+01    0.226814945664595484E+03   -0.127927134789892838E+01    0.377027443421219743E+00    0.272185563397948860E+00
    0.245985626550458735E-02    0.749657684417250003E+01    0.221760247647762299E+03   -0.135404145717620850E+01    0.933238267898559570E+00    0.129853189373016376E+00
    0.242572948619606708E-02    0.752451808692887436E+01    0.200258250148418199E+03   -0.194140523657111164E+01    0.651904983100719093E+00    0.226992761044605945E+00
    0.249457706051065247E-02    0.746854428331600140E+01    0.244717292900018890E+03   -0.125902705262189274E+01    0.553043859605972798E+00    0.158758802362238410E+00
    0.254732295238637363E-02    0.742669671307959245E+01    0.216187344091589921E+03   -0.158735212848325746E+01    0.717132899220176867E+00    0.190867798924165860E+00
    0.234698508915571124E-02    0.759051955593730554E+01    0.181345034455523091E+03   -0.173903129990143590E+01    0.642027563292650427E+00    0.256700088384138936E+00
    0.255004963331582164E-02    0.742455703728099436E+01    0.247770234358697451E+03   -0.161378670899674725E+01    0.261299065957357968E+00    0.210544613504167255E+00
    0.255070331748038755E-02    0.742404441949734561E+01    0.198044444187666443E+03   -0.152670305725693534E+01    0.124516401036734337E+01    0.958286398979723564E-01
    0.252146054445953269E-02    0.744710605380208079E+01    0.263796008033911335E+03   -0.150346279779397696E+01    0.417433539150078303E+00    0.146041784959266285E+00
    0.253309271891653809E-02    0.743790073385706130E+01    0.199482848346964659E+03   -0.104813007906200384E+01    0.132333989906723737E+01    0.595628823655361059E-01
    0.245887514385663159E-02    0.749737470978402865E+01    0.188878564469509286E+03   -0.169153443897880207E+01    0.135537438877868333E+01    0.465830428218471995E-01
    0.248643758148744433E-02    0.747508069154054056E+01    0.214804037669304648E+03   -0.939343143548091453E+00    0.971799662403221021E+00    0.116022892905624744E+00
    0.232246652113506698E-02    0.761152313015336723E+01    0.272672195732593536E+03   -0.170528709888458252E+00   -0.437142848968505859E+00    0.186206586384773248E+00
    0.236840708417569192E-02    0.757234745774565621E+01    0.244522000918072422E+03    0.112985278922339560E-01    0.173893019980670971E-01    0.246897805529292386E+00
    0.246046336996972670E-02    0.749608329536819884E+01    0.266478143632411957E+03   -0.109389257431030273E+01    0.217177271842956543E+00    0.192797886943817137E+00
    0.252811970943837231E-02    0.744183102617255976E+01    0.300124938748224395E+03   -0.108894040393981095E+01    0.362942732564356163E+00    0.583568268869688878E-01
    0.257535550926803322E-02    0.740480751045825603E+01    0.302798519733300679E+03   -0.107196617447512521E+01    0.462165672908342096E+00    0.634593750103408256E-02
    0.261601049622519352E-02    0.737348179152285610E+01    0.273536155913839480E+03   -0.343469473938141645E+00    0.123593161737016288E+00    0.118554644743211035E+00
    0.242544678226301645E-02    0.752475118827809375E+01    0.243247525629773122E+03   -0.340484808893365631E+00    0.371980190057330518E-01    0.157671134472327945E+00
    0.253976816335361099E-02    0.743263707814473307E+01    0.281387292945689637E+03   -0.531038051643450748E+00    0.383113555761576130E+00    0.659066132938587040E-01
    0.257791603314727006E-02    0.740282001644100340E+01    0.349658219516277313E+03    0.561800003051757812E-01   -0.104342639446258545E+01    0.250161986660957347E+00
    0.251539487550679315E-02    0.745192308457164820E+01    0.341030604278672513E+03    0.173129250744201713E+00   -0.127911028178898212E+01    0.303982188358448369E+00
    0.261099529329847976E-02    0.737731970918942004E+01    0.279798223477938677E+03   -0.154139600116727227E+00   -0.538713125617020339E+00    0.254244155721662646E+00
    0.242441664030421979E-02    0.752560081383208157E+01    0.277227058902142460E+03   -0.659213108319351315E+00   -0.494420889399667551E+00    0.240374399237804265E+00
    0.256739897317070746E-02    0.741099605589461952E+01    0.348589565013344668E+03   -0.212878825148704598E+00   -0.603769081745633152E+00    0.179132229055761871E+00
    0.249618266906828992E-02    0.746725741822929390E+01    0.274019372341033034E+03   -0.666740020567813119E-01   -0.685190834014873573E+00    0.270066064745291212E+00
    0.256947696925435452E-02    0.740937795476055872E+01    0.307574081249621258E+03   -0.553279031321482151E+00   -0.190264364923695695E-01    0.109836235897405390E+00
    0.241667779166793335E-02    0.753199511606030470E+01    0.325474998530074856E+03    0.282461708658159782E+00   -0.230915668292892562E+00    0.410007687058174808E-01
    0.254331799676334224E-02    0.742984363032582440E+01    0.283123547272956557E+03    0.123107766735778945E+00   -0.204639257987883738E+00    0.142479622470627898E+00
    0.235242575029933699E-02    0.758588862345637516E+01    0.284820715822877162E+03    0.110364129172794811E+00   -0.102977280183784714E+00    0.162143856858866453E+00
    0.238711645074184955E-02    0.755661042020687468E+01    0.282066270698067683E+03   -0.754723654007882772E-01   -0.560227761164165727E+00    0.202079403556378046E+00
    0.235407851202387806E-02    0.758448396156690752E+01    0.320597252468017018E+03    0.353327502670924609E+00   -0.193540973543552841E+01    0.514727343417865080E+00
    0.252312926180472789E-02    0.744578287989090271E+01    0.260711011815162237E+03   -0.577423331340985779E+00   -0.943857891003451854E+00    0.422818854879205341E+00
    0.234930995976129642E-02    0.758853938154767693E+01    0.262989836931228638E+03    0.254334986209869385E+00   -0.147442877292633057E+01    0.567428607773780791E+00
    0.232043149649526501E-02    0.761327636682787023E+01    0.229160311466276710E+03   -0.202275732103638806E+00   -0.126365346631504716E+01    0.546481583456782993E+00
    0.254358147962392960E-02    0.742963644489820041E+01    0.253960326109627090E+03   -0.424653257415821717E+00   -0.553405507216537806E+00    0.394945702692176270E+00
    0.256497086674439953E-02    0.741288844220597198E+01    0.238179230808995413E+03    0.122617524540480360E-01   -0.699822717515337978E+00    0.428942098114739545E+00
    0.247669331240807930E-02    0.748293402590388812E+01    0.264734743454098407E+03    0.729623836965394013E-01   -0.109327409513080465E+01    0.396787914895453397E+00
    0.232634023691892728E-02    0.760819004544408450E+01    0.231024886224923961E+03    0.215748056122081699E+00   -0.971289882238128399E+00    0.530289582779696400E+00
    0.234208690582692752E-02    0.759469793930666004E+01    0.255707344819930995E+03   -0.130264013483490704E+00   -0.101231399399666167E+01    0.396671228768879891E+00
    0.238215835316097756E-02    0.756076878773308358E+01    0.269646742369825290E+03    0.243694390540028394E+00   -0.141318621738877725E+01    0.527248441836023929E+00
    0.255168890204489178E-02    0.742327177440511488E+01    0.178330733910854832E+03   -0.731309676059396896E+00   -0.220189550736655804E-01    0.493838969763977953E+00
    0.257582019730482606E-02    0.740444667008741852E+01    0.224355296567575806E+03   -0.535086647706123131E+00   -0.624716433104694602E+00    0.501277691147326232E+00
    0.259183157881720918E-02    0.739205308519218818E+01    0.172854712273865061E+03    0.138847779413557859E-01   -0.149032009595746473E+00    0.477757325104810615E+00
    0.261946130131477696E-02    0.737084531043939073E+01    0.189254736771218347E+03   -0.266279542129174374E+00   -0.390925954166471357E+00    0.491931084931105933E+00
    0.250997304517702139E-02    0.745623865510819783E+01    0.206977722517527582E+03   -0.281186403079746405E+00   -0.525935757918363223E+00    0.441953184978573721E+00
    0.262382168452675920E-02    0.736751885697201914E+01    0.178576987096216840E+03   -0.395288366367878563E+00    0.202855778282984289E-01    0.425175109700937803E+00
    0.241597669156289963E-02    0.753257541834542366E+01    0.216552977408078164E+03   -0.233773657917888400E-01   -0.356457275544132202E+00    0.325969857776933103E+00
    0.234869233167314543E-02    0.758906524599251497E+01    0.216537261250200288E+03   -0.251921853646794869E+00   -0.401412514035424550E+00    0.484229531068549268E+00
    0.256814033834449696E-02    0.741041861688853309E+01    0.194991990133535580E+03    0.676606075600281187E-01   -0.259049813171538190E+00    0.424339830977185306E+00
    0.236099971426207604E-02    0.757861240917514500E+01    0.181089551679518934E+03   -0.140541708633943907E+01    0.102745224273659819E+01    0.245815912415372567E+00
    0.242641926953491606E-02    0.752394944538203170E+01    0.162295873884488685E+03   -0.973857787315337564E+00    0.332721615014319738E+00    0.501955831107230632E+00
    0.254997073151312301E-02    0.742461892080071451E+01    0.176125905438750834E+03   -0.132955891084398248E+01    0.319362212342393370E+00    0.390875968811884300E+00
    0.253055919537694112E-02    0.743990207501865264E+01    0.167616434266921544E+03   -0.940688720191622529E+00    0.671025884234429881E+00    0.361296851010463715E+00
    0.259835765380106182E-02    0.738702353568587711E+01    0.131512711520119097E+03   -0.209587955264343595E+00    0.717249817836944636E+00    0.449222093043367798E+00
    0.253960945924170713E-02    0.743276205732426654E+01    0.151915471255779266E+03   -0.119657182693481445E+01    0.727231502532958984E+00    0.363701661944389354E+00
    0.237665365257825646E-02    0.756539574339450560E+01    0.133505687117576599E+03   -0.117504870891571045E+01    0.154073476791381836E+01    0.301624372744560276E+00
    0.255226575901534858E-02    0.742281968812205051E+01    0.137757382024894667E+03   -0.165182633435334925E+01    0.142313326427996323E+01    0.282415059630227339E+00
    0.244235006487605226E-02    0.751086124908419173E+01    0.176181902406018168E+03   -0.157318553786678517E+01    0.116312286932986453E+01    0.224199382540895942E+00
    0.231832345560087751E-02    0.761509413134552204E+01    0.146089352342203199E+03   -0.107169500094170811E+01    0.138084110971132645E+01    0.289450875147945097E+00
    0.251139811339262577E-02    0.745510345262356910E+01    0.155414388405838110E+03   -0.166309598602832009E+00    0.520161360626023139E+00    0.323540144792595519E+00
    0.235694578323531519E-02    0.758204944084633681E+01    0.172157534003381045E+03   -0.739355107187661398E+00    0.278940491355212927E+00    0.342098643306008088E+00
    0.243630479184917372E-02    0.751581775967857801E+01    0.173002009585482313E+03   -0.384113759934079591E+00    0.688572679111752350E+00    0.316497542330730575E+00
    0.246909360419005812E-02    0.748908044048060084E+01    0.150561615774811287E+03   -0.830340515983584604E+00    0.958758375651718175E+00    0.258580182008454507E+00
    0.242426144847398195E-02    0.752572884198940351E+01    0.144618558601392010E+03   -0.846311952603684636E+00    0.156103506984119633E+01    0.215863212302291552E+00
    0.258800820814521866E-02    0.739500558683208364E+01    0.172629080858811108E+03   -0.726890519862326556E+00    0.973700481788850603E+00    0.223078377405045880E+00
    0.237978018089790491E-02    0.756276643843250085E+01    0.159268111185993035E+03    0.148168468814412702E+00    0.364839047930690441E+00    0.408541661036353698E+00
    0.262287942683270920E-02    0.736823721899355100E+01    0.133058966311396858E+03   -0.403193832844261024E+00    0.729571292655023740E+00    0.434788570116087569E+00
    0.236324231259889880E-02    0.757671360848498310E+01    0.185573922097682953E+03   -0.788888752460479736E+00    0.137714207172393799E+01    0.978564856767654423E-01
    0.259200931415888135E-02    0.739191593951552761E+01    0.151162827220092367E+03   -0.998926864268994574E+00    0.193415016339693935E+01    0.201250286160330888E-01
    0.236420709080461958E-02    0.757589728819318076E+01    0.147032272904575223E+03   -0.667277968464458304E+00    0.211961537726227256E+01    0.395222450353256219E-01
    0.262168629581363121E-02    0.736914721314960453E+01    0.175677110755801863E+03   -0.453858016926647512E+00    0.127755599226595784E+01    0.841580364306700052E-01
    0.255179379628253872E-02    0.742318956055715162E+01    0.145611527384637441E+03   -0.311398283257650288E+00    0.175012746093100091E+01    0.284435917361652406E-01
    0.259097046409358491E-02    0.739271767915075895E+01    0.184845436804909809E+03   -0.100931795775158406E+01    0.122953292912625667E+01    0.821953548190807737E-01
    0.235681849721520054E-02    0.758215745305277800E+01    0.171391503351949581E+03    0.332159875143167582E+00    0.882109082154536317E+00    0.156131829929477550E+00
    0.261572520975833370E-02    0.737369991146100023E+01    0.165595776888201868E+03   -0.244257971260477103E+00    0.140625787928328094E+01    0.615544728788264203E-01
    0.262298239157302384E-02    0.736815870778308035E+01    0.190606632907762048E+03   -0.434254351385244375E+00    0.125834933591809417E+01    0.339153672331164377E-01
    0.244326102327726809E-02    0.751011541942617367E+01    0.155602811629761135E+03    0.231701613671523088E+00    0.761887598972139202E+00    0.223629169336561684E+00
    0.244172107393015887E-02    0.751137638568355470E+01    0.154456521375341538E+03    0.105226355389469006E+00    0.116673241253962168E+01    0.105721357709538777E+00
    0.235373606448792058E-02    0.758477492250514906E+01    0.129594202077344022E+03    0.362603940187486984E-01    0.156238941662271724E+01    0.100181830484127224E+00
    0.256534026880223844E-02    0.741260042688002674E+01    0.174848490684558982E+03   -0.118283030259329602E+01    0.136343179942020853E+01    0.885414751796900490E-01
    0.259038130955359901E-02    0.739317250605174259E+01    0.148039888726216248E+03   -0.408979614284665782E+00    0.154310350468167101E+01    0.959864478762111895E-01
    0.260807248917647528E-02    0.737955980611813267E+01    0.166682221558954154E+03   -0.454109739695691683E-01    0.141406650468061468E+01    0.587912145976268244E-01
    0.240106636743221474E-02    0.754495676646060875E+01    0.175150406557854097E+03    0.291258359983150861E+00    0.507846620024857920E+00    0.209615222678108865E+00
